1.00000000e+00 0.00000000e+00 0.00000000e+00 0.00000000e+00 0.00000000e+00 1.00000000e+00 0.00000000e+00 0.00000000e+00 0.00000000e+00 0.00000000e+00 1.00000000e+00 0.00000000e+00
9.99959930e-01 -8.88092716e-03 -1.11893704e-03 1.03175251e-03 8.87729456e-03 9.99955471e-01 -3.21005687e-03 7.44355731e-04 1.14739546e-03 3.19999517e-03 9.99994225e-01 -5.83536737e-03
9.99194839e-01 -2.93674478e-02 2.73362174e-02 -1.52981890e-02 2.94861022e-02 9.99557473e-01 -3.94757317e-03 -9.76805475e-04 -2.72081867e-02 4.75043329e-03 9.99618507e-01 -2.06914274e-02
9.96973141e-01 -4.70034897e-02 6.19286623e-02 -3.58403765e-02 4.70450462e-02 9.98892565e-01 7.87659913e-04 -5.42898250e-03 -6.18970896e-02 2.12816143e-03 9.98080269e-01 -3.28514327e-02
9.95853081e-01 -4.33999745e-02 7.99566046e-02 -4.89825101e-02 4.34454874e-02 9.99055195e-01 1.17115440e-03 -4.66291509e-03 -7.99318786e-02 2.30745633e-03 9.96797636e-01 -4.89773477e-02
9.95358309e-01 -3.86378514e-02 8.81413386e-02 -5.43556035e-02 3.91665522e-02 9.99223618e-01 -4.27615401e-03 5.93315875e-04 -8.79076743e-02 7.70849791e-03 9.96098781e-01 -6.74576602e-02
9.90539436e-01 -2.93927845e-02 1.34042949e-01 -8.51652177e-02 3.09257084e-02 9.99477819e-01 -9.36793444e-03 6.11161659e-03 -1.33697593e-01 1.34246817e-02 9.90931228e-01 -7.36004230e-02
9.91808471e-01 -2.73621596e-02 1.24768153e-01 -7.79478966e-02 3.05690585e-02 9.99247841e-01 -2.38608961e-02 1.72841879e-02 -1.24021415e-01 2.74794833e-02 9.91898927e-01 -8.26403524e-02
9.88703769e-01 -3.54048198e-03 1.49840359e-01 -9.89455490e-02 8.24107145e-03 9.99492773e-01 -3.07614048e-02 3.08630648e-02 -1.49655449e-01 3.16487620e-02 9.88231482e-01 -9.03885710e-02
9.89522707e-01 8.42303111e-03 1.44130867e-01 -9.39834622e-02 -1.90905927e-03 9.98972819e-01 -4.52736414e-02 4.64439125e-02 -1.44364160e-01 4.45241419e-02 9.88522366e-01 -9.11721638e-02
9.87206121e-01 3.56658445e-02 1.55408866e-01 -9.98806302e-02 -2.67931966e-02 9.97909107e-01 -5.88182160e-02 6.24360293e-02 -1.57181722e-01 5.39018001e-02 9.86097597e-01 -9.08156956e-02
9.82001264e-01 6.64124466e-02 1.76812526e-01 -1.11624922e-01 -5.35555701e-02 9.95628363e-01 -7.65244476e-02 8.24205622e-02 -1.81121738e-01 6.56778121e-02 9.81265110e-01 -9.12078776e-02
9.77722595e-01 7.70302715e-02 1.95255350e-01 -1.29315706e-01 -6.39639374e-02 9.95324514e-01 -7.23725730e-02 8.99094617e-02 -1.99917309e-01 5.82710035e-02 9.78078435e-01 -9.17935642e-02
9.74501585e-01 7.01191284e-02 2.13142643e-01 -1.46042185e-01 -5.65041620e-02 9.95993133e-01 -6.93187115e-02 9.65472072e-02 -2.17149168e-01 5.55077540e-02 9.74558865e-01 -9.19345958e-02
9.72199008e-01 5.84310372e-02 2.26748070e-01 -1.62165334e-01 -4.52538808e-02 9.96994217e-01 -6.28874996e-02 1.01640940e-01 -2.29741075e-01 5.08779454e-02 9.71920939e-01 -9.26065809e-02
9.70002718e-01 2.48033220e-02 2.41824913e-01 -1.78572972e-01 -1.07838713e-02 9.98192371e-01 -5.91258135e-02 1.03321799e-01 -2.42854292e-01 5.47444031e-02 9.68516700e-01 -9.07920180e-02
9.68743071e-01 2.70488830e-02 2.46586740e-01 -1.85878727e-01 -1.52699085e-02 9.98654665e-01 -4.95560678e-02 1.09448336e-01 -2.47595439e-01 4.42417520e-02 9.67852730e-01 -8.80547041e-02
9.70392564e-01 3.16554889e-02 2.39449529e-01 -1.83293423e-01 -2.26019906e-02 9.98925452e-01 -4.04622471e-02 1.14208705e-01 -2.40473099e-01 3.38522388e-02 9.70065178e-01 -8.49585320e-02
9.70380975e-01 4.06989819e-02 2.38126439e-01 -1.83354566e-01 -3.43110152e-02 9.98933079e-01 -3.09113064e-02 1.18050627e-01 -2.39130467e-01 2.18253970e-02 9.70741944e-01 -8.10361065e-02
9.68734132e-01 5.28391300e-02 2.42408864e-01 -1.85279698e-01 -4.89669977e-02 9.98558657e-01 -2.19751217e-02 1.21080977e-01 -2.43220652e-01 9.41803055e-03 9.69925065e-01 -7.74871633e-02
9.68225844e-01 6.05023799e-02 2.42647836e-01 -1.82716339e-01 -5.80055179e-02 9.98164135e-01 -1.74279704e-02 1.23213470e-01 -2.43256835e-01 2.79931260e-03 9.69957677e-01 -7.40941852e-02
9.65940369e-01 6.97615379e-02 2.49183342e-01 -1.82478060e-01 -6.93457374e-02 9.97537905e-01 -1.04578547e-02 1.23474061e-01 -2.49299415e-01 -7.17812306e-03 9.68399646e-01 -7.22368937e-02
9.68195560e-01 8.92327060e-02 2.33740484e-01 -1.73196182e-01 -9.08692576e-02 9.95855711e-01 -3.78056563e-03 1.23763207e-01 -2.33109175e-01 -1.75794827e-02 9.72291418e-01 -7.50318560e-02
9.74503960e-01 1.06400165e-01 1.97536737e-01 -1.53138552e-01 -1.06941575e-01 9.94233477e-01 -7.95604459e-03 1.27390769e-01 -1.97244214e-01 -1.33716794e-02 9.80262927e-01 -7.83941387e-02
9.81922525e-01 1.24215777e-01 1.42822432e-01 -1.26176723e-01 -1.22732926e-01 9.92254357e-01 -1.91805293e-02 1.32710342e-01 -1.44098769e-01 1.30478764e-03 9.89562137e-01 -8.23654216e-02
9.86943058e-01 1.36285537e-01 8.58450247e-02 -9.81118774e-02 -1.34042043e-01 9.90477887e-01 -3.14047727e-02 1.36905210e-01 -8.93076817e-02 1.94878863e-02 9.95813147e-01 -8.34780284e-02
9.88688704e-01 1.46209670e-01 3.34228352e-02 -7.19909315e-02 -1.44612199e-01 9.88415764e-01 -4.60608635e-02 1.39611510e-01 -3.97702712e-02 4.07065080e-02 9.98379086e-01 -8.13980616e-02
9.87345771e-01 1.56928745e-01 -2.28333102e-02 -4.54714775e-02 -1.58045033e-01 9.85584307e-01 -6.03771464e-02 1.41371466e-01 1.30291638e-02 6.32218117e-02 9.97914194e-01 -7.65998549e-02
9.82154013e-01 1.69470816e-01 -8.15642595e-02 -1.82456373e-02 -1.75490482e-01 9.81746053e-01 -7.33337433e-02 1.41822346e-01 6.76473799e-02 8.63387825e-02 9.93966207e-01 -7.21652779e-02
9.76739623e-01 1.73180785e-01 -1.26442640e-01 -5.75409856e-04 -1.84326480e-01 9.79400432e-01 -8.24538102e-02 1.41374298e-01 1.09558472e-01 1.03842629e-01 9.88540863e-01 -7.41077997e-02
9.74049039e-01 1.77562670e-01 -1.40355139e-01 1.99987699e-03 -1.93884528e-01 9.74534233e-01 -1.12658346e-01 1.54030937e-01 1.16776878e-01 1.36947439e-01 9.83670669e-01 -8.95389512e-02
9.67842158e-01 1.93431561e-01 -1.60827520e-01 -3.71303207e-04 -2.14935174e-01 9.68050459e-01 -1.29155894e-01 1.56007292e-01 1.30706248e-01 1.59569994e-01 9.78495093e-01 -9.34370187e-02
9.58169120e-01 1.92598142e-01 -2.11701623e-01 2.19197018e-02 -2.25651777e-01 9.63377320e-01 -1.44863833e-01 1.54186411e-01 1.76047942e-01 1.86574886e-01 9.66538285e-01 -8.50344010e-02
9.49409689e-01 1.90923122e-01 -2.49337606e-01 3.67824891e-02 -2.34732000e-01 9.58874289e-01 -1.59565098e-01 1.52288573e-01 2.08618661e-01 2.10020149e-01 9.55180123e-01 -8.05068002e-02
9.42896749e-01 1.87782780e-01 -2.75105452e-01 4.35862883e-02 -2.41351984e-01 9.54388833e-01 -1.75758834e-01 1.51555632e-01 2.29553005e-01 2.32119653e-01 9.45211686e-01 -7.61833271e-02
9.37352059e-01 1.86002713e-01 -2.94573899e-01 4.64961606e-02 -2.48964143e-01 9.49102660e-01 -1.92927393e-01 1.50667743e-01 2.43695775e-01 2.54179198e-01 9.35951121e-01 -7.34454309e-02
9.35996103e-01 1.85629486e-01 -2.99086408e-01 3.97626479e-02 -2.55138945e-01 9.43128103e-01 -2.13104562e-01 1.51332980e-01 2.42518217e-01 2.75773598e-01 9.30125299e-01 -7.36564314e-02
9.35595207e-01 1.87414181e-01 -2.99227572e-01 3.00459860e-02 -2.62152551e-01 9.36436643e-01 -2.33157597e-01 1.52574332e-01 2.36510533e-01 2.96584375e-01 9.25256545e-01 -7.52099598e-02
9.37545479e-01 1.86822188e-01 -2.93437561e-01 1.70874912e-02 -2.64607324e-01 9.30589332e-01 -2.52955665e-01 1.55084376e-01 2.25812033e-01 3.14803136e-01 9.21904100e-01 -7.81335727e-02
9.40009783e-01 1.86095822e-01 -2.85918955e-01 4.94788192e-03 -2.65955384e-01 9.24654534e-01 -2.72546966e-01 1.58420239e-01 2.13656303e-01 3.32238446e-01 9.18677275e-01 -8.29990830e-02
9.43111469e-01 1.81781926e-01 -2.78380825e-01 -5.24746859e-03 -2.63335839e-01 9.19554321e-01 -2.91674933e-01 1.62503676e-01 2.02964959e-01 3.48389546e-01 9.15111656e-01 -8.91424547e-02
9.46682921e-01 1.74680015e-01 -2.70699166e-01 -1.47666298e-02 -2.57773170e-01 9.14709104e-01 -3.11224091e-01 1.67206018e-01 1.93246252e-01 3.64409454e-01 9.10967086e-01 -9.45135837e-02
9.50174401e-01 1.71923734e-01 -2.60020162e-01 -3.05724193e-02 -2.54516194e-01 9.09488277e-01 -3.28713748e-01 1.72107907e-01 1.79971485e-01 3.78514671e-01 9.07929675e-01 -9.98011215e-02
9.52158965e-01 1.73726353e-01 -2.51420173e-01 -4.69157216e-02 -2.55733921e-01 9.03363005e-01 -3.44289880e-01 1.77663863e-01 1.67311359e-01 3.92115288e-01 9.04572755e-01 -1.04367783e-01
9.53882718e-01 1.80219249e-01 -2.40059188e-01 -6.52124523e-02 -2.59525212e-01 8.96997290e-01 -3.57830462e-01 1.83568150e-01 1.50844397e-01 4.03629623e-01 9.02401533e-01 -1.08370603e-01
9.55263437e-01 1.88303379e-01 -2.28064068e-01 -8.47969772e-02 -2.63724100e-01 8.91369260e-01 -3.68660414e-01 1.89881609e-01 1.33869197e-01 4.12313710e-01 9.01152522e-01 -1.12056776e-01
9.57587251e-01 1.93872828e-01 -2.13165767e-01 -1.05905538e-01 -2.63863178e-01 8.87240552e-01 -3.78392032e-01 1.96215321e-01 1.15769275e-01 4.18589876e-01 9.00766040e-01 -1.15678864e-01
9.57092786e-01 2.04642074e-01 -2.05169925e-01 -1.24770462e-01 -2.70989160e-01 8.82877873e-01 -3.83525271e-01 2.02592553e-01 1.02654480e-01 4.22667987e-01 9.00451709e-01 -1.19682076e-01
9.55143879e-01 2.16013903e-01 -2.02577984e-01 -1.40828921e-01 -2.80492876e-01 8.79316742e-01 -3.84871256e-01 2.08445762e-01 9.49925768e-02 4.24429004e-01 9.00464227e-01 -1.24281569e-01
9.53855475e-01 2.26738722e-01 -1.96847446e-01 -1.56719351e-01 -2.87823587e-01 8.77196912e-01 -3.84295763e-01 2.13625714e-01 8.55391491e-02 4.23219880e-01 9.01979674e-01 -1.28756438e-01
9.51249812e-01 2.37958143e-01 -1.96212579e-01 -1.70639751e-01 -2.97426560e-01 8.76109464e-01 -3.79433413e-01 2.18001497e-01 8.16143367e-02 4.19294713e-01 9.04173865e-01 -1.34127199e-01
9.48853131e-01 2.50856629e-01 -1.91698478e-01 -1.85435269e-01 -3.07056415e-01 8.74483219e-01 -3.75493711e-01 2.23117948e-01 7.34419256e-02 4.15150568e-01 9.06783106e-01 -1.40436171e-01
9.46631952e-01 2.65019950e-01 -1.83444915e-01 -2.01490820e-01 -3.16538069e-01 8.71685231e-01 -3.74123715e-01 2.29073548e-01 6.07558922e-02 4.12224692e-01 9.09053788e-01 -1.45519857e-01
9.44592483e-01 2.77941196e-01 -1.74623391e-01 -2.16510453e-01 -3.24721760e-01 8.68983218e-01 -3.73395181e-01 2.34832249e-01 4.79628117e-02 4.09410234e-01 9.11088410e-01 -1.50216087e-01
9.42289487e-01 2.90468178e-01 -1.66488399e-01 -2.31901182e-01 -3.32836539e-01 8.66489804e-01 -3.72042051e-01 2.40168341e-01 3.61940429e-02 4.05984658e-01 9.13162501e-01 -1.53242300e-01
9.41383523e-01 3.01908215e-01 -1.50492980e-01 -2.51116908e-01 -3.36924238e-01 8.63562305e-01 -3.75156241e-01 2.46906408e-01 1.66972397e-02 4.03870559e-01 9.14663338e-01 -1.55358594e-01
9.40411268e-01 3.13065076e-01 -1.32727653e-01 -2.70873098e-01 -3.40003582e-01 8.60101685e-01 -3.80292869e-01 2.54356821e-01 -4.89720834e-03 4.02759484e-01 9.15292330e-01 -1.56914621e-01
9.38149096e-01 3.26139181e-01 -1.16229705e-01 -2.88160679e-01 -3.45218476e-01 8.55462832e-01 -3.86015071e-01 2.61565877e-01 -2.64645102e-02 4.02264206e-01 9.15140684e-01 -1.58921110e-01
9.36168174e-01 3.38497659e-01 -9.49125116e-02 -3.05181077e-01 -3.47670293e-01 8.51438538e-01 -3.92654957e-01 2.67959433e-01 -5.21006697e-02 4.00589204e-01 9.14774922e-01 -1.59472288e-01
9.33092638e-01 3.52611109e-01 -7.07348811e-02 -3.23600855e-01 -3.50505611e-01 8.47602169e-01 -3.98392462e-01 2.74375082e-01 -8.05226114e-02 3.96529916e-01 9.14483210e-01 -1.59525328e-01
9.28425689e-01 3.68741113e-01 -4.53380228e-02 -3.42958760e-01 -3.54769074e-01 8.43715396e-01 -4.02844077e-01 2.80675815e-01 -1.10292818e-01 3.90095189e-01 9.14144763e-01 -1.59702231e-01
9.22846780e-01 3.84716436e-01 -1.86249425e-02 -3.63657389e-01 -3.58347425e-01 8.39855184e-01 -4.07713706e-01 2.86419906e-01 -1.41211940e-01 3.82931355e-01 9.12919556e-01 -1.58712018e-01
9.15798768e-01 4.01605892e-01 5.01246035e-03 -3.81581233e-01 -3.64052134e-01 8.35305328e-01 -4.11984411e-01 2.91665986e-01 -1.69642322e-01 3.75469917e-01 9.11176789e-01 -1.57578406e-01
9.08204918e-01 4.17395670e-01 3.07320770e-02 -4.00301910e-01 -3.67895661e-01 8.31191395e-01 -4.16861808e-01 2.97158529e-01 -1.99540557e-01 3.67289657e-01 9.08449886e-01 -1.55874066e-01
9.00323045e-01 4.31942285e-01 5.33288209e-02 -4.17086768e-01 -3.71787379e-01 8.27004012e-01 -4.21709080e-01 3.02113219e-01 -2.26257132e-01 3.59847336e-01 9.05161253e-01 -1.54221776e-01
8.91876705e-01 4.45545871e-01 7.77457402e-02 -4.35768202e-01 -3.74007247e-01 8.23207341e-01 -4.27139539e-01 3.07222786e-01 -2.54311127e-01 3.51878256e-01 9.00836706e-01 -1.52104281e-01
8.81373539e-01 4.59986704e-01 1.07668588e-01 -4.58513533e-01 -3.74173147e-01 8.18840166e-01 -4.35310496e-01 3.14853631e-01 -2.88400386e-01 3.43384369e-01 8.93818608e-01 -1.48369490e-01
8.69562213e-01 4.76885151e-01 1.28224853e-01 -4.79020173e-01 -3.80373928e-01 8.12409249e-01 -4.41935297e-01 3.20596017e-01 -3.14923413e-01 3.35516768e-01 8.87835017e-01 -1.43253210e-01
8.63611174e-01 4.85357332e-01 1.36394647e-01 -4.86090355e-01 -3.84158155e-01 8.08716372e-01 -4.45421450e-01 3.28461063e-01 -3.26493129e-01 3.32273769e-01 8.84870388e-01 -1.44478265e-01
8.57396391e-01 4.89921060e-01 1.57633733e-01 -5.03197349e-01 -3.79311804e-01 8.08559394e-01 -4.49838083e-01 3.36615294e-01 -3.47841343e-01 3.25897142e-01 8.79088608e-01 -1.42007710e-01
8.46419009e-01 4.99261883e-01 1.85234849e-01 -5.24836167e-01 -3.75980076e-01 8.06623468e-01 -4.56067514e-01 3.41377634e-01 -3.77111830e-01 3.16379538e-01 8.70453905e-01 -1.33972366e-01
8.34171290e-01 5.11018491e-01 2.07407675e-01 -5.45699683e-01 -3.76806346e-01 8.02704681e-01 -4.62257800e-01 3.45911595e-01 -4.02709294e-01 3.07449588e-01 8.62148132e-01 -1.25983515e-01
8.23724743e-01 5.19071601e-01 2.28126672e-01 -5.67064169e-01 -3.76030728e-01 8.01261496e-01 -4.65382619e-01 3.49527202e-01 -4.24355922e-01 2.97564477e-01 8.55205724e-01 -1.17453408e-01
8.12402222e-01 5.27161565e-01 2.49204511e-01 -5.89143689e-01 -3.76477643e-01 8.00573566e-01 -4.66204491e-01 3.52512335e-01 -4.45271540e-01 2.84925576e-01 8.48852202e-01 -1.08109028e-01
8.00174114e-01 5.34757030e-01 2.71580312e-01 -6.10984106e-01 -3.75947650e-01 8.00012964e-01 -4.67592448e-01 3.55240061e-01 -4.67316011e-01 2.72055328e-01 8.41190265e-01 -9.80641679e-02
7.88306230e-01 5.41281930e-01 2.92552048e-01 -6.31809508e-01 -3.73831555e-01 7.99003935e-01 -4.71001843e-01 3.58754435e-01 -4.88694931e-01 2.61928452e-01 8.32207969e-01 -8.73305077e-02
7.77182499e-01 5.48946159e-01 3.07644329e-01 -6.49095203e-01 -3.72800761e-01 7.95509442e-01 -4.77686491e-01 3.63064967e-01 -5.06958036e-01 2.56559488e-01 8.22903489e-01 -7.74691512e-02
7.67598423e-01 5.49037010e-01 3.30682048e-01 -6.70874086e-01 -3.64102640e-01 7.98143926e-01 -4.79995451e-01 3.65364641e-01 -5.27467027e-01 2.48041478e-01 8.12559780e-01 -6.56852184e-02
7.56736355e-01 5.50138223e-01 3.53125510e-01 -6.92408974e-01 -3.56163538e-01 7.99928916e-01 -4.82971409e-01 3.67469350e-01 -5.48176198e-01 2.39711515e-01 8.01274454e-01 -5.40234225e-02
7.45451892e-01 5.51972612e-01 3.73667321e-01 -7.13611400e-01 -3.48026707e-01 8.00420368e-01 -4.88062209e-01 3.70271452e-01 -5.68487779e-01 2.33780621e-01 7.88776089e-01 -4.15465479e-02
7.33645154e-01 5.53099555e-01 3.94772394e-01 -7.35055932e-01 -3.38312676e-01 8.01125187e-01 -4.93703392e-01 3.73653589e-01 -5.89329133e-01 2.28646529e-01 7.74862164e-01 -2.85809439e-02
7.16563120e-01 5.59879156e-01 4.16019520e-01 -7.56153661e-01 -3.33513711e-01 7.98838925e-01 -5.00624646e-01 3.78608916e-01 -6.12621822e-01 2.19980860e-01 7.59145839e-01 -1.60430727e-02
7.05793174e-01 5.59155917e-01 4.34971655e-01 -7.75369770e-01 -3.21952872e-01 8.00109477e-01 -5.06133686e-01 3.81728478e-01 -6.31032482e-01 2.17185232e-01 7.44733610e-01 -1.78664159e-03
6.95259293e-01 5.57091710e-01 4.54161949e-01 -7.94547280e-01 -3.08988994e-01 8.02162196e-01 -5.10942065e-01 3.84650862e-01 -6.48953010e-01 2.14906072e-01 7.29845870e-01 1.29192390e-02
6.88909253e-01 5.55058572e-01 4.66169282e-01 -8.07375951e-01 -2.98364484e-01 8.03264187e-01 -5.15505090e-01 3.85384712e-01 -6.60592468e-01 2.16047757e-01 7.18985838e-01 2.48235726e-02
6.77536619e-01 5.56726071e-01 4.80624551e-01 -8.21797434e-01 -2.90888288e-01 8.03032459e-01 -5.20118321e-01 3.86737392e-01 -6.75520422e-01 2.12591055e-01 7.06028917e-01 3.78584565e-02
6.62752599e-01 5.57368879e-01 5.00098582e-01 -8.39695203e-01 -2.81189916e-01 8.04194662e-01 -5.23644222e-01 3.88796097e-01 -6.94039534e-01 2.06423796e-01 6.89708554e-01 5.28908461e-02
6.48883501e-01 5.55162983e-01 5.20330657e-01 -8.57904926e-01 -2.67173230e-01 8.06544672e-01 -5.27355949e-01 3.91390384e-01 -7.12438342e-01 2.03174046e-01 6.71678147e-01 6.93889845e-02
6.32809864e-01 5.54778033e-01 5.40159889e-01 -8.75640890e-01 -2.54871289e-01 8.07970237e-01 -5.31248384e-01 3.94043339e-01 -7.31157968e-01 1.98507877e-01 6.52688453e-01 8.63620177e-02
6.15780761e-01 5.56661724e-01 5.57621255e-01 -8.92458230e-01 -2.43802234e-01 8.07598406e-01 -5.36978028e-01 3.97191095e-01 -7.49249092e-01 1.94711345e-01 6.33018829e-01 1.03162896e-01
5.97999183e-01 5.57950452e-01 5.75402430e-01 -9.08986592e-01 -2.32154606e-01 8.07713553e-01 -5.41943889e-01 4.00413329e-01 -7.67138122e-01 1.90499596e-01 6.12542693e-01 1.21841401e-01
5.77607881e-01 5.60687128e-01 5.93294808e-01 -9.25302920e-01 -2.21956580e-01 8.07286898e-01 -5.46830143e-01 4.03424793e-01 -7.85559718e-01 1.84167627e-01 5.90743378e-01 1.41289176e-01
5.59434629e-01 5.63939410e-01 6.07457696e-01 -9.40002231e-01 -2.11885746e-01 8.05819278e-01 -5.52955438e-01 4.08413604e-01 -8.01334519e-01 1.80630700e-01 5.70293843e-01 1.59402039e-01
5.42687058e-01 5.67015181e-01 6.19664611e-01 -9.53511039e-01 -1.99539029e-01 8.03665008e-01 -5.60630722e-01 4.14235194e-01 -8.15888879e-01 1.80599665e-01 5.49280151e-01 1.78507321e-01
5.27264352e-01 5.70023183e-01 6.30131435e-01 -9.66216169e-01 -1.89201089e-01 8.01734898e-01 -5.66942874e-01 4.19792234e-01 -8.28368910e-01 1.79707102e-01 5.30575132e-01 1.97454533e-01
5.11525830e-01 5.73192752e-01 6.40149328e-01 -9.78102091e-01 -1.78643064e-01 7.99656798e-01 -5.73267678e-01 4.24760484e-01 -8.40492583e-01 1.78882887e-01 5.11441874e-01 2.16991607e-01
4.95823603e-01 5.76676260e-01 6.49309809e-01 -9.89689910e-01 -1.69020572e-01 7.97472200e-01 -5.79197971e-01 4.29671711e-01 -8.51816201e-01 1.77433196e-01 4.92875566e-01 2.36515363e-01
4.81119175e-01 5.80461471e-01 6.56954073e-01 -1.00043356e+00 -1.60267971e-01 7.94996873e-01 -5.85059271e-01 4.34198039e-01 -8.61880765e-01 1.76194419e-01 4.75517462e-01 2.56292215e-01
4.66788554e-01 5.85024332e-01 6.63215560e-01 -1.01095864e+00 -1.53886267e-01 7.92221642e-01 -5.90511775e-01 4.38739299e-01 -8.70877416e-01 1.73584246e-01 4.59827026e-01 2.75651223e-01
4.53708236e-01 5.89797404e-01 6.68047733e-01 -1.02114354e+00 -1.47676776e-01 7.89042972e-01 -5.96324621e-01 4.43756095e-01 -8.78828995e-01 1.71902137e-01 4.45094487e-01 2.94520462e-01
4.40390991e-01 5.95962794e-01 6.71478999e-01 -1.03012758e+00 -1.42852164e-01 7.84896642e-01 -6.02935193e-01 4.48454223e-01 -8.86368461e-01 1.69604888e-01 4.30795766e-01 3.13781947e-01
4.29213080e-01 6.04298368e-01 6.71267060e-01 -1.03800145e+00 -1.42964872e-01 7.79292953e-01 -6.10134231e-01 4.53444460e-01 -8.91816776e-01 1.65909871e-01 4.20875962e-01 3.32022605e-01
4.16610194e-01 6.13148418e-01 6.71181715e-01 -1.04555557e+00 -1.44911579e-01 7.73655214e-01 -6.16813237e-01 4.58103448e-01 -8.97461213e-01 1.59708562e-01 4.11164732e-01 3.50408543e-01
4.02135889e-01 6.21021137e-01 6.72769949e-01 -1.05316517e+00 -1.41983152e-01 7.68211399e-01 -6.24253428e-01 4.62795798e-01 -9.04504072e-01 1.55512584e-01 3.97099686e-01 3.70474911e-01
3.88303448e-01 6.26893891e-01 6.75443872e-01 -1.06104407e+00 -1.35403741e-01 7.63815681e-01 -6.31071890e-01 4.67544024e-01 -9.11529731e-01 1.53589624e-01 3.81475814e-01 3.90930442e-01
3.75513557e-01 6.33358676e-01 6.76643410e-01 -1.06859731e+00 -1.31434422e-01 7.59085247e-01 -6.37585192e-01 4.72277905e-01 -9.17450172e-01 1.50487501e-01 3.68291693e-01 4.10672006e-01
3.62690360e-01 6.38305700e-01 6.78985640e-01 -1.07634448e+00 -1.25141273e-01 7.55356388e-01 -6.43254768e-01 4.76762927e-01 -9.23469368e-01 1.48333025e-01 3.53838616e-01 4.30826457e-01
3.50317186e-01 6.42708548e-01 6.81324814e-01 -1.08422839e+00 -1.17358992e-01 7.51807971e-01 -6.48854295e-01 4.81500023e-01 -9.29249681e-01 1.47345070e-01 3.38798641e-01 4.50831658e-01
3.38590086e-01 6.46290909e-01 6.83860162e-01 -1.09141382e+00 -1.08486609e-01 7.48755844e-01 -6.53907944e-01 4.85602468e-01 -9.34659074e-01 1.47216933e-01 3.23634983e-01 4.70586105e-01
3.26678555e-01 6.51486976e-01 6.84723135e-01 -1.09758590e+00 -1.01096326e-01 7.44401029e-01 -6.60035539e-01 4.89673579e-01 -9.39713183e-01 1.46396308e-01 3.09042568e-01 4.90305411e-01
3.14438790e-01 6.56115126e-01 6.86032907e-01 -1.10325487e+00 -9.32573874e-02 7.40544312e-01 -6.65505433e-01 4.93252756e-01 -9.44685958e-01 1.45282926e-01 2.94043213e-01 5.10512441e-01
3.01533386e-01 6.60064552e-01 6.88035118e-01 -1.10906936e+00 -8.72455170e-02 7.37696589e-01 -6.69471597e-01 4.96314331e-01 -9.49455668e-01 1.41839899e-01 2.80027597e-01 5.30264417e-01
2.88569300e-01 6.64695348e-01 6.89135543e-01 -1.11471980e+00 -8.06739799e-02 7.34074970e-01 -6.74259539e-01 5.00298325e-01 -9.54054374e-01 1.38975133e-01 2.65454882e-01 5.49829797e-01
2.74948458e-01 6.69099024e-01 6.90441770e-01 -1.11993817e+00 -7.32006174e-02 7.30602419e-01 -6.78868253e-01 5.04399394e-01 -9.58668534e-01 1.36112846e-01 2.49856222e-01 5.68883943e-01
2.63687984e-01 6.71388904e-01 6.92607806e-01 -1.12526215e+00 -6.56391755e-02 7.28844684e-01 -6.81525676e-01 5.07506701e-01 -9.62372298e-01 1.34247758e-01 2.36256758e-01 5.86097896e-01
2.53358031e-01 6.73697256e-01 6.94220258e-01 -1.13028364e+00 -5.71889333e-02 7.26810796e-01 -6.84452986e-01 5.10627888e-01 -9.65680811e-01 1.33709785e-01 2.22671123e-01 6.02745616e-01
2.42253866e-01 6.77521682e-01 6.94461963e-01 -1.13428841e+00 -4.82627064e-02 7.23312413e-01 -6.88832488e-01 5.14231982e-01 -9.69011852e-01 1.33355567e-01 2.07924010e-01 6.19726894e-01
2.32772633e-01 6.80137339e-01 6.95147552e-01 -1.13823302e+00 -3.84112070e-02 7.20653756e-01 -6.92230537e-01 5.17230929e-01 -9.71772428e-01 1.34430721e-01 1.93873117e-01 6.35153347e-01
2.22831786e-01 6.84004719e-01 6.94610407e-01 -1.14132919e+00 -2.51870487e-02 7.16327349e-01 -6.97309957e-01 5.20612257e-01 -9.74531578e-01 1.37887482e-01 1.76848319e-01 6.50720840e-01
2.00524421e-01 6.90078044e-01 6.95400850e-01 -1.14322634e+00 -2.14622780e-02 7.12742306e-01 -7.01097867e-01 5.24664090e-01 -9.79453741e-01 1.25662195e-01 1.57732635e-01 6.66858545e-01
1.86940255e-01 6.90811897e-01 6.98449972e-01 -1.14777386e+00 -1.29513563e-02 7.12655208e-01 -7.01395229e-01 5.28293799e-01 -9.82286066e-01 1.22072969e-01 1.42170643e-01 6.81182560e-01
1.78573188e-01 6.92405579e-01 6.99060959e-01 -1.15031372e+00 -4.81679365e-03 7.11087642e-01 -7.03087202e-01 5.30934061e-01 -9.83914960e-01 1.22185136e-01 1.30316115e-01 6.93700220e-01
1.69690228e-01 6.94286052e-01 6.99408447e-01 -1.15320265e+00 8.99686373e-04 7.09591717e-01 -7.04612810e-01 5.33227495e-01 -9.85497155e-01 1.20195010e-01 1.19785887e-01 7.05114341e-01
1.61834543e-01 6.95776780e-01 6.99788805e-01 -1.15555824e+00 5.17737262e-03 7.08528554e-01 -7.05663487e-01 5.34680943e-01 -9.86804466e-01 1.17823649e-01 1.11061839e-01 7.15003506e-01
1.56597053e-01 6.97272564e-01 6.99491583e-01 -1.15682294e+00 6.60692337e-03 7.07474158e-01 -7.06708680e-01 5.35796046e-01 -9.87640670e-01 1.15289830e-01 1.06181278e-01 7.21581292e-01
1.54041407e-01 6.98278284e-01 6.99055700e-01 -1.15767384e+00 6.23995336e-03 7.06798778e-01 -7.07387512e-01 5.36710079e-01 -9.88044924e-01 1.13328884e-01 1.04518786e-01 7.25030519e-01
