1.00000000e+00 0.00000000e+00 0.00000000e+00 0.00000000e+00 0.00000000e+00 1.00000000e+00 0.00000000e+00 0.00000000e+00 0.00000000e+00 0.00000000e+00 1.00000000e+00 0.00000000e+00
9.99999980e-01 3.14833159e-05 -1.37067999e-04 -1.16388834e-04 -3.12736492e-05 9.99998852e-01 1.52939144e-03 -4.45093037e-04 1.37115987e-04 -1.52938714e-03 9.99998834e-01 -9.94188928e-04
9.99999949e-01 6.67208972e-05 -2.52004622e-04 -2.53232862e-04 -6.59502325e-05 9.99995372e-01 3.05689920e-03 -8.91261769e-04 2.52207396e-04 -3.05688242e-03 9.99995328e-01 -1.99203297e-03
9.99999916e-01 1.03524883e-04 -3.37089039e-04 -4.14170198e-04 -1.01979176e-04 9.99989571e-01 4.58223572e-03 -1.33861535e-03 3.37559859e-04 -4.58220103e-03 9.99989502e-01 -2.98875890e-03
9.99999900e-01 1.45509015e-04 -3.65654189e-04 -6.17244011e-04 -1.43276213e-04 9.99981447e-01 6.09894844e-03 -1.78501719e-03 3.66534830e-04 -6.09889549e-03 9.99981373e-01 -3.96806349e-03
9.99999901e-01 1.92493460e-04 -3.34681088e-04 -8.61160252e-04 -1.89941216e-04 9.99971078e-01 7.60929739e-03 -2.23097158e-03 3.36136127e-04 -7.60923317e-03 9.99971023e-01 -4.92737708e-03
9.99999905e-01 2.37705325e-04 -2.82193665e-04 -1.12122071e-03 -2.35122507e-04 9.99958446e-01 9.11770038e-03 -2.67808261e-03 2.84349246e-04 -9.11763330e-03 9.99958417e-01 -5.87833502e-03
9.99999905e-01 2.79890247e-04 -2.32352971e-04 -1.37420842e-03 -2.77403919e-04 9.99943458e-01 1.06326626e-02 -3.12851412e-03 2.35315799e-04 -1.06325973e-02 9.99943452e-01 -6.82128742e-03
9.99999908e-01 3.10965051e-04 -1.51104483e-04 -1.65324406e-03 -3.09106408e-04 9.99926162e-01 1.21486747e-02 -3.58035706e-03 1.54871137e-04 -1.21486271e-02 9.99926178e-01 -7.75524040e-03
9.99999904e-01 3.38269380e-04 -5.81775613e-05 -1.95276930e-03 -3.37443284e-04 9.99906674e-01 1.36576622e-02 -4.03125182e-03 6.27920958e-05 -1.36576416e-02 9.99906705e-01 -8.70867370e-03
9.99999886e-01 3.74346156e-04 4.58688831e-05 -2.26742224e-03 -3.74998921e-04 9.99884854e-01 1.51696202e-02 -4.48519844e-03 -4.01849197e-05 -1.51696362e-02 9.99884894e-01 -9.68944346e-03
9.99999837e-01 4.15538366e-04 2.01344518e-04 -2.61914432e-03 -4.18836738e-04 9.99860984e-01 1.66683136e-02 -4.93618711e-03 -1.94390209e-04 -1.66683962e-02 9.99861011e-01 -1.06422611e-02
9.99999776e-01 4.42108162e-04 3.45091996e-04 -2.95131305e-03 -4.48309279e-04 9.99834595e-01 1.81810758e-02 -5.39160568e-03 -3.36996934e-04 -1.81812278e-02 9.99834586e-01 -1.15567015e-02
9.99999676e-01 4.44485357e-04 5.31106529e-04 -3.31693608e-03 -4.54864798e-04 9.99805741e-01 1.97054301e-02 -5.85085626e-03 -5.22244578e-04 -1.97056674e-02 9.99805636e-01 -1.24792859e-02
9.99999488e-01 4.61887577e-04 7.66774384e-04 -3.72417282e-03 -4.78063872e-04 9.99774498e-01 2.12321912e-02 -6.31377040e-03 -7.56794551e-04 -2.12325500e-02 9.99774224e-01 -1.34227353e-02
9.99999250e-01 4.80905858e-04 9.96103117e-04 -4.13361111e-03 -5.03453460e-04 9.99740879e-01 2.27606752e-02 -6.77945816e-03 -9.84899177e-04 -2.27611640e-02 9.99740389e-01 -1.43470658e-02
9.99998975e-01 4.77016624e-04 1.22320717e-03 -4.54347241e-03 -5.06577974e-04 9.99705064e-01 2.42817913e-02 -7.24287366e-03 -1.21126356e-03 -2.42823916e-02 9.99704298e-01 -1.52522574e-02
9.99998639e-01 4.82414509e-04 1.48725122e-03 -4.97653191e-03 -5.20627486e-04 9.99666971e-01 2.58013029e-02 -7.70917228e-03 -1.47430905e-03 -2.58020466e-02 9.99665879e-01 -1.61755251e-02
9.99998175e-01 4.93722715e-04 1.77855534e-03 -5.44183276e-03 -5.42129982e-04 9.99626577e-01 2.73203171e-02 -8.17754164e-03 -1.76440268e-03 -2.73212350e-02 9.99625038e-01 -1.70798229e-02
9.99997584e-01 4.92009053e-04 2.09048303e-03 -5.92309808e-03 -5.52062152e-04 9.99584340e-01 2.88241105e-02 -8.64255827e-03 -2.07543254e-03 -2.88251980e-02 9.99582214e-01 -1.79699088e-02
9.99996797e-01 5.23377625e-04 2.43172432e-03 -6.42823852e-03 -5.96923500e-04 9.99539347e-01 3.03426943e-02 -9.11426473e-03 -2.41472375e-03 -3.03440516e-02 9.99536477e-01 -1.88994459e-02
9.99995811e-01 5.30944041e-04 2.80333016e-03 -6.96321448e-03 -6.19975526e-04 9.99492286e-01 3.18544214e-02 -9.58664724e-03 -2.78499435e-03 -3.18560294e-02 9.99488448e-01 -1.98090808e-02
9.99994721e-01 5.62966684e-04 3.16139722e-03 -7.49757269e-03 -6.68091951e-04 9.99443455e-01 3.33507846e-02 -1.00576454e-02 -3.14086270e-03 -3.33527244e-02 9.99438575e-01 -2.07492259e-02
9.99993381e-01 5.73542341e-04 3.55359922e-03 -8.05725128e-03 -6.97125961e-04 9.99391416e-01 3.48739531e-02 -1.05362131e-02 -3.53143543e-03 -3.48762045e-02 9.99385222e-01 -2.16722656e-02
9.99991991e-01 6.11151644e-04 3.91776682e-03 -8.58374213e-03 -7.53409245e-04 9.99336494e-01 3.64128574e-02 -1.10211996e-02 -3.89291410e-03 -3.64155230e-02 9.99328973e-01 -2.26124881e-02
9.99990378e-01 6.41409212e-04 4.30221201e-03 -9.12406550e-03 -8.04333027e-04 9.99278317e-01 3.79755915e-02 -1.15140567e-02 -4.27474959e-03 -3.79786930e-02 9.99269241e-01 -2.35488624e-02
9.99988469e-01 6.90285098e-04 4.71275244e-03 -9.68118250e-03 -8.75990671e-04 9.99218478e-01 3.95172589e-02 -1.20005244e-02 -4.68179144e-03 -3.95209400e-02 9.99207587e-01 -2.44863230e-02
9.99986414e-01 7.55418067e-04 5.11636528e-03 -1.02431652e-02 -9.64817655e-04 9.99156639e-01 4.10494034e-02 -1.24879062e-02 -5.08104104e-03 -4.10537924e-02 9.99143825e-01 -2.54539240e-02
9.99983922e-01 8.05163664e-04 5.57741724e-03 -1.08440353e-02 -1.04203568e-03 9.99091726e-01 4.25979792e-02 -1.29792284e-02 -5.53805336e-03 -4.26031154e-02 9.99076537e-01 -2.63753106e-02
9.99981203e-01 8.47802411e-04 6.04117857e-03 -1.14557543e-02 -1.11370260e-03 9.99024339e-01 4.41480914e-02 -1.34731255e-02 -5.99785603e-03 -4.41539979e-02 9.99006542e-01 -2.72964456e-02
9.99978216e-01 8.82172134e-04 6.51347064e-03 -1.20722358e-02 -1.17912964e-03 9.98953139e-01 4.57291381e-02 -1.39759609e-02 -6.46631149e-03 -4.57358297e-02 9.98932458e-01 -2.81955811e-02
9.99974783e-01 9.20817376e-04 7.01477635e-03 -1.27173153e-02 -1.25157622e-03 9.98880198e-01 4.72942450e-02 -1.44736609e-02 -6.96337204e-03 -4.73018401e-02 9.98856205e-01 -2.90851745e-02
9.99970729e-01 9.47418492e-04 7.57068198e-03 -1.33893505e-02 -1.31617967e-03 9.98805038e-01 4.88535628e-02 -1.49696292e-02 -7.51535120e-03 -4.88621030e-02 9.98777092e-01 -2.99546029e-02
9.99966197e-01 9.76703715e-04 8.14551187e-03 -1.40790214e-02 -1.38600767e-03 9.98728316e-01 5.03957460e-02 -1.54615806e-02 -8.08593233e-03 -5.04053367e-02 9.98695955e-01 -3.08212025e-02
9.99960854e-01 1.00675122e-03 8.77161616e-03 -1.48101879e-02 -1.46087105e-03 9.98650159e-01 5.19199283e-02 -1.59505946e-02 -8.70750568e-03 -5.19307162e-02 9.98612583e-01 -3.17040774e-02
9.99954917e-01 1.03941515e-03 9.42332187e-03 -1.55539689e-02 -1.54153965e-03 9.98570060e-01 5.34356438e-02 -1.64387682e-02 -9.35430595e-03 -5.34477647e-02 9.98526693e-01 -3.25927735e-02
9.99948464e-01 1.07501543e-03 1.00831648e-02 -1.63028367e-02 -1.62757997e-03 9.98487510e-01 5.49536253e-02 -1.69300756e-02 -1.00088393e-02 -5.49672056e-02 9.98437853e-01 -3.34794254e-02
9.99941358e-01 1.12346607e-03 1.07606311e-02 -1.70606079e-02 -1.72920826e-03 9.98403884e-01 5.64496468e-02 -1.74184116e-02 -1.06800377e-02 -5.64649440e-02 9.98347335e-01 -3.43950365e-02
9.99933194e-01 1.15872845e-03 1.14884479e-02 -1.78472984e-02 -1.82250532e-03 9.98318546e-01 5.79367606e-02 -1.79044955e-02 -1.14019982e-02 -5.79538309e-02 9.98254023e-01 -3.52975874e-02
9.99923592e-01 1.19077491e-03 1.22908142e-02 -1.86812874e-02 -1.91873048e-03 9.98233167e-01 5.93868688e-02 -1.83802031e-02 -1.21983823e-02 -5.94059198e-02 9.98159240e-01 -3.61837961e-02
9.99912841e-01 1.21691259e-03 1.31341541e-02 -1.95438614e-02 -2.01353947e-03 9.98147204e-01 6.08113890e-02 -1.88485175e-02 -1.30358175e-02 -6.08325404e-02 9.98062721e-01 -3.70502184e-02
9.99901598e-01 1.24529016e-03 1.39624464e-02 -2.04000933e-02 -2.11236365e-03 9.98057786e-01 6.22587433e-02 -1.93244409e-02 -1.38577981e-02 -6.22821144e-02 9.97962271e-01 -3.79038032e-02
9.99889695e-01 1.27558641e-03 1.47888588e-02 -2.12562976e-02 -2.21535257e-03 9.97966348e-01 6.37044459e-02 -1.98006407e-02 -1.46775223e-02 -6.37301830e-02 9.97859161e-01 -3.87636898e-02
9.99876314e-01 1.30350425e-03 1.56635458e-02 -2.21342227e-02 -2.32158412e-03 9.97872431e-01 6.51555097e-02 -2.02794647e-02 -1.55452891e-02 -6.51838197e-02 9.97752106e-01 -3.96228441e-02
9.99862048e-01 1.33074337e-03 1.65485885e-02 -2.30174404e-02 -2.43033161e-03 9.97776512e-01 6.66046028e-02 -2.07595715e-02 -1.64231579e-02 -6.66356342e-02 9.97642174e-01 -4.05049135e-02
9.99845525e-01 1.35547243e-03 1.75170753e-02 -2.39462183e-02 -2.54479365e-03 9.97678558e-01 6.80521778e-02 -2.12387870e-02 -1.73841657e-02 -6.80862427e-02 9.97527966e-01 -4.13849546e-02
9.99828123e-01 1.38148511e-03 1.84823713e-02 -2.48728927e-02 -2.66304260e-03 9.97578758e-01 6.94956890e-02 -2.17188469e-02 -1.83416111e-02 -6.95329619e-02 9.97411054e-01 -4.22562700e-02
9.99807870e-01 1.38459968e-03 1.95485322e-02 -2.58691205e-02 -2.76842288e-03 9.97476777e-01 7.09406418e-02 -2.22010673e-02 -1.94009792e-02 -7.09811248e-02 9.97289045e-01 -4.31285628e-02
9.99785548e-01 1.37487406e-03 2.06584602e-02 -2.68956341e-02 -2.86679846e-03 9.97374270e-01 7.23635799e-02 -2.26753438e-02 -2.05047229e-02 -7.24072818e-02 9.97164402e-01 -4.40074273e-02
9.99761479e-01 1.37301510e-03 2.17929194e-02 -2.79449627e-02 -2.97767907e-03 9.97270790e-01 7.37717361e-02 -2.31451944e-02 -2.16321488e-02 -7.38190272e-02 9.97037089e-01 -4.48892789e-02
9.99736435e-01 1.38574827e-03 2.29110164e-02 -2.89970658e-02 -3.10455710e-03 9.97166967e-01 7.51567246e-02 -2.36081222e-02 -2.27419579e-02 -7.52080435e-02 9.96908533e-01 -4.57544972e-02
9.99709456e-01 1.38354309e-03 2.40594873e-02 -3.00696419e-02 -3.22121076e-03 9.97063692e-01 7.65101486e-02 -2.40624272e-02 -2.38829824e-02 -7.65654192e-02 9.96778541e-01 -4.66355171e-02
9.99679645e-01 1.37309763e-03 2.52678615e-02 -3.11797437e-02 -3.33681193e-03 9.96960469e-01 7.78387846e-02 -2.45100885e-02 -2.50841751e-02 -7.78981642e-02 9.96645753e-01 -4.75330386e-02
9.99648039e-01 1.35631813e-03 2.64907458e-02 -3.22984384e-02 -3.45077821e-03 9.96854515e-01 7.91790596e-02 -2.49620031e-02 -2.63000249e-02 -7.92426025e-02 9.96508425e-01 -4.84186423e-02
9.99615734e-01 1.32741277e-03 2.76844814e-02 -3.33925072e-02 -3.55309210e-03 9.96748275e-01 8.05010912e-02 -2.54115348e-02 -2.74875979e-02 -8.05685195e-02 9.96370060e-01 -4.93019644e-02
9.99578579e-01 1.29640321e-03 2.89955990e-02 -3.45663620e-02 -3.66599575e-03 9.96640527e-01 8.18194367e-02 -2.58615939e-02 -2.87921144e-02 -8.18912546e-02 9.96225359e-01 -5.01911370e-02
9.99537410e-01 1.27960070e-03 3.03822093e-02 -3.57852571e-02 -3.80272974e-03 9.96531198e-01 8.31344909e-02 -2.63118279e-02 -3.01704359e-02 -8.32115707e-02 9.96075163e-01 -5.10974577e-02
9.99493960e-01 1.29381457e-03 3.17782639e-02 -3.70021229e-02 -3.97423474e-03 9.96421582e-01 8.44300262e-02 -2.67578801e-02 -3.15553078e-02 -8.45136006e-02 9.95922582e-01 -5.20114286e-02
9.99447706e-01 1.31066319e-03 3.32005179e-02 -3.82491189e-02 -4.15300509e-03 9.96313444e-01 8.56878381e-02 -2.71934598e-02 -3.29658133e-02 -8.57783998e-02 9.95768721e-01 -5.29339933e-02
9.99399175e-01 1.31367195e-03 3.46302884e-02 -3.95145323e-02 -4.32145968e-03 9.96205704e-01 8.69232241e-02 -2.76248464e-02 -3.43847012e-02 -8.70206579e-02 9.95612928e-01 -5.38645865e-02
9.99349703e-01 1.31596217e-03 3.60289166e-02 -4.07588217e-02 -4.48987105e-03 9.96096722e-01 8.81549224e-02 -2.80568174e-02 -3.57722762e-02 -8.82593710e-02 9.95454968e-01 -5.47939235e-02
9.99296135e-01 1.31715275e-03 3.74855624e-02 -4.20451626e-02 -4.66601374e-03 9.95985759e-01 8.93908081e-02 -2.84902836e-02 -3.72173443e-02 -8.95028053e-02 9.95290963e-01 -5.57255359e-02
9.99239729e-01 1.33386893e-03 3.89592699e-02 -4.33434487e-02 -4.86209427e-03 9.95874819e-01 9.06082718e-02 -2.89211970e-02 -3.86776942e-02 -9.07288189e-02 9.95124271e-01 -5.66735602e-02
9.99180335e-01 1.34907292e-03 4.04537448e-02 -4.46557914e-02 -5.06161163e-03 9.95763623e-01 9.18111696e-02 -2.93497272e-02 -4.01585076e-02 -9.19406839e-02 9.94954365e-01 -5.76212254e-02
9.99117333e-01 1.36737439e-03 4.19809638e-02 -4.59958327e-02 -5.26978052e-03 9.95653403e-01 9.29873524e-02 -2.97728481e-02 -4.16713406e-02 -9.31265088e-02 9.94781888e-01 -5.85886369e-02
9.99048793e-01 1.40088116e-03 4.35798598e-02 -4.73943417e-02 -5.50224378e-03 9.95544314e-01 9.41345669e-02 -3.01887284e-02 -4.32538117e-02 -9.42848201e-02 9.94605170e-01 -5.95646730e-02
9.98976337e-01 1.42207177e-03 4.52092301e-02 -4.88222517e-02 -5.72951203e-03 9.95432952e-01 9.52918403e-02 -3.06065539e-02 -4.48672445e-02 -9.54533312e-02 9.94422235e-01 -6.05430013e-02
9.98899511e-01 1.43082379e-03 4.68753763e-02 -5.02904868e-02 -5.95239824e-03 9.95318879e-01 9.64626468e-02 -3.10335068e-02 -4.65179240e-02 -9.66355259e-02 9.94232184e-01 -6.15333592e-02
9.98818036e-01 1.41861786e-03 4.85803492e-02 -5.17989898e-02 -6.16148386e-03 9.95204841e-01 9.76194584e-02 -3.14554235e-02 -4.82089095e-02 -9.78034217e-02 9.94037413e-01 -6.25233275e-02
9.98729605e-01 1.40995037e-03 5.03661106e-02 -5.33544344e-02 -6.38591644e-03 9.95089637e-01 9.87723266e-02 -3.18734827e-02 -4.99795294e-02 -9.89684969e-02 9.93834615e-01 -6.35156800e-02
9.98637219e-01 1.41310436e-03 5.21654972e-02 -5.49451360e-02 -6.62735553e-03 9.94973550e-01 9.99189808e-02 -3.22906973e-02 -5.17620953e-02 -1.00128551e-01 9.93627119e-01 -6.45101079e-02
9.98541472e-01 1.42201530e-03 5.39666857e-02 -5.65473039e-02 -6.87846892e-03 9.94856843e-01 1.01057449e-01 -3.27069584e-02 -5.35454244e-02 -1.01281284e-01 9.93415737e-01 -6.54957655e-02
9.98438842e-01 1.40376375e-03 5.58334241e-02 -5.81902421e-02 -7.11366697e-03 9.94738430e-01 1.02200148e-01 -3.31238166e-02 -5.53961931e-02 -1.02437803e-01 9.93195613e-01 -6.64771947e-02
9.98330884e-01 1.37683333e-03 5.77319516e-02 -5.98617199e-02 -7.34819596e-03 9.94618049e-01 1.03348454e-01 -3.35433673e-02 -5.72789561e-02 -1.03600207e-01 9.92968176e-01 -6.74613945e-02
9.98215635e-01 1.37614269e-03 5.96912382e-02 -6.15986854e-02 -7.61642483e-03 9.94501794e-01 1.04441759e-01 -3.39485395e-02 -5.92193285e-02 -1.04710063e-01 9.92737868e-01 -6.84691524e-02
9.98097404e-01 1.38847029e-03 6.16364571e-02 -6.33532377e-02 -7.89918021e-03 9.94386452e-01 1.05513448e-01 -3.43474874e-02 -6.11439678e-02 -1.05799606e-01 9.92505657e-01 -6.94885223e-02
9.97977648e-01 1.39471726e-03 6.35461475e-02 -6.51087628e-02 -8.17474117e-03 9.94272638e-01 1.06560041e-01 -3.47386358e-02 -6.30335838e-02 -1.06864038e-01 9.92273428e-01 -7.05044616e-02
9.97850110e-01 1.43468498e-03 6.55176924e-02 -6.69163337e-02 -8.49124819e-03 9.94162982e-01 1.07553894e-01 -3.51153794e-02 -6.49809653e-02 -1.07879014e-01 9.92037993e-01 -7.15217140e-02
9.97714434e-01 1.49099102e-03 6.75511932e-02 -6.87665089e-02 -8.83406314e-03 9.94053199e-01 1.08536175e-01 -3.54900384e-02 -6.69876643e-02 -1.08884880e-01 9.91794580e-01 -7.25387426e-02
9.97571292e-01 1.56465794e-03 6.96310294e-02 -7.06650582e-02 -9.20115282e-03 9.93945696e-01 1.09485978e-01 -3.58555925e-02 -6.90381653e-02 -1.09860780e-01 9.91546293e-01 -7.35552897e-02
9.97423521e-01 1.63502329e-03 7.17153244e-02 -7.25806214e-02 -9.56959654e-03 9.93837037e-01 1.10436571e-01 -3.62212170e-02 -7.10927910e-02 -1.10838340e-01 9.91292307e-01 -7.45573280e-02
9.97271623e-01 1.69630644e-03 7.37956969e-02 -7.45051938e-02 -9.93319314e-03 9.93726550e-01 1.11394402e-01 -3.65915961e-02 -7.31437978e-02 -1.11823529e-01 9.91032379e-01 -7.55441991e-02
9.97112596e-01 1.76420832e-03 7.59127137e-02 -7.64681331e-02 -1.03098287e-02 9.93617636e-01 1.12327860e-01 -3.69522942e-02 -7.52300533e-02 -1.12786193e-01 9.90767110e-01 -7.65032265e-02
9.96947461e-01 1.81019861e-03 7.80506893e-02 -7.84741047e-02 -1.06703182e-02 9.93509081e-01 1.13250754e-01 -3.73130781e-02 -7.73390711e-02 -1.13737893e-01 9.90495946e-01 -7.74644740e-02
9.96776192e-01 1.86226566e-03 8.02068811e-02 -8.05016450e-02 -1.10405135e-02 9.93403068e-01 1.14141606e-01 -3.76691095e-02 -7.94652101e-02 -1.14659180e-01 9.90221378e-01 -7.84330473e-02
9.96605605e-01 1.91405284e-03 8.22981969e-02 -8.24984287e-02 -1.14065701e-02 9.93296626e-01 1.15028415e-01 -3.80237887e-02 -8.15263621e-02 -1.15576721e-01 9.89947124e-01 -7.93951899e-02
9.96429954e-01 1.95464930e-03 8.43971668e-02 -8.45017959e-02 -1.17675330e-02 9.93187530e-01 1.15930320e-01 -3.83857343e-02 -8.35956255e-02 -1.16509610e-01 9.89665126e-01 -8.03763710e-02
9.96248007e-01 1.98957394e-03 8.65176406e-02 -8.65366588e-02 -1.21265981e-02 9.93081272e-01 1.16800369e-01 -3.87396180e-02 -8.56866794e-02 -1.17411319e-01 9.89379697e-01 -8.13486835e-02
9.96062383e-01 2.02408001e-03 8.86285374e-02 -8.85844736e-02 -1.24854019e-02 9.92977532e-01 1.17641279e-01 -3.90837389e-02 -8.77680496e-02 -1.18284629e-01 9.89093183e-01 -8.22906558e-02
9.95874628e-01 2.05330049e-03 9.07133965e-02 -9.06346416e-02 -1.28391755e-02 9.92873507e-01 1.18478005e-01 -3.94273056e-02 -8.98236802e-02 -1.19153934e-01 9.88804253e-01 -8.32393908e-02
9.95686159e-01 2.04151582e-03 9.27592054e-02 -9.26828733e-02 -1.31533944e-02 9.92766138e-01 1.19340245e-01 -3.97739951e-02 -9.18445837e-02 -1.20045544e-01 9.88510716e-01 -8.41870357e-02
9.95488973e-01 2.02995896e-03 9.48522145e-02 -9.47913216e-02 -1.34761690e-02 9.92659270e-01 1.20190364e-01 -4.01167140e-02 -9.39119649e-02 -1.20926442e-01 9.88209080e-01 -8.51265529e-02
9.95291661e-01 1.97860292e-03 9.69014616e-02 -9.68938680e-02 -1.37577820e-02 9.92551950e-01 1.21041956e-01 -4.04585133e-02 -9.59402530e-02 -1.21805222e-01 9.87906267e-01 -8.60424550e-02
9.95094303e-01 1.91476181e-03 9.89088108e-02 -9.89883054e-02 -1.40228367e-02 9.92447232e-01 1.21867277e-01 -4.07936529e-02 -9.79284442e-02 -1.22656440e-01 9.87605803e-01 -8.69320099e-02
9.94897138e-01 1.86451671e-03 1.00873864e-01 -1.01101868e-01 -1.42940729e-02 9.92348496e-01 1.22637156e-01 -4.11134999e-02 -9.98733892e-02 -1.23453274e-01 9.87311698e-01 -8.78140422e-02
9.94700354e-01 1.81602165e-03 1.02796891e-01 -1.03206032e-01 -1.45680750e-02 9.92245354e-01 1.23436929e-01 -4.14410264e-02 -1.01775593e-01 -1.24280335e-01 9.87013630e-01 -8.86861388e-02
9.94501135e-01 1.77103461e-03 1.04707485e-01 -1.05322183e-01 -1.48479618e-02 9.92140564e-01 1.24243286e-01 -4.17678969e-02 -1.03664523e-01 -1.25114805e-01 9.86711584e-01 -8.95388902e-02
9.94291665e-01 1.73803511e-03 1.06678819e-01 -1.07483836e-01 -1.51548004e-02 9.92029898e-01 1.25086785e-01 -4.21061135e-02 -1.05611199e-01 -1.25989467e-01 9.86393774e-01 -9.03621749e-02
9.94073238e-01 1.68310345e-03 1.08695960e-01 -1.09696377e-01 -1.54466173e-02 9.91921640e-01 1.25906826e-01 -4.24389659e-02 -1.07605991e-01 -1.26839622e-01 9.86069132e-01 -9.11904957e-02
9.93839132e-01 1.63648384e-03 1.10816660e-01 -1.11992894e-01 -1.57607162e-02 9.91815641e-01 1.26700515e-01 -4.27660338e-02 -1.09702382e-01 -1.27666512e-01 9.85731365e-01 -9.20159899e-02
9.93601787e-01 1.60073032e-03 1.12925568e-01 -1.14308359e-01 -1.60847007e-02 9.91712146e-01 1.27467363e-01 -4.30804060e-02 -1.11785653e-01 -1.28468203e-01 9.85393089e-01 -9.28012563e-02
9.93348169e-01 1.54623382e-03 1.15135685e-01 -1.16737700e-01 -1.64012969e-02 9.91614167e-01 1.28187294e-01 -4.33840318e-02 -1.13972004e-01 -1.29223025e-01 9.85043858e-01 -9.35765530e-02
9.93079334e-01 1.52128756e-03 1.17432292e-01 -1.19240765e-01 -1.67597993e-02 9.91517563e-01 1.28886430e-01 -4.36788568e-02 -1.16240137e-01 -1.29962625e-01 9.84681482e-01 -9.43198467e-02
9.92804201e-01 1.53856305e-03 1.19735744e-01 -1.21737644e-01 -1.71622170e-02 9.91422431e-01 1.29563285e-01 -4.39638714e-02 -1.18509398e-01 -1.30685940e-01 9.84315156e-01 -9.50409264e-02
9.92531069e-01 1.56240528e-03 1.21978870e-01 -1.24193913e-01 -1.75735246e-02 9.91319109e-01 1.30296568e-01 -4.42681940e-02 -1.20716448e-01 -1.31467023e-01 9.83942881e-01 -9.58117653e-02
9.92236158e-01 1.60962511e-03 1.24354341e-01 -1.26752173e-01 -1.80269333e-02 9.91217116e-01 1.31008606e-01 -4.45763008e-02 -1.23051315e-01 -1.32233237e-01 9.83550909e-01 -9.66116000e-02
9.91921240e-01 1.66197438e-03 1.26841231e-01 -1.29374988e-01 -1.85052226e-02 9.91112965e-01 1.31727838e-01 -4.48984830e-02 -1.25495100e-01 -1.33010893e-01 9.83137207e-01 -9.74303492e-02
9.91597359e-01 1.63113722e-03 1.29349387e-01 -1.32011698e-01 -1.89105444e-02 9.91006091e-01 1.32472064e-01 -4.52231735e-02 -1.27969996e-01 -1.33805039e-01 9.82710325e-01 -9.82168372e-02
9.91266059e-01 1.60145867e-03 1.31864651e-01 -1.34669215e-01 -1.93191192e-02 9.90901513e-01 1.33193396e-01 -4.55396973e-02 -1.30451626e-01 -1.34577623e-01 9.82278437e-01 -9.90099395e-02
9.90908834e-01 1.58982712e-03 1.34522720e-01 -1.37475882e-01 -1.97692416e-02 9.90795648e-01 1.33912870e-01 -4.58619253e-02 -1.33071678e-01 -1.35354885e-01 9.81820060e-01 -9.98047970e-02
9.90543918e-01 1.58742319e-03 1.37183708e-01 -1.40258588e-01 -2.02376506e-02 9.90684460e-01 1.34663577e-01 -4.61913694e-02 -1.35692045e-01 -1.36166497e-01 9.81349073e-01 -1.00574302e-01
9.90165823e-01 1.56617711e-03 1.39886641e-01 -1.43106739e-01 -2.06969406e-02 9.90573245e-01 1.35409583e-01 -4.65212249e-02 -1.38355943e-01 -1.36973208e-01 9.80864677e-01 -1.01313434e-01
9.89775493e-01 1.57008975e-03 1.42622152e-01 -1.46015925e-01 -2.11874224e-02 9.90463604e-01 1.36133664e-01 -4.68419763e-02 -1.41048368e-01 -1.37763602e-01 9.80370370e-01 -1.02057474e-01
9.89379091e-01 1.55064545e-03 1.45346906e-01 -1.48904332e-01 -2.16599721e-02 9.90351286e-01 1.36874190e-01 -4.71668502e-02 -1.43732321e-01 -1.38568706e-01 9.79866954e-01 -1.02802947e-01
9.88940573e-01 1.59258497e-03 1.48300795e-01 -1.51974293e-01 -2.22323380e-02 9.90234989e-01 1.37621847e-01 -4.75133628e-02 -1.46633526e-01 -1.39396933e-01 9.79319502e-01 -1.03570103e-01
9.88474463e-01 1.70803266e-03 1.51374958e-01 -1.55117368e-01 -2.29007265e-02 9.90115584e-01 1.38369235e-01 -4.78651590e-02 -1.49642427e-01 -1.40241084e-01 9.78743681e-01 -1.04325150e-01
9.87998194e-01 1.82167631e-03 1.54451375e-01 -1.58250368e-01 -2.35716737e-02 9.89996395e-01 1.39107367e-01 -4.82098874e-02 -1.52652952e-01 -1.41078541e-01 9.78158243e-01 -1.05095348e-01
9.87545275e-01 2.02499483e-03 1.57318999e-01 -1.61307778e-01 -2.42955651e-02 9.89885602e-01 1.39769921e-01 -4.85310754e-02 -1.55444828e-01 -1.41851309e-01 9.77606684e-01 -1.05903269e-01
9.87058009e-01 2.10299793e-03 1.60346769e-01 -1.64480815e-01 -2.49227679e-02 9.89775487e-01 1.40437692e-01 -4.88408897e-02 -1.58412009e-01 -1.42616461e-01 9.77018910e-01 -1.06634679e-01
9.86601305e-01 2.21172932e-03 1.63131781e-01 -1.67542411e-01 -2.55407608e-02 9.89672694e-01 1.41049581e-01 -4.91179872e-02 -1.61135155e-01 -1.43326234e-01 9.76469585e-01 -1.07378224e-01
9.86119258e-01 2.40080821e-03 1.66018374e-01 -1.70722377e-01 -2.62603239e-02 9.89565034e-01 1.41671449e-01 -4.93794527e-02 -1.63945906e-01 -1.44064660e-01 9.75892884e-01 -1.08032234e-01
9.85606275e-01 2.52703586e-03 1.69035316e-01 -1.73991224e-01 -2.69488254e-02 9.89450550e-01 1.42340445e-01 -4.96550343e-02 -1.66892440e-01 -1.44846968e-01 9.75277420e-01 -1.08671822e-01
9.85082063e-01 2.66139792e-03 1.72062022e-01 -1.77237277e-01 -2.76514646e-02 9.89335177e-01 1.43006308e-01 -4.99291649e-02 -1.69846465e-01 -1.45630745e-01 9.74650532e-01 -1.09292075e-01
9.84523849e-01 2.73174433e-03 1.75226476e-01 -1.80568101e-01 -2.83281944e-02 9.89209292e-01 1.43742691e-01 -5.02284043e-02 -1.72943039e-01 -1.46481996e-01 9.73978173e-01 -1.09901597e-01
9.83938625e-01 2.79565482e-03 1.78482357e-01 -1.83976335e-01 -2.90163394e-02 9.89083518e-01 1.44469024e-01 -5.05279096e-02 -1.76130119e-01 -1.47327591e-01 9.73279290e-01 -1.10503808e-01
9.83332349e-01 2.85148631e-03 1.81791983e-01 -1.87440119e-01 -2.97068847e-02 9.88959568e-01 1.45175541e-01 -5.08173321e-02 -1.79370996e-01 -1.48156310e-01 9.72561379e-01 -1.11044765e-01
9.82697459e-01 2.87929394e-03 1.85192654e-01 -1.91004214e-01 -3.03876534e-02 9.88836157e-01 1.45873690e-01 -5.11063152e-02 -1.82705212e-01 -1.48977311e-01 9.71815040e-01 -1.11532845e-01
9.82064286e-01 2.92640637e-03 1.88520632e-01 -1.94543895e-01 -3.10730197e-02 9.88719063e-01 1.46521506e-01 -5.13793892e-02 -1.85965193e-01 -1.49751483e-01 9.71077414e-01 -1.12041951e-01
9.81414495e-01 3.03553218e-03 1.91873180e-01 -1.98127543e-01 -3.18235090e-02 9.88604183e-01 1.47134308e-01 -5.16448184e-02 -1.89240042e-01 -1.50505855e-01 9.70327824e-01 -1.12544879e-01
9.80797013e-01 3.12652606e-03 1.95003335e-01 -2.01587023e-01 -3.25222036e-02 9.88493101e-01 1.47726427e-01 -5.19058543e-02 -1.92297632e-01 -1.51231617e-01 9.69613562e-01 -1.13077235e-01
9.80171519e-01 3.17441390e-03 1.98122610e-01 -2.05038660e-01 -3.31744105e-02 9.88387429e-01 1.48287359e-01 -5.21563955e-02 -1.95351221e-01 -1.51919683e-01 9.68895349e-01 -1.13563432e-01
9.79527665e-01 3.18647296e-03 2.01281459e-01 -2.08541031e-01 -3.37960252e-02 9.88286097e-01 1.48821527e-01 -5.23945252e-02 -1.98449493e-01 -1.52577355e-01 9.68162114e-01 -1.13997566e-01
9.78875870e-01 3.17984953e-03 2.04427664e-01 -2.12068081e-01 -3.43982265e-02 9.88186999e-01 1.49340485e-01 -5.26259616e-02 -2.01537933e-01 -1.53217794e-01 9.67422656e-01 -1.14415181e-01
9.78198708e-01 3.17325707e-03 2.07643666e-01 -2.15653764e-01 -3.50120517e-02 9.88089819e-01 1.49839866e-01 -5.28534032e-02 -2.04695174e-01 -1.53843252e-01 9.66660168e-01 -1.14801707e-01
9.77511354e-01 3.16840330e-03 2.10855694e-01 -2.19211964e-01 -3.56336161e-02 9.87990233e-01 1.50348941e-01 -5.30839346e-02 -2.07847073e-01 -1.54481413e-01 9.65885469e-01 -1.15185071e-01
9.76795865e-01 3.15031136e-03 2.14145996e-01 -2.22843538e-01 -3.62577257e-02 9.87890885e-01 1.50851521e-01 -5.33135419e-02 -2.11077733e-01 -1.55115655e-01 9.65082866e-01 -1.15552244e-01
9.76026350e-01 3.09861325e-03 2.17626960e-01 -2.26604893e-01 -3.68863851e-02 9.87788929e-01 1.51366020e-01 -5.35512285e-02 -2.14500554e-01 -1.55764772e-01 9.64223238e-01 -1.15890902e-01
9.75213859e-01 3.07273727e-03 2.21239731e-01 -2.30458635e-01 -3.75676205e-02 9.87684579e-01 1.51878642e-01 -5.37898952e-02 -2.18048458e-01 -1.56425681e-01 9.63320057e-01 -1.16201269e-01
9.74387226e-01 3.07754199e-03 2.24852314e-01 -2.34312800e-01 -3.82848269e-02 9.87578475e-01 1.52388716e-01 -5.40316124e-02 -2.21590388e-01 -1.57094127e-01 9.62402629e-01 -1.16524278e-01
9.73568506e-01 3.07241781e-03 2.28371105e-01 -2.38106378e-01 -3.89834035e-02 9.87471326e-01 1.52905137e-01 -5.42714355e-02 -2.25040189e-01 -1.57766393e-01 9.61491734e-01 -1.16836898e-01
9.72760382e-01 3.05596018e-03 2.31789291e-01 -2.41856288e-01 -3.96623217e-02 9.87362072e-01 1.53435144e-01 -5.45138122e-02 -2.28391122e-01 -1.58449023e-01 9.60588909e-01 -1.17157993e-01
9.71955466e-01 2.99554056e-03 2.35142533e-01 -2.45582614e-01 -4.02845569e-02 9.87258575e-01 1.53938342e-01 -5.47494176e-02 -2.31685403e-01 -1.59093912e-01 9.59693047e-01 -1.17479240e-01
9.71171965e-01 2.93830812e-03 2.38358570e-01 -2.49239701e-01 -4.08959416e-02 9.87152231e-01 1.54458327e-01 -5.49855537e-02 -2.34842393e-01 -1.59753578e-01 9.58815751e-01 -1.17795225e-01
9.70374091e-01 2.91621416e-03 2.41586571e-01 -2.52923830e-01 -4.15536336e-02 9.87040983e-01 1.54992800e-01 -5.52203866e-02 -2.38003899e-01 -1.60439874e-01 9.57921210e-01 -1.18074981e-01
9.69538779e-01 2.88596411e-03 2.44917698e-01 -2.56701150e-01 -4.22328241e-02 9.86923684e-01 1.55554974e-01 -5.54526875e-02 -2.41266208e-01 -1.61160220e-01 9.56983721e-01 -1.18312828e-01
9.68710112e-01 2.77738930e-03 2.48176315e-01 -2.60436523e-01 -4.28265945e-02 9.86808499e-01 1.56122207e-01 -5.56811614e-02 -2.44468954e-01 -1.61865776e-01 9.56051377e-01 -1.18558196e-01
9.67853189e-01 2.71091202e-03 2.51498241e-01 -2.64238104e-01 -4.34735716e-02 9.86694006e-01 1.56666003e-01 -5.58974803e-02 -2.47727177e-01 -1.62563280e-01 9.55093864e-01 -1.18771856e-01
9.67005560e-01 2.63685886e-03 2.54738675e-01 -2.67980184e-01 -4.41172987e-02 9.86570909e-01 1.57260208e-01 -5.61295004e-02 -2.50903166e-01 -1.63309941e-01 9.54136970e-01 -1.18992514e-01
9.66131076e-01 2.59449798e-03 2.58035712e-01 -2.71799935e-01 -4.48018400e-02 9.86449418e-01 1.57827532e-01 -5.63472403e-02 -2.54129785e-01 -1.64042631e-01 9.53156782e-01 -1.19181527e-01
9.65237016e-01 2.54354762e-03 2.61360655e-01 -2.75643395e-01 -4.54914748e-02 9.86324995e-01 1.58406874e-01 -5.65653360e-02 -2.57383715e-01 -1.64789941e-01 9.52154231e-01 -1.19331331e-01
9.64328189e-01 2.44507164e-03 2.64695114e-01 -2.79508779e-01 -4.61294150e-02 9.86208397e-01 1.58947315e-01 -5.67650264e-02 -2.60656001e-01 -1.65487691e-01 9.51142481e-01 -1.19447380e-01
9.63387520e-01 2.28429666e-03 2.68100082e-01 -2.83426259e-01 -4.67154766e-02 9.86097220e-01 1.59465081e-01 -5.69547057e-02 -2.64008579e-01 -1.66151168e-01 9.50101601e-01 -1.19524957e-01
9.62451885e-01 2.13292433e-03 2.71441008e-01 -2.87309213e-01 -4.73000941e-02 9.85988387e-01 1.59964997e-01 -5.71378948e-02 -2.67296584e-01 -1.66797873e-01 9.49068403e-01 -1.19601621e-01
9.61492078e-01 2.01786996e-03 2.74822417e-01 -2.91258275e-01 -4.79372511e-02 9.85874839e-01 1.60474370e-01 -5.73165758e-02 -2.70616788e-01 -1.67469133e-01 9.48008717e-01 -1.19630341e-01
9.60535419e-01 1.89774947e-03 2.78148353e-01 -2.95160825e-01 -4.85789088e-02 9.85752342e-01 1.61033090e-01 -5.74982636e-02 -2.73879877e-01 -1.68190206e-01 9.46943375e-01 -1.19606618e-01
9.59538996e-01 1.80770935e-03 2.81567047e-01 -2.99123862e-01 -4.92733405e-02 9.85626990e-01 1.61588528e-01 -5.76743319e-02 -2.77228054e-01 -1.68924325e-01 9.45837764e-01 -1.19518411e-01
9.58542604e-01 1.65399411e-03 2.84941606e-01 -3.03006072e-01 -4.99077864e-02 9.85499684e-01 1.62169261e-01 -5.78555666e-02 -2.80541715e-01 -1.69667029e-01 9.44727144e-01 -1.19406879e-01
9.57504574e-01 1.49305523e-03 2.88411404e-01 -3.07005545e-01 -5.05417637e-02 9.85380873e-01 1.62693917e-01 -5.80205983e-02 -2.83952264e-01 -1.70357069e-01 9.43583320e-01 -1.19279004e-01
9.56423563e-01 1.30217738e-03 2.91977054e-01 -3.11086157e-01 -5.11647948e-02 9.85264096e-01 1.63205511e-01 -5.81830883e-02 -2.87462093e-01 -1.71032630e-01 9.42397587e-01 -1.19083241e-01
9.55338250e-01 1.17431002e-03 2.95509238e-01 -3.15161505e-01 -5.18684368e-02 9.85133887e-01 1.63768443e-01 -5.83523078e-02 -2.90923957e-01 -1.71781959e-01 9.41198168e-01 -1.18853754e-01
9.54261887e-01 1.09907279e-03 2.98967039e-01 -3.19187784e-01 -5.26153414e-02 9.85002427e-01 1.64320011e-01 -5.85158672e-02 -2.94302762e-01 -1.72534675e-01 9.40009298e-01 -1.18616913e-01
9.53123859e-01 1.04303619e-03 3.02575670e-01 -3.23349477e-01 -5.34125365e-02 9.84869878e-01 1.64856457e-01 -5.86797159e-02 -2.97825809e-01 -1.73290057e-01 9.38759915e-01 -1.18363334e-01
9.51984434e-01 9.59286128e-04 3.06142068e-01 -3.27483756e-01 -5.41850353e-02 9.84734986e-01 1.65409199e-01 -5.88538759e-02 -3.01310228e-01 -1.74055394e-01 9.37505605e-01 -1.18080509e-01
9.50843835e-01 9.22750777e-04 3.09666541e-01 -3.31607369e-01 -5.49702054e-02 9.84616577e-01 1.65854456e-01 -5.89903728e-02 -3.04749856e-01 -1.74724215e-01 9.36268602e-01 -1.17803690e-01
9.49711461e-01 8.56837164e-04 3.13122366e-01 -3.35686544e-01 -5.57053511e-02 9.84506420e-01 1.66262473e-01 -5.91209544e-02 -3.08128621e-01 -1.75344061e-01 9.35046053e-01 -1.17542182e-01
9.48531567e-01 8.55849148e-04 3.16678595e-01 -3.39824182e-01 -5.65335619e-02 9.84389930e-01 1.66671919e-01 -5.92486738e-02 -3.11592692e-01 -1.75996634e-01 9.33774639e-01 -1.17244068e-01
9.47312364e-01 8.75335536e-04 3.20307330e-01 -3.44043945e-01 -5.74153476e-02 9.84263491e-01 1.67116863e-01 -5.93798290e-02 -3.15120644e-01 -1.76702515e-01 9.32456509e-01 -1.16890985e-01
9.46073453e-01 9.30101335e-04 3.23948231e-01 -3.48292173e-01 -5.83253132e-02 9.84143077e-01 1.67510474e-01 -5.95054046e-02 -3.18655738e-01 -1.77371684e-01 9.31127121e-01 -1.16543116e-01
9.44810026e-01 9.23666360e-04 3.27614730e-01 -3.52583747e-01 -5.91704253e-02 9.84031732e-01 1.67867728e-01 -5.96292923e-02 -3.22228372e-01 -1.77988308e-01 9.29778970e-01 -1.16236026e-01
9.43480125e-01 8.61717403e-04 3.31425380e-01 -3.56962784e-01 -6.00006040e-02 9.83916528e-01 1.68247721e-01 -5.97536815e-02 -3.25950080e-01 -1.78624188e-01 9.28358683e-01 -1.15863520e-01
9.42109619e-01 8.55160759e-04 3.35301353e-01 -3.61373731e-01 -6.08978962e-02 9.83801358e-01 1.68598284e-01 -5.98558206e-02 -3.29725910e-01 -1.79257292e-01 9.26902131e-01 -1.15472386e-01
9.40685512e-01 9.54534388e-04 3.39275833e-01 -3.65842588e-01 -6.18940635e-02 9.83697439e-01 1.68841733e-01 -5.99223895e-02 -3.33583779e-01 -1.79826223e-01 9.25410305e-01 -1.15109393e-01
9.39187287e-01 1.12127641e-03 3.43401012e-01 -3.70400459e-01 -6.29962660e-02 9.83586406e-01 1.69080639e-01 -5.99839371e-02 -3.37575174e-01 -1.80431450e-01 9.23843795e-01 -1.14722444e-01
9.37653384e-01 1.31749046e-03 3.47566676e-01 -3.74978821e-01 -6.41454952e-02 9.83470614e-01 1.69321671e-01 -6.00403168e-02 -3.41598746e-01 -1.81059962e-01 9.22240411e-01 -1.14300499e-01
9.36071642e-01 1.54362809e-03 3.51803637e-01 -3.79627405e-01 -6.53348757e-02 9.83356954e-01 1.69527029e-01 -6.00848618e-02 -3.45687091e-01 -1.81674570e-01 9.20594711e-01 -1.13858013e-01
9.34495382e-01 1.78894425e-03 3.55968373e-01 -3.84233288e-01 -6.65296606e-02 9.83244650e-01 1.69713748e-01 -6.01145970e-02 -3.49700622e-01 -1.82279254e-01 9.18957867e-01 -1.13353328e-01
9.32893202e-01 2.00982172e-03 3.60145263e-01 -3.88852422e-01 -6.77066293e-02 9.83132891e-01 1.69895792e-01 -6.01271840e-02 -3.53729431e-01 -1.82878933e-01 9.17295278e-01 -1.12812067e-01
9.31266598e-01 2.20209871e-03 3.64329549e-01 -3.93492993e-01 -6.88604872e-02 9.83022000e-01 1.70073481e-01 -6.01334799e-02 -3.57769688e-01 -1.83471744e-01 9.15608435e-01 -1.12231016e-01
9.29621985e-01 2.39923334e-03 3.68504467e-01 -3.98123757e-01 -7.00194610e-02 9.82911642e-01 1.70237919e-01 -6.01277761e-02 -3.61799139e-01 -1.84059473e-01 9.13905547e-01 -1.11623048e-01
9.27962188e-01 2.63108277e-03 3.72662859e-01 -4.02763227e-01 -7.12293802e-02 9.82791662e-01 1.70428572e-01 -6.01239574e-02 -3.65801803e-01 -1.84695895e-01 9.12182163e-01 -1.10986775e-01
9.26235196e-01 2.92547912e-03 3.76932539e-01 -4.07474191e-01 -7.25324715e-02 9.82665324e-01 1.70607174e-01 -6.01172869e-02 -3.69899709e-01 -1.85362294e-01 9.10392688e-01 -1.10320472e-01
9.24408360e-01 3.36149810e-03 3.81387189e-01 -4.12282359e-01 -7.40283553e-02 9.82525364e-01 1.70770562e-01 -6.00965044e-02 -3.74148844e-01 -1.86095284e-01 9.08504787e-01 -1.09542132e-01
9.22610448e-01 3.65678301e-03 3.85713435e-01 -4.17008091e-01 -7.53547471e-02 9.82396442e-01 1.70931818e-01 -6.00677343e-02 -3.78298766e-01 -1.86768901e-01 9.06646101e-01 -1.08734268e-01
9.20724350e-01 3.93038525e-03 3.90191586e-01 -4.21776904e-01 -7.67092814e-02 9.82259776e-01 1.71114612e-01 -6.00416088e-02 -3.82597265e-01 -1.87480785e-01 9.04693354e-01 -1.07852723e-01
9.18766707e-01 4.24361208e-03 3.94775832e-01 -4.26641329e-01 -7.81507100e-02 9.82109616e-01 1.71324104e-01 -6.00092453e-02 -3.86986429e-01 -1.88258978e-01 9.02662622e-01 -1.06844947e-01
9.16824502e-01 4.49958368e-03 3.99262759e-01 -4.31467758e-01 -7.94915113e-02 9.81976615e-01 1.71469322e-01 -5.99505598e-02 -3.91295502e-01 -1.88945368e-01 9.00659284e-01 -1.05820682e-01
9.14840998e-01 4.72409779e-03 4.03784307e-01 -4.36315220e-01 -8.08251861e-02 9.81838627e-01 1.71636018e-01 -5.98902013e-02 -3.95640549e-01 -1.89655705e-01 8.98609445e-01 -1.04762155e-01
9.12835317e-01 4.88103282e-03 4.08296363e-01 -4.41173743e-01 -8.20688387e-02 9.81716046e-01 1.71746779e-01 -5.98083502e-02 -3.99993154e-01 -1.90285038e-01 8.96547085e-01 -1.03688315e-01
9.10746710e-01 5.08373444e-03 4.12931868e-01 -4.46113253e-01 -8.33791982e-02 9.81593992e-01 1.71813338e-01 -5.97048984e-02 -4.04458362e-01 -1.90908457e-01 8.94408765e-01 -1.02550867e-01
9.08665987e-01 5.17812394e-03 4.17489434e-01 -4.51020281e-01 -8.45587649e-02 9.81483355e-01 1.71868938e-01 -5.95911066e-02 -4.08869352e-01 -1.91473954e-01 8.92279772e-01 -1.01357993e-01
9.06547844e-01 5.25468606e-03 4.22068114e-01 -4.55936858e-01 -8.57387708e-02 9.81368880e-01 1.71937994e-01 -5.94709325e-02 -4.13301427e-01 -1.92057729e-01 8.90109730e-01 -1.00096513e-01
9.04374061e-01 5.31970737e-03 4.26705301e-01 -4.60933718e-01 -8.69051771e-02 9.81263046e-01 1.71956586e-01 -5.93341520e-02 -4.17795780e-01 -1.92596082e-01 8.87892480e-01 -9.87845660e-02
9.02189516e-01 5.41785546e-03 4.31303678e-01 -4.65893407e-01 -8.81168702e-02 9.81148100e-01 1.71995817e-01 -5.92093346e-02 -4.22241339e-01 -1.93178063e-01 8.85660255e-01 -9.75149535e-02
8.99924080e-01 5.55660144e-03 4.36009141e-01 -4.70984869e-01 -8.93358276e-02 9.81056997e-01 1.71886645e-01 -5.90297293e-02 -4.26795128e-01 -1.93636269e-01 8.83374528e-01 -9.61833186e-02
8.97604887e-01 5.74547078e-03 4.40761401e-01 -4.76109659e-01 -9.05893354e-02 9.80975315e-01 1.71696743e-01 -5.88161658e-02 -4.31389982e-01 -1.94044228e-01 8.81050026e-01 -9.48084130e-02
8.95183797e-01 6.04372905e-03 4.45654149e-01 -4.81311365e-01 -9.20206360e-02 9.80869585e-01 1.71539535e-01 -5.85963654e-02 -4.36092276e-01 -1.94568894e-01 8.78616030e-01 -9.33335679e-02
8.92770631e-01 6.38736239e-03 4.50464204e-01 -4.86486760e-01 -9.34557509e-02 9.80773623e-01 1.71312241e-01 -5.83567261e-02 -4.40709579e-01 -1.95041105e-01 8.76204174e-01 -9.18504557e-02
8.90240293e-01 6.81000263e-03 4.55438273e-01 -4.91766027e-01 -9.50330003e-02 9.80659680e-01 1.71096633e-01 -5.81044610e-02 -4.45465184e-01 -1.95598878e-01 8.73671324e-01 -9.02258877e-02
8.87621323e-01 7.26975069e-03 4.60514533e-01 -4.97125609e-01 -9.66174977e-02 9.80565806e-01 1.70746674e-01 -5.78168657e-02 -4.50323947e-01 -1.96052256e-01 8.71074914e-01 -8.85847477e-02
8.84989332e-01 7.68226023e-03 4.65545872e-01 -5.02471947e-01 -9.81456950e-02 9.80475586e-01 1.70392793e-01 -5.75198936e-02 -4.55147815e-01 -1.96487237e-01 8.68465796e-01 -8.69598127e-02
8.82322831e-01 8.10796666e-03 4.70572808e-01 -5.07866759e-01 -9.96585287e-02 9.80396843e-01 1.69967326e-01 -5.71971883e-02 -4.59970477e-01 -1.96862765e-01 8.65835882e-01 -8.52955469e-02
8.79630003e-01 8.60344666e-03 4.75578725e-01 -5.13262249e-01 -1.01238530e-01 9.80312997e-01 1.69516437e-01 -5.68607932e-02 -4.64758065e-01 -1.97258747e-01 8.63185089e-01 -8.36209210e-02
8.76953443e-01 8.99391828e-03 4.80489197e-01 -5.18620815e-01 -1.02740997e-01 9.80216965e-01 1.69167395e-01 -5.65231943e-02 -4.69462702e-01 -1.97717982e-01 8.60530018e-01 -8.18895262e-02
8.74206726e-01 9.32801462e-03 4.85462279e-01 -5.24049134e-01 -1.04220248e-01 9.80116507e-01 1.68844291e-01 -5.61915109e-02 -4.74235114e-01 -1.98199936e-01 8.57797976e-01 -8.01411519e-02
8.71481321e-01 9.63713400e-03 4.90332021e-01 -5.29441227e-01 -1.05651432e-01 9.80019822e-01 1.68515828e-01 -5.58510828e-02 -4.78911577e-01 -1.98662796e-01 8.55088519e-01 -7.83920092e-02
8.68681153e-01 1.00534590e-02 4.95267677e-01 -5.34906556e-01 -1.07183783e-01 9.79923977e-01 1.68104935e-01 -5.54742733e-02 -4.83635148e-01 -1.99114365e-01 8.52320420e-01 -7.65970788e-02
8.65891893e-01 1.04296249e-02 5.00120427e-01 -5.40344785e-01 -1.08654336e-01 9.79833597e-01 1.67686907e-01 -5.50933340e-02 -4.88286424e-01 -1.99539110e-01 8.49564598e-01 -7.48026735e-02
8.63011021e-01 1.08939750e-02 5.05065609e-01 -5.45836788e-01 -1.10264898e-01 9.79723419e-01 1.67278799e-01 -5.46994727e-02 -4.93002845e-01 -2.00054586e-01 8.46714707e-01 -7.29450773e-02
8.60089629e-01 1.12602242e-02 5.10016726e-01 -5.51356320e-01 -1.11766197e-01 9.79625796e-01 1.66853666e-01 -5.43012653e-02 -4.97747333e-01 -2.00511863e-01 8.43825828e-01 -7.10274328e-02
8.57094422e-01 1.15829858e-02 5.15027176e-01 -5.56950795e-01 -1.13314072e-01 9.79500448e-01 1.66545266e-01 -5.39390834e-02 -5.02540871e-01 -2.01104976e-01 8.40838200e-01 -6.90962993e-02
8.54014972e-01 1.18128023e-02 5.20112423e-01 -5.62588370e-01 -1.14742486e-01 9.79399460e-01 1.66160935e-01 -5.35441758e-02 -5.07435605e-01 -2.01583050e-01 8.37778513e-01 -6.70898863e-02
8.50840760e-01 1.20627884e-02 5.25283239e-01 -5.68261417e-01 -1.16272486e-01 9.79272181e-01 1.65846975e-01 -5.31663553e-02 -5.12395317e-01 -2.02185488e-01 8.34608573e-01 -6.50271587e-02
8.47718363e-01 1.21898201e-02 5.30304638e-01 -5.73884669e-01 -1.17580045e-01 9.79183281e-01 1.65449649e-01 -5.27655669e-02 -5.17249257e-01 -2.02608079e-01 8.31506235e-01 -6.30058752e-02
8.44435247e-01 1.24080317e-02 5.35512075e-01 -5.79643427e-01 -1.19026508e-01 9.79083735e-01 1.65004118e-01 -5.23336318e-02 -5.22264398e-01 -2.03075564e-01 8.28250965e-01 -6.08401219e-02
8.41133993e-01 1.26520329e-02 5.40677009e-01 -5.85426643e-01 -1.20498588e-01 9.78979807e-01 1.64551841e-01 -5.19114406e-02 -5.27230559e-01 -2.03561093e-01 8.24978996e-01 -5.87048211e-02
