1.00000000e+00 0.00000000e+00 0.00000000e+00 0.00000000e+00 0.00000000e+00 1.00000000e+00 0.00000000e+00 0.00000000e+00 0.00000000e+00 0.00000000e+00 1.00000000e+00 0.00000000e+00
9.99999993e-01 3.79785704e-05 -7.65963476e-05 -1.57803149e-04 -3.78753382e-05 9.99999077e-01 1.34728891e-03 -3.89418924e-04 7.66474529e-05 -1.34728601e-03 9.99999073e-01 -1.06313990e-03
9.99999981e-01 7.52880750e-05 -1.39985868e-04 -3.29490570e-04 -7.49106734e-05 9.99996340e-01 2.69405414e-03 -7.79963521e-04 1.40188196e-04 -2.69404359e-03 9.99996330e-01 -2.12522837e-03
9.99999968e-01 1.13529712e-04 -1.85362733e-04 -5.20009759e-04 -1.12780054e-04 9.99991796e-01 4.03928642e-03 -1.17125581e-03 1.85819805e-04 -4.03926540e-03 9.99991782e-01 -3.18665551e-03
9.99999958e-01 1.63709948e-04 -1.93700242e-04 -7.49910142e-04 -1.62665381e-04 9.99985466e-01 5.38046833e-03 -1.56203692e-03 1.94578279e-04 -5.38043666e-03 9.99985458e-01 -4.23715883e-03
9.99999953e-01 2.15557814e-04 -1.54805734e-04 -1.01640145e-03 -2.14512417e-04 9.99977335e-01 6.72149488e-03 -1.95347560e-03 1.56251111e-04 -6.72146146e-03 9.99977344e-01 -5.27644638e-03
9.99999946e-01 2.64994392e-04 -5.24845684e-05 -1.33069715e-03 -2.64562573e-04 9.99967396e-01 8.06328582e-03 -2.34597641e-03 5.46196029e-05 -8.06327171e-03 9.99967424e-01 -6.29901562e-03
9.99999921e-01 3.06507206e-04 8.56777720e-05 -1.67294650e-03 -3.07300162e-04 9.99955565e-01 9.41367377e-03 -2.74150167e-03 -8.27885933e-05 -9.41369978e-03 9.99955594e-01 -7.30353181e-03
9.99999864e-01 3.53647383e-04 2.48931871e-04 -2.03060264e-03 -3.56308425e-04 9.99941806e-01 1.07722361e-02 -3.14107944e-03 -2.45107816e-04 -1.07723240e-02 9.99941812e-01 -8.30270371e-03
9.99999812e-01 3.92702034e-04 3.51952191e-04 -2.33929305e-03 -3.96949727e-04 9.99925985e-01 1.21512764e-02 -3.54875338e-03 -3.47154319e-04 -1.21514147e-02 9.99925971e-01 -9.32704646e-03
9.99999765e-01 4.30243514e-04 4.25519775e-04 -2.62735642e-03 -4.35961754e-04 9.99908255e-01 1.35307400e-02 -3.95767857e-03 -4.19659231e-04 -1.35309233e-02 9.99908226e-01 -1.03583116e-02
9.99999674e-01 4.64043331e-04 5.59882534e-04 -2.96872792e-03 -4.72333167e-04 9.99888815e-01 1.48982854e-02 -4.36333829e-03 -5.52906824e-04 -1.48985462e-02 9.99888728e-01 -1.13677145e-02
9.99999515e-01 5.04604764e-04 7.45278069e-04 -3.34751426e-03 -5.16664100e-04 9.99867417e-01 1.62704775e-02 -4.77168081e-03 -7.36969077e-04 -1.62708564e-02 9.99867215e-01 -1.23527660e-02
9.99999311e-01 5.60560805e-04 9.31433700e-04 -3.72342145e-03 -5.76911342e-04 9.99844028e-01 1.76476731e-02 -5.18373379e-03 -9.21395802e-04 -1.76482006e-02 9.99843687e-01 -1.33291445e-02
9.99999006e-01 6.11911413e-04 1.20729571e-03 -4.16541053e-03 -6.34779658e-04 9.99818570e-01 1.90331692e-02 -5.59841509e-03 -1.19543005e-03 -1.90339182e-02 9.99817992e-01 -1.42878120e-02
9.99998537e-01 6.61082401e-04 1.53157511e-03 -4.64594678e-03 -6.92218427e-04 9.99791183e-01 2.04188944e-02 -6.01391346e-03 -1.51775674e-03 -2.04199262e-02 9.99790208e-01 -1.52521636e-02
9.99997959e-01 7.17876845e-04 1.85331476e-03 -5.11997569e-03 -7.58068517e-04 9.99762433e-01 2.17775342e-02 -6.42421486e-03 -1.83724101e-03 -2.17788960e-02 9.99760971e-01 -1.62308400e-02
9.99997145e-01 7.84900939e-04 2.22273765e-03 -5.62931448e-03 -8.36130204e-04 9.99731749e-01 2.31414777e-02 -6.83774550e-03 -2.20397769e-03 -2.31432719e-02 9.99729591e-01 -1.71989866e-02
9.99996080e-01 8.52446354e-04 2.62875120e-03 -6.17088656e-03 -9.16661759e-04 9.99698703e-01 2.45244528e-02 -7.25882570e-03 -2.60705348e-03 -2.45267691e-02 9.99695610e-01 -1.81616753e-02
9.99994832e-01 9.11639887e-04 3.04128399e-03 -6.71646616e-03 -9.90110246e-04 9.99663924e-01 2.59008067e-02 -7.67918870e-03 -3.01664977e-03 -2.59036881e-02 9.99659707e-01 -1.91201142e-02
9.99993445e-01 9.46059428e-04 3.46644990e-03 -7.28187417e-03 -1.04024007e-03 9.99627505e-01 2.72689054e-02 -8.09782530e-03 -3.43936064e-03 -2.72723351e-02 9.99621986e-01 -2.00739547e-02
9.99991863e-01 9.89404142e-04 3.89256406e-03 -7.85182903e-03 -1.10062761e-03 9.99588094e-01 2.86757285e-02 -8.53039980e-03 -3.86258863e-03 -2.86797804e-02 9.99581101e-01 -2.10323388e-02
9.99990183e-01 1.00728662e-03 4.29369597e-03 -8.41182502e-03 -1.13593770e-03 9.99547175e-01 3.00664316e-02 -8.95893008e-03 -4.26146615e-03 -3.00710160e-02 9.99538558e-01 -2.19892838e-02
9.99988254e-01 1.02296523e-03 4.71221187e-03 -8.98925899e-03 -1.17079556e-03 9.99503738e-01 3.14765986e-02 -9.39523919e-03 -4.67767375e-03 -3.14817499e-02 9.99493249e-01 -2.29304151e-02
9.99986448e-01 1.04306671e-03 5.07574379e-03 -9.52816261e-03 -1.20951156e-03 9.99457835e-01 3.29004268e-02 -9.83541291e-03 -5.03867442e-03 -3.29061246e-02 9.99445606e-01 -2.38703107e-02
9.99984224e-01 1.08155860e-03 5.48452194e-03 -1.00922090e-02 -1.26900545e-03 9.99411039e-01 3.42899543e-02 -1.02672164e-02 -5.44420521e-03 -3.42963794e-02 9.99396701e-01 -2.48257625e-02
9.99981989e-01 1.12767330e-03 5.86679882e-03 -1.06376796e-02 -1.33649126e-03 9.99361150e-01 3.57118959e-02 -1.07088367e-02 -5.82277954e-03 -3.57191008e-02 9.99344717e-01 -2.57749716e-02
9.99979132e-01 1.16653624e-03 6.32991800e-03 -1.12416088e-02 -1.40068708e-03 9.99310012e-01 3.71137142e-02 -1.11445515e-02 -6.28225567e-03 -3.71218123e-02 9.99290853e-01 -2.67030545e-02
9.99976054e-01 1.22252204e-03 6.79077168e-03 -1.18347517e-02 -1.48348687e-03 9.99255223e-01 3.85582274e-02 -1.15937360e-02 -6.73857519e-03 -3.85673834e-02 9.99233173e-01 -2.76357205e-02
9.99972901e-01 1.28063288e-03 7.23284571e-03 -1.24186193e-02 -1.56887176e-03 9.99198910e-01 3.99873719e-02 -1.20397685e-02 -7.17584199e-03 -3.99976393e-02 9.99173911e-01 -2.85791574e-02
9.99968990e-01 1.30607190e-03 7.74868320e-03 -1.30629119e-02 -1.62617083e-03 9.99139268e-01 4.14487136e-02 -1.24956071e-02 -7.68787829e-03 -4.14600337e-02 9.99110479e-01 -2.94801348e-02
9.99965222e-01 1.32959347e-03 8.21797044e-03 -1.36732727e-02 -1.68111773e-03 9.99077163e-01 4.29172881e-02 -1.29541095e-02 -8.15332386e-03 -4.29296149e-02 9.99044725e-01 -3.03758440e-02
9.99960866e-01 1.35814025e-03 8.72641254e-03 -1.42972856e-02 -1.74447288e-03 9.99011475e-01 4.44176982e-02 -1.34244425e-02 -8.65746061e-03 -4.44311880e-02 9.98974823e-01 -3.12545587e-02
9.99955956e-01 1.37106779e-03 9.26728726e-03 -1.49552241e-02 -1.79483827e-03 9.98945530e-01 4.58750770e-02 -1.38825907e-02 -9.19461708e-03 -4.58896972e-02 9.98904068e-01 -3.21325365e-02
9.99950348e-01 1.38340879e-03 9.85292858e-03 -1.56394327e-02 -1.84825697e-03 9.98877714e-01 4.73269811e-02 -1.43397059e-02 -9.77639771e-03 -4.73428487e-02 9.98830749e-01 -3.30100291e-02
9.99943744e-01 1.40165324e-03 1.05020529e-02 -1.63600169e-02 -1.91218484e-03 9.98808581e-01 4.87613429e-02 -1.47935636e-02 -1.04211940e-02 -4.87786857e-02 9.98755148e-01 -3.38890331e-02
9.99936592e-01 1.42790946e-03 1.11609382e-02 -1.70901599e-02 -1.98642276e-03 9.98737548e-01 5.01920270e-02 -1.52479083e-02 -1.10751787e-02 -5.02110169e-02 9.98677134e-01 -3.47729599e-02
9.99928537e-01 1.46919207e-03 1.18553351e-02 -1.78505234e-02 -2.07912494e-03 9.98665579e-01 5.16008171e-02 -1.56983042e-02 -1.17637036e-02 -5.16217807e-02 9.98597347e-01 -3.56664694e-02
9.99920189e-01 1.50184167e-03 1.25363254e-02 -1.85917330e-02 -2.16419038e-03 9.98592678e-01 5.29891832e-02 -1.61454975e-02 -1.24391019e-02 -5.30120868e-02 9.98516313e-01 -3.65715999e-02
9.99910892e-01 1.51946134e-03 1.32538253e-02 -1.93557341e-02 -2.23777006e-03 9.98519339e-01 5.43510526e-02 -1.65857650e-02 -1.31516165e-02 -5.43758721e-02 9.98433848e-01 -3.74650863e-02
9.99900072e-01 1.52808044e-03 1.40444768e-02 -2.01675185e-02 -2.30798414e-03 9.98445750e-01 5.56836955e-02 -1.70170326e-02 -1.39375590e-02 -5.57105506e-02 9.98349590e-01 -3.83516677e-02
9.99888722e-01 1.54233368e-03 1.48285152e-02 -2.09814411e-02 -2.38580036e-03 9.98369372e-01 5.70331122e-02 -1.74550546e-02 -1.47163720e-02 -5.70621494e-02 9.98262042e-01 -3.92352824e-02
9.99876617e-01 1.55694610e-03 1.56210220e-02 -2.18031277e-02 -2.46693855e-03 9.98289845e-01 5.84053320e-02 -1.79005594e-02 -1.55033742e-02 -5.84366697e-02 9.98170602e-01 -4.01098276e-02
9.99863631e-01 1.55643981e-03 1.64296194e-02 -2.26360976e-02 -2.53607727e-03 9.98208606e-01 5.97749836e-02 -1.83445427e-02 -1.63071517e-02 -5.98085101e-02 9.98076517e-01 -4.09836443e-02
9.99849953e-01 1.55487234e-03 1.72403960e-02 -2.34754746e-02 -2.60646748e-03 9.98125613e-01 6.11423913e-02 -1.87893338e-02 -1.71130123e-02 -6.11781684e-02 9.97979989e-01 -4.18645098e-02
9.99835125e-01 1.55485997e-03 1.80802494e-02 -2.43352278e-02 -2.68238882e-03 9.98040931e-01 6.25065108e-02 -1.92334612e-02 -1.79476395e-02 -6.25447175e-02 9.97880639e-01 -4.27412658e-02
9.99820315e-01 1.55703138e-03 1.88802055e-02 -2.51716298e-02 -2.76015358e-03 9.97954638e-01 6.38664533e-02 -1.96791883e-02 -1.87421453e-02 -6.39071064e-02 9.97779708e-01 -4.36340714e-02
9.99803247e-01 1.57229188e-03 1.97606960e-02 -2.60667908e-02 -2.85844872e-03 9.97866313e-01 6.52279777e-02 -2.01260661e-02 -1.96159736e-02 -6.52716492e-02 9.97674566e-01 -4.45277379e-02
9.99784404e-01 1.59499808e-03 2.06896942e-02 -2.70005884e-02 -2.96907865e-03 9.97778423e-01 6.65541481e-02 -2.05634780e-02 -2.05375746e-02 -6.66012509e-02 9.97568136e-01 -4.54232111e-02
9.99763018e-01 1.64330427e-03 2.16936168e-02 -2.79980709e-02 -3.11224649e-03 9.97690404e-01 6.78541133e-02 -2.09932131e-02 -2.15320072e-02 -6.79055746e-02 9.97459184e-01 -4.63226941e-02
9.99741492e-01 1.69416193e-03 2.26605684e-02 -2.89828376e-02 -3.25774127e-03 9.97601493e-01 6.91422060e-02 -2.14213895e-02 -2.24890778e-02 -6.91981787e-02 9.97349230e-01 -4.72179676e-02
9.99719017e-01 1.71577548e-03 2.36300775e-02 -2.99650819e-02 -3.37702144e-03 9.97510077e-01 7.04428546e-02 -2.18536513e-02 -2.34503763e-02 -7.05028838e-02 9.97235697e-01 -4.81048672e-02
9.99694549e-01 1.73975123e-03 2.46428006e-02 -3.09660009e-02 -3.50404885e-03 9.97417629e-01 7.17337594e-02 -2.22854832e-02 -2.44543654e-02 -7.17982175e-02 9.97119174e-01 -4.89954352e-02
9.99668666e-01 1.74853305e-03 2.56710795e-02 -3.19797046e-02 -3.61972314e-03 9.97323382e-01 7.30265956e-02 -2.27190660e-02 -2.54746797e-02 -7.30953400e-02 9.96999377e-01 -4.98805725e-02
9.99641702e-01 1.74979335e-03 2.67006584e-02 -3.29932247e-02 -3.73009164e-03 9.97229065e-01 7.42982089e-02 -2.31477622e-02 -2.64966666e-02 -7.43712012e-02 9.96878402e-01 -5.07650283e-02
9.99612494e-01 1.76232018e-03 2.77726224e-02 -3.40496668e-02 -3.85690578e-03 9.97134733e-01 7.55471000e-02 -2.35717707e-02 -2.75599097e-02 -7.56249554e-02 9.96755252e-01 -5.16578028e-02
9.99580320e-01 1.77745652e-03 2.89069723e-02 -3.51461016e-02 -3.99335004e-03 9.97040017e-01 7.67800703e-02 -2.39929162e-02 -2.86849362e-02 -7.68632949e-02 9.96628798e-01 -5.25659424e-02
9.99547026e-01 1.79414526e-03 3.00358322e-02 -3.62409066e-02 -4.13417774e-03 9.96942516e-01 7.80283265e-02 -2.44202926e-02 -2.98040062e-02 -7.81171641e-02 9.96498466e-01 -5.34813796e-02
9.99511030e-01 1.80983823e-03 3.12106260e-02 -3.73626560e-02 -4.27955690e-03 9.96845825e-01 7.92465709e-02 -2.48390417e-02 -3.09687597e-02 -7.93413944e-02 9.96366268e-01 -5.44015068e-02
9.99474349e-01 1.82143251e-03 3.23631267e-02 -3.84850183e-02 -4.42104507e-03 9.96749810e-01 8.04375020e-02 -2.52502826e-02 -3.21114303e-02 -8.05383050e-02 9.96234047e-01 -5.53281063e-02
9.99435172e-01 1.81890266e-03 3.35516346e-02 -3.96317661e-02 -4.55445260e-03 9.96651634e-01 8.16373956e-02 -2.56664202e-02 -3.32908036e-02 -8.17440984e-02 9.96097111e-01 -5.62457072e-02
9.99393856e-01 1.80405837e-03 3.47609037e-02 -4.08023590e-02 -4.67931574e-03 9.96554115e-01 8.28125203e-02 -2.60756968e-02 -3.44917249e-02 -8.29249883e-02 9.95958631e-01 -5.71511045e-02
9.99347509e-01 1.80633052e-03 3.60681186e-02 -4.20351086e-02 -4.83069765e-03 9.96458937e-01 8.39415017e-02 -2.64738174e-02 -3.57887747e-02 -8.40609750e-02 9.95817614e-01 -5.80683407e-02
9.99297513e-01 1.81482163e-03 3.74265433e-02 -4.32889061e-02 -4.99523641e-03 9.96363277e-01 8.50601278e-02 -2.68707764e-02 -3.71360649e-02 -8.51873435e-02 9.95672545e-01 -5.89984457e-02
9.99242098e-01 1.80492521e-03 3.88788990e-02 -4.46125351e-02 -5.15281573e-03 9.96265931e-01 8.61836602e-02 -2.72696748e-02 -3.85781672e-02 -8.63186890e-02 9.95520295e-01 -5.99418863e-02
9.99183153e-01 1.82455423e-03 4.03651939e-02 -4.59697038e-02 -5.34473074e-03 9.96170056e-01 8.72731924e-02 -2.76609057e-02 -4.00513636e-02 -8.74176515e-02 9.95366228e-01 -6.09054816e-02
9.99121232e-01 1.83089663e-03 4.18696242e-02 -4.73469560e-02 -5.52890976e-03 9.96071626e-01 8.83778493e-02 -2.80585692e-02 -4.15433372e-02 -8.85316857e-02 9.95206574e-01 -6.18601034e-02
9.99055123e-01 1.81202218e-03 4.34190699e-02 -4.87715877e-02 -5.69512485e-03 9.95972507e-01 8.94772631e-02 -2.84586338e-02 -4.30820706e-02 -8.96400031e-02 9.95041898e-01 -6.28160200e-02
9.98987015e-01 1.77741123e-03 4.49603436e-02 -5.01821130e-02 -5.84887490e-03 9.95871207e-01 9.05882273e-02 -2.88627830e-02 -4.46137028e-02 -9.07594376e-02 9.94872943e-01 -6.37876366e-02
9.98913524e-01 1.73935042e-03 4.65664871e-02 -5.16560967e-02 -6.00898921e-03 9.95767868e-01 9.17069786e-02 -2.92687873e-02 -4.62099036e-02 -9.18871623e-02 9.94696585e-01 -6.47676564e-02
9.98833829e-01 1.72741092e-03 4.82465108e-02 -5.31905867e-02 -6.20463783e-03 9.95664983e-01 9.28042193e-02 -2.96686165e-02 -4.78770552e-02 -9.29953461e-02 9.94514730e-01 -6.57453039e-02
9.98752916e-01 1.75378570e-03 4.98927812e-02 -5.47074749e-02 -6.43812294e-03 9.95562340e-01 9.38831442e-02 -3.00626240e-02 -4.95067286e-02 -9.40872775e-02 9.94332233e-01 -6.67358873e-02
9.98665981e-01 1.74323578e-03 5.16044500e-02 -5.62844338e-02 -6.64439399e-03 9.95459123e-01 9.49571275e-02 -3.04562903e-02 -5.12045934e-02 -9.51733262e-02 9.94142898e-01 -6.77188287e-02
9.98570559e-01 1.73781949e-03 5.34196395e-02 -5.79170957e-02 -6.86883456e-03 9.95355809e-01 9.60183835e-02 -3.08465400e-02 -5.30046902e-02 -9.62480508e-02 9.93945098e-01 -6.87082945e-02
9.98467465e-01 1.80496078e-03 5.53107951e-02 -5.96262908e-02 -7.17155161e-03 9.95260227e-01 9.69820715e-02 -3.12124631e-02 -5.48735908e-02 -9.72300971e-02 9.93748070e-01 -6.97351067e-02
9.98358843e-01 1.91861390e-03 5.72339278e-02 -6.13731590e-02 -7.52696922e-03 9.95164143e-01 9.79363318e-02 -3.15788593e-02 -5.67692558e-02 -9.82063917e-02 9.93545562e-01 -7.07506457e-02
9.98250466e-01 2.00886633e-03 5.90909361e-02 -6.31045464e-02 -7.85350757e-03 9.95071824e-01 9.88442902e-02 -3.19275148e-02 -5.86011676e-02 -9.91354205e-02 9.93346907e-01 -7.17635346e-02
9.98138388e-01 2.10735050e-03 6.09512183e-02 -6.48623973e-02 -8.18827397e-03 9.94984690e-01 9.96903669e-02 -3.22570243e-02 -6.04354559e-02 -1.00003859e-01 9.93149912e-01 -7.27977558e-02
9.98020038e-01 2.21584086e-03 6.28549627e-02 -6.66453073e-02 -8.54056518e-03 9.94896711e-01 1.00534983e-01 -3.25874708e-02 -6.23114382e-02 -1.00872742e-01 9.92946046e-01 -7.38403411e-02
9.97897930e-01 2.33648859e-03 6.47597483e-02 -6.84461764e-02 -8.90751489e-03 9.94809156e-01 1.01365911e-01 -3.29127674e-02 -6.41867636e-02 -1.01729685e-01 9.92739108e-01 -7.48676479e-02
9.97765605e-01 2.46534078e-03 6.67628536e-02 -7.03339122e-02 -9.29673973e-03 9.94719478e-01 1.02207209e-01 -3.32386786e-02 -6.61583514e-02 -1.02599516e-01 9.92520135e-01 -7.58749530e-02
9.97627573e-01 2.62943913e-03 6.87878283e-02 -7.22500718e-02 -9.72691328e-03 9.94628460e-01 1.03049079e-01 -3.35680768e-02 -6.81473897e-02 -1.03473703e-01 9.92294735e-01 -7.68464238e-02
9.97484394e-01 2.77679897e-03 7.08278344e-02 -7.41804257e-02 -1.01478084e-02 9.94533282e-01 1.03923304e-01 -3.39038965e-02 -7.01520827e-02 -1.04380629e-01 9.92060033e-01 -7.77981265e-02
9.97339505e-01 2.88098467e-03 7.28354614e-02 -7.61154746e-02 -1.05234927e-02 9.94441151e-01 1.04763889e-01 -3.42328392e-02 -7.21287785e-02 -1.05251655e-01 9.91826217e-01 -7.87601672e-02
9.97194989e-01 2.97909166e-03 7.47840329e-02 -7.80420081e-02 -1.08905026e-02 9.94348006e-01 1.05606787e-01 -3.45617380e-02 -7.40467672e-02 -1.06125000e-01 9.91591773e-01 -7.97111991e-02
9.97052476e-01 3.06851032e-03 7.66573563e-02 -7.99445362e-02 -1.12407231e-02 9.94259055e-01 1.06404631e-01 -3.48759864e-02 -7.58907905e-02 -1.06952685e-01 9.91363448e-01 -8.06523409e-02
9.96897189e-01 3.16616877e-03 7.86467480e-02 -8.19030639e-02 -1.16177340e-02 9.94165053e-01 1.07238930e-01 -3.52062763e-02 -7.78483387e-02 -1.07819891e-01 9.91117661e-01 -8.16018586e-02
9.96736485e-01 3.22728889e-03 8.06553936e-02 -8.38737126e-02 -1.19649770e-02 9.94069077e-01 1.08086777e-01 -3.55355950e-02 -7.98282377e-02 -1.08699080e-01 9.90864079e-01 -8.25454611e-02
9.96569790e-01 3.31350915e-03 8.26862155e-02 -8.58891825e-02 -1.23358126e-02 9.93981853e-01 1.08844389e-01 -3.58369464e-02 -8.18279760e-02 -1.09491034e-01 9.90613731e-01 -8.34778615e-02
9.96397133e-01 3.37386610e-03 8.47386139e-02 -8.79385688e-02 -1.26855025e-02 9.93895478e-01 1.09590284e-01 -3.61351425e-02 -8.38516190e-02 -1.10270406e-01 9.90357989e-01 -8.44114087e-02
9.96220771e-01 3.41404064e-03 8.67855531e-02 -9.00204653e-02 -1.30214102e-02 9.93803851e-01 1.10379133e-01 -3.64426708e-02 -8.58710125e-02 -1.11092069e-01 9.90093091e-01 -8.52981794e-02
9.96044351e-01 3.39303421e-03 8.87883432e-02 -9.20973764e-02 -1.32980766e-02 9.93707997e-01 1.11205926e-01 -3.67605208e-02 -8.78523986e-02 -1.11946761e-01 9.89822957e-01 -8.61530211e-02
9.95869550e-01 3.35996335e-03 9.07293092e-02 -9.41781920e-02 -1.35607690e-02 9.93609537e-01 1.12050513e-01 -3.70855601e-02 -8.97730648e-02 -1.12818063e-01 9.89551649e-01 -8.70075665e-02
9.95686487e-01 3.33933353e-03 9.27172167e-02 -9.63104593e-02 -1.38390683e-02 9.93517012e-01 1.12834382e-01 -3.73938339e-02 -9.17393806e-02 -1.13630804e-01 9.89278282e-01 -8.78522845e-02
9.95502246e-01 3.33613369e-03 9.46747922e-02 -9.84549607e-02 -1.41323561e-02 9.93426175e-01 1.13595080e-01 -3.77006683e-02 -9.36734927e-02 -1.14422155e-01 9.89005746e-01 -8.86852277e-02
9.95315233e-01 3.30910599e-03 9.66219474e-02 -1.00623057e-01 -1.44016955e-02 9.93337540e-01 1.14333947e-01 -3.80063114e-02 -9.55999097e-02 -1.15189860e-01 9.88732254e-01 -8.95230316e-02
9.95118075e-01 3.27679312e-03 9.86327656e-02 -1.02838560e-01 -1.46737599e-02 9.93251193e-01 1.15047435e-01 -3.83011063e-02 -9.75901684e-02 -1.15933118e-01 9.88450912e-01 -9.03501093e-02
9.94917003e-01 3.24046803e-03 1.00641865e-01 -1.05048340e-01 -1.49430560e-02 9.93166117e-01 1.15744856e-01 -3.85871482e-02 -9.95790727e-02 -1.16660447e-01 9.88166894e-01 -9.11643985e-02
9.94692079e-01 3.16215967e-03 1.02843555e-01 -1.07426486e-01 -1.51975845e-02 9.93079258e-01 1.16454970e-01 -3.88725238e-02 -1.01763599e-01 -1.17399835e-01 9.87856743e-01 -9.19392287e-02
9.94451148e-01 3.07626736e-03 1.05150255e-01 -1.09906692e-01 -1.54617260e-02 9.92990208e-01 1.17177360e-01 -3.91662166e-02 -1.04052753e-01 -1.18152991e-01 9.87528431e-01 -9.27266674e-02
9.94206238e-01 3.00459716e-03 1.07443513e-01 -1.12374110e-01 -1.57427015e-02 9.92899546e-01 1.17905957e-01 -3.94568312e-02 -1.06326405e-01 -1.18914310e-01 9.87194838e-01 -9.34608097e-02
9.93953449e-01 2.96724952e-03 1.09758226e-01 -1.14861195e-01 -1.60632380e-02 9.92808624e-01 1.18626205e-01 -3.97491702e-02 -1.08616968e-01 -1.19672024e-01 9.86853836e-01 -9.41825664e-02
9.93681001e-01 2.94976768e-03 1.12198206e-01 -1.17455409e-01 -1.64178743e-02 9.92721426e-01 1.19305237e-01 -4.00320117e-02 -1.11029696e-01 -1.20393437e-01 9.86497469e-01 -9.49386900e-02
9.93398407e-01 2.95413578e-03 1.14673211e-01 -1.20067908e-01 -1.67994492e-02 9.92636157e-01 1.19959711e-01 -4.03123931e-02 -1.13474457e-01 -1.21094266e-01 9.86133432e-01 -9.56814747e-02
9.93118068e-01 2.96709404e-03 1.17075862e-01 -1.22630447e-01 -1.71858620e-02 9.92548551e-01 1.20627818e-01 -4.05917425e-02 -1.15845628e-01 -1.21809749e-01 9.85769528e-01 -9.63970614e-02
9.92810918e-01 3.02694505e-03 1.19650811e-01 -1.25287608e-01 -1.76450258e-02 9.92458110e-01 1.21303468e-01 -4.08838530e-02 -1.18381310e-01 -1.22542688e-01 9.85377315e-01 -9.71513244e-02
9.92492703e-01 3.11452661e-03 1.22260038e-01 -1.27982664e-01 -1.81396442e-02 9.92366801e-01 1.21975355e-01 -4.11719476e-02 -1.20946986e-01 -1.23277441e-01 9.84973992e-01 -9.78865143e-02
9.92172274e-01 3.09877615e-03 1.24833946e-01 -1.30698215e-01 -1.85327913e-02 9.92274415e-01 1.22666042e-01 -4.14609205e-02 -1.23489492e-01 -1.24019411e-01 9.84565285e-01 -9.86326339e-02
9.91829562e-01 3.07843564e-03 1.27528821e-01 -1.33472448e-01 -1.89438152e-02 9.92177958e-01 1.23381371e-01 -4.17596242e-02 -1.26151541e-01 -1.24789214e-01 9.84130445e-01 -9.94111999e-02
9.91471021e-01 3.12161841e-03 1.30285986e-01 -1.36337258e-01 -1.94267091e-02 9.92083203e-01 1.24066418e-01 -4.20481595e-02 -1.28867325e-01 -1.25539324e-01 9.83683107e-01 -1.00180363e-01
9.91097526e-01 3.10824923e-03 1.33097526e-01 -1.39284164e-01 -1.98738209e-02 9.91979507e-01 1.24822591e-01 -4.23624077e-02 -1.31642109e-01 -1.26356561e-01 9.83210934e-01 -1.00956406e-01
9.90693695e-01 3.17618410e-03 1.36068975e-01 -1.42359832e-01 -2.04278129e-02 9.91872844e-01 1.25578510e-01 -4.26770437e-02 -1.34564328e-01 -1.27189477e-01 9.82707813e-01 -1.01677499e-01
9.90272310e-01 3.14750585e-03 1.39103338e-01 -1.45564588e-01 -2.08896436e-02 9.91775213e-01 1.26271750e-01 -4.29710170e-02 -1.37561869e-01 -1.27949280e-01 9.82194045e-01 -1.02413835e-01
9.89839203e-01 3.15139980e-03 1.42152212e-01 -1.48751247e-01 -2.13901672e-02 9.91676661e-01 1.26960119e-01 -4.32689925e-02 -1.40568997e-01 -1.28710813e-01 9.81668620e-01 -1.03137205e-01
9.89387048e-01 3.09514246e-03 1.45267059e-01 -1.52011179e-01 -2.18447660e-02 9.91577725e-01 1.27653578e-01 -4.35723489e-02 -1.43648543e-01 -1.29472172e-01 9.81122550e-01 -1.03874070e-01
9.88906752e-01 3.11660848e-03 1.48501140e-01 -1.55372464e-01 -2.23969124e-02 9.91476984e-01 1.28338532e-01 -4.38743700e-02 -1.46835551e-01 -1.30240852e-01 9.80548883e-01 -1.04555356e-01
9.88385982e-01 3.18231329e-03 1.51927290e-01 -1.58796838e-01 -2.30359198e-02 9.91363680e-01 1.29098314e-01 -4.42128937e-02 -1.50204439e-01 -1.31098787e-01 9.79924105e-01 -1.05252075e-01
9.87890512e-01 3.16343612e-03 1.55116625e-01 -1.62102641e-01 -2.35534306e-02 9.91261330e-01 1.29788961e-01 -4.45215368e-02 -1.53350608e-01 -1.31870855e-01 9.79333015e-01 -1.05982343e-01
9.87401231e-01 3.24094668e-03 1.58199724e-01 -1.65327833e-01 -2.41481137e-02 9.91164858e-01 1.30414713e-01 -4.48000248e-02 -1.56379422e-01 -1.32591911e-01 9.78756542e-01 -1.06644794e-01
9.86915570e-01 3.21986268e-03 1.61201960e-01 -1.68561370e-01 -2.46401678e-02 9.91067978e-01 1.31057145e-01 -4.50687113e-02 -1.59340206e-01 -1.33314426e-01 9.78180642e-01 -1.07296096e-01
9.86406794e-01 3.40595784e-03 1.64282931e-01 -1.71858049e-01 -2.53504673e-02 9.90969205e-01 1.31667234e-01 -4.53236050e-02 -1.62350968e-01 -1.34042144e-01 9.77585959e-01 -1.07906728e-01
9.85877584e-01 3.50401342e-03 1.67427258e-01 -1.75182463e-01 -2.60035436e-02 9.90857010e-01 1.32381907e-01 -4.56011785e-02 -1.65432711e-01 -1.34866101e-01 9.76955745e-01 -1.08454760e-01
9.85330697e-01 3.59259891e-03 1.70614448e-01 -1.78534181e-01 -2.66527574e-02 9.90748535e-01 1.33062729e-01 -4.58676208e-02 -1.68558083e-01 -1.35658175e-01 9.76311658e-01 -1.08997025e-01
9.84775972e-01 3.71055498e-03 1.73785419e-01 -1.81904987e-01 -2.73387998e-02 9.90634973e-01 1.33767214e-01 -4.61381905e-02 -1.71661683e-01 -1.36481858e-01 9.75655871e-01 -1.09538206e-01
9.84203521e-01 3.84374359e-03 1.76995893e-01 -1.85315370e-01 -2.80500124e-02 9.90520724e-01 1.34464222e-01 -4.64054287e-02 -1.74801383e-01 -1.37304934e-01 9.74982669e-01 -1.10065069e-01
9.83606996e-01 4.02112814e-03 1.80277548e-01 -1.88770476e-01 -2.88253376e-02 9.90400785e-01 1.35181992e-01 -4.66819099e-02 -1.78003566e-01 -1.38162553e-01 9.74281909e-01 -1.10586250e-01
9.82989651e-01 4.12276344e-03 1.83611706e-01 -1.92263273e-01 -2.95303031e-02 9.90287422e-01 1.35858781e-01 -4.69449772e-02 -1.81268380e-01 -1.38969929e-01 9.73564835e-01 -1.11087856e-01
9.82378475e-01 4.21887577e-03 1.86851788e-01 -1.95701674e-01 -3.02008826e-02 9.90189370e-01 1.36424781e-01 -4.71735786e-02 -1.84443223e-01 -1.39663902e-01 9.72868986e-01 -1.11601409e-01
9.81739965e-01 4.30443148e-03 1.90176063e-01 -1.99213346e-01 -3.08644004e-02 9.90100461e-01 1.36920489e-01 -4.73757713e-02 -1.87704176e-01 -1.40290032e-01 9.72154934e-01 -1.12075271e-01
9.81097661e-01 4.37565508e-03 1.93460692e-01 -2.02695412e-01 -3.15165196e-02 9.90008172e-01 1.37438013e-01 -4.75890904e-02 -1.90926428e-01 -1.40937363e-01 9.71433533e-01 -1.12560907e-01
9.80470533e-01 4.40743045e-03 1.96613699e-01 -2.06087976e-01 -3.21097900e-02 9.89920118e-01 1.37933942e-01 -4.78056711e-02 -1.94024070e-01 -1.41553426e-01 9.70729975e-01 -1.13085301e-01
9.79807259e-01 4.48176922e-03 1.99891196e-01 -2.09568042e-01 -3.27792043e-02 9.89821778e-01 1.38481114e-01 -4.80367044e-02 -1.97236162e-01 -1.42237105e-01 9.69982461e-01 -1.13580355e-01
9.79127334e-01 4.50877310e-03 2.03194773e-01 -2.13067380e-01 -3.34200520e-02 9.89716509e-01 1.39078799e-01 -4.82833911e-02 -2.00478301e-01 -1.42966669e-01 9.69210189e-01 -1.14061647e-01
9.78424893e-01 4.51287008e-03 2.06550409e-01 -2.16595772e-01 -3.40460164e-02 9.89614234e-01 1.39653443e-01 -4.85262980e-02 -2.03775147e-01 -1.43672666e-01 9.68417887e-01 -1.14529190e-01
9.77735981e-01 4.50771630e-03 2.09787415e-01 -2.20041843e-01 -3.46305095e-02 9.89525566e-01 1.40137105e-01 -4.87458756e-02 -2.06958477e-01 -1.44282173e-01 9.67651909e-01 -1.15011696e-01
9.77022893e-01 4.45141807e-03 2.13084801e-01 -2.23533872e-01 -3.51838137e-02 9.89432817e-01 1.40653003e-01 -4.89747843e-02 -2.10207169e-01 -1.44918385e-01 9.66856191e-01 -1.15462706e-01
9.76283917e-01 4.38683814e-03 2.16446572e-01 -2.27104926e-01 -3.57507041e-02 9.89334231e-01 1.41202486e-01 -4.92031004e-02 -2.13518750e-01 -1.45591883e-01 9.66028997e-01 -1.15841217e-01
9.75510063e-01 4.37073307e-03 2.19908170e-01 -2.30771791e-01 -3.63881882e-02 9.89231768e-01 1.41756363e-01 -4.94340345e-02 -2.16920751e-01 -1.46286875e-01 9.65165671e-01 -1.16186581e-01
9.74732870e-01 4.38688600e-03 2.23327464e-01 -2.34393709e-01 -3.70518226e-02 9.89131054e-01 1.42286275e-01 -4.96591539e-02 -2.20276115e-01 -1.46965855e-01 9.64302203e-01 -1.16543756e-01
9.73942671e-01 4.41092717e-03 2.26748171e-01 -2.38020197e-01 -3.77253702e-02 9.89031456e-01 1.42800772e-01 -4.98799557e-02 -2.23631362e-01 -1.47633985e-01 9.63427480e-01 -1.16895064e-01
9.73131121e-01 4.41642669e-03 2.30206108e-01 -2.41663795e-01 -3.83887950e-02 9.88932940e-01 1.43305475e-01 -5.00956205e-02 -2.27025668e-01 -1.48292409e-01 9.62532124e-01 -1.17246640e-01
9.72316826e-01 4.35093665e-03 2.33622664e-01 -2.45321601e-01 -3.89702362e-02 9.88842068e-01 1.43774755e-01 -5.02977588e-02 -2.30390534e-01 -1.48899006e-01 9.61638506e-01 -1.17590526e-01
9.71495443e-01 4.34429630e-03 2.37015176e-01 -2.48988978e-01 -3.96158479e-02 9.88746069e-01 1.44257528e-01 -5.05058202e-02 -2.33721309e-01 -1.49535153e-01 9.60735591e-01 -1.17924643e-01
9.70652827e-01 4.32793516e-03 2.40442848e-01 -2.52677061e-01 -4.02679844e-02 9.88645718e-01 1.44763943e-01 -5.07194943e-02 -2.37086439e-01 -1.50197750e-01 9.59807246e-01 -1.18248648e-01
9.69790795e-01 4.28671008e-03 2.43897136e-01 -2.56392300e-01 -4.09039527e-02 9.88545541e-01 1.45268977e-01 -5.09314954e-02 -2.40480869e-01 -1.50856948e-01 9.58858930e-01 -1.18564949e-01
9.68947705e-01 4.14797380e-03 2.47227695e-01 -2.60050914e-01 -4.14301822e-02 9.88446740e-01 1.45791306e-01 -5.11491631e-02 -2.43766837e-01 -1.51506913e-01 9.57926271e-01 -1.18876813e-01
9.68100132e-01 3.96801574e-03 2.50528926e-01 -2.63740380e-01 -4.19051236e-02 9.88354966e-01 1.46276785e-01 -5.13516495e-02 -2.47031261e-01 -1.52109099e-01 9.56994073e-01 -1.19180148e-01
9.67271215e-01 3.77619131e-03 2.53713475e-01 -2.67370513e-01 -4.23682589e-02 9.88254928e-01 1.46818279e-01 -5.15676317e-02 -2.50179363e-01 -1.52762568e-01 9.56071755e-01 -1.19479617e-01
9.66409250e-01 3.63315180e-03 2.56979387e-01 -2.71054735e-01 -4.29108183e-02 9.88144603e-01 1.47402299e-01 -5.17917175e-02 -2.53397435e-01 -1.53478209e-01 9.55109207e-01 -1.19747816e-01
9.65508339e-01 3.55615408e-03 2.60344918e-01 -2.74812407e-01 -4.35412213e-02 9.88030692e-01 1.47980018e-01 -5.20152125e-02 -2.56702696e-01 -1.54211739e-01 9.54107945e-01 -1.19982753e-01
9.64590906e-01 3.47206303e-03 2.63724896e-01 -2.78590921e-01 -4.41803135e-02 9.87911345e-01 1.48586130e-01 -5.22410698e-02 -2.60021086e-01 -1.54976336e-01 9.53084943e-01 -1.20172425e-01
9.63662554e-01 3.37975441e-03 2.67098466e-01 -2.82399489e-01 -4.48032749e-02 9.87798846e-01 1.49146279e-01 -5.24479802e-02 -2.63335666e-01 -1.55693621e-01 9.52057440e-01 -1.20318419e-01
9.62726407e-01 3.23793122e-03 2.70455069e-01 -2.86225317e-01 -4.53841305e-02 9.87684463e-01 1.49727162e-01 -5.26552145e-02 -2.66639645e-01 -1.56420707e-01 9.51018125e-01 -1.20440398e-01
9.61774694e-01 3.16297402e-03 2.73820961e-01 -2.90090941e-01 -4.60358143e-02 9.87568833e-01 1.50289621e-01 -5.28566123e-02 -2.69941885e-01 -1.57150382e-01 9.49965597e-01 -1.20540294e-01
9.60839266e-01 3.15633899e-03 2.77085609e-01 -2.93931510e-01 -4.67558549e-02 9.87444135e-01 1.50885414e-01 -5.30582388e-02 -2.73130516e-01 -1.57932056e-01 9.48923991e-01 -1.20612431e-01
9.59923562e-01 3.11510195e-03 2.80241793e-01 -2.97716206e-01 -4.74230834e-02 9.87323512e-01 1.51465449e-01 -5.32486878e-02 -2.76217675e-01 -1.58685244e-01 9.47904175e-01 -1.20693359e-01
9.58994226e-01 3.00740810e-03 2.83406801e-01 -3.01524242e-01 -4.80485758e-02 9.87193954e-01 1.52111530e-01 -5.34517181e-02 -2.79320203e-01 -1.59491437e-01 9.46859162e-01 -1.20730561e-01
9.58022844e-01 2.91013607e-03 2.86674190e-01 -3.05375265e-01 -4.86942385e-02 9.87070066e-01 1.52708955e-01 -5.36404690e-02 -2.82523296e-01 -1.60258121e-01 9.45778752e-01 -1.20719815e-01
9.57037098e-01 2.83885673e-03 2.89948692e-01 -3.09275085e-01 -4.93727315e-02 9.86944382e-01 1.53302207e-01 -5.38293708e-02 -2.85728223e-01 -1.61031530e-01 9.44683946e-01 -1.20681465e-01
9.56052989e-01 2.79743948e-03 2.93177544e-01 -3.13213236e-01 -5.00900828e-02 9.86810761e-01 1.53928099e-01 -5.40188962e-02 -2.88880363e-01 -1.61848788e-01 9.43584936e-01 -1.20651825e-01
9.55079685e-01 2.78942903e-03 2.96332974e-01 -3.17146978e-01 -5.08571264e-02 9.86662604e-01 1.54624744e-01 -5.42250841e-02 -2.91949581e-01 -1.62749685e-01 9.42484657e-01 -1.20597424e-01
9.54072253e-01 2.79515566e-03 2.99560699e-01 -3.21138788e-01 -5.16462061e-02 9.86518210e-01 1.55283272e-01 -5.44206184e-02 -2.95088278e-01 -1.63622722e-01 9.41355351e-01 -1.20498062e-01
9.53023182e-01 2.82092827e-03 3.02881533e-01 -3.25179378e-01 -5.24659695e-02 9.86377889e-01 1.55898592e-01 -5.46009005e-02 -2.98316124e-01 -1.64466026e-01 9.40190300e-01 -1.20325866e-01
9.51963333e-01 2.81990123e-03 3.06196386e-01 -3.29240497e-01 -5.32497436e-02 9.86245353e-01 1.56470518e-01 -5.47677107e-02 -3.01543790e-01 -1.65259165e-01 9.39020817e-01 -1.20147854e-01
9.50916629e-01 2.68300776e-03 3.09432920e-01 -3.33269754e-01 -5.38819149e-02 9.86121475e-01 1.57033897e-01 -5.49325393e-02 -3.04717379e-01 -1.65999072e-01 9.37865128e-01 -1.19987367e-01
9.49757175e-01 2.61434445e-03 3.12974064e-01 -3.37457166e-01 -5.46680167e-02 9.85978185e-01 1.57660595e-01 -5.51127821e-02 -3.08173677e-01 -1.66849050e-01 9.36584068e-01 -1.19737838e-01
9.48541630e-01 2.53839983e-03 3.16639529e-01 -3.41746369e-01 -5.54614236e-02 9.85841008e-01 1.58239979e-01 -5.52822379e-02 -3.11754833e-01 -1.67658584e-01 9.35253343e-01 -1.19452617e-01
9.47276950e-01 2.52563154e-03 3.20403330e-01 -3.46095537e-01 -5.63516317e-02 9.85694936e-01 1.58834556e-01 -5.54630232e-02 -3.15419055e-01 -1.68515665e-01 9.33869693e-01 -1.19176927e-01
9.46000041e-01 2.40777327e-03 3.24154979e-01 -3.50467403e-01 -5.71111064e-02 9.85568026e-01 1.59350038e-01 -5.56053217e-02 -3.19093372e-01 -1.69258086e-01 9.32486194e-01 -1.18924007e-01
9.44665068e-01 2.34940921e-03 3.28025328e-01 -3.54898506e-01 -5.79874155e-02 9.85421669e-01 1.59937511e-01 -5.57823605e-02 -3.22867774e-01 -1.70108825e-01 9.31031001e-01 -1.18613680e-01
9.43309263e-01 2.36597612e-03 3.31903946e-01 -3.59350626e-01 -5.89503091e-02 9.85269806e-01 1.60520162e-01 -5.59547219e-02 -3.26635416e-01 -1.70986112e-01 9.29554924e-01 -1.18323255e-01
9.41897415e-01 2.57414802e-03 3.35888112e-01 -3.63838920e-01 -6.01487984e-02 9.85099441e-01 1.61119823e-01 -5.61306781e-02 -3.30468728e-01 -1.71961723e-01 9.28018798e-01 -1.18042622e-01
9.40438675e-01 2.86633685e-03 3.39948650e-01 -3.68371686e-01 -6.14244272e-02 9.84938654e-01 1.61620785e-01 -5.62744102e-02 -3.34365596e-01 -1.72875700e-01 9.26451803e-01 -1.17757175e-01
9.38995457e-01 3.14472164e-03 3.43912567e-01 -3.72906240e-01 -6.26765976e-02 9.84777188e-01 1.62123227e-01 -5.64034588e-02 -3.38167715e-01 -1.73788358e-01 9.24899721e-01 -1.17429777e-01
9.37527536e-01 3.45620895e-03 3.47891375e-01 -3.77457325e-01 -6.39705045e-02 9.84613477e-01 1.62611407e-01 -5.65170154e-02 -3.41976817e-01 -1.74707568e-01 9.23324675e-01 -1.17038412e-01
9.36070787e-01 3.74716203e-03 3.51789226e-01 -3.81945146e-01 -6.52549086e-02 9.84440101e-01 1.63149930e-01 -5.66506401e-02 -3.45704362e-01 -1.75675967e-01 9.21751493e-01 -1.16596088e-01
9.34582077e-01 4.01954081e-03 3.55722381e-01 -3.86479803e-01 -6.65114926e-02 9.84277602e-01 1.63622359e-01 -5.67480882e-02 -3.49472176e-01 -1.76578264e-01 9.20156882e-01 -1.16116723e-01
9.33073204e-01 4.24742859e-03 3.59658940e-01 -3.91027299e-01 -6.77361037e-02 9.84113228e-01 1.64107766e-01 -5.68454165e-02 -3.53248384e-01 -1.77486566e-01 9.18538769e-01 -1.15610476e-01
9.31494470e-01 4.47596435e-03 3.63725470e-01 -3.95608910e-01 -6.89968332e-02 9.83944866e-01 1.64591426e-01 -5.69380192e-02 -3.57149421e-01 -1.78412029e-01 9.16849360e-01 -1.15063101e-01
9.29876625e-01 4.67472984e-03 3.67839394e-01 -4.00221123e-01 -7.02393732e-02 9.83778639e-01 1.65058666e-01 -5.70207015e-02 -3.61101267e-01 -1.79321117e-01 9.15122473e-01 -1.14478999e-01
9.28180390e-01 4.92755782e-03 3.72095611e-01 -4.04917871e-01 -7.15645415e-02 9.83610701e-01 1.65489810e-01 -5.70884164e-02 -3.65182101e-01 -1.80233358e-01 9.13322142e-01 -1.13852425e-01
9.26348532e-01 5.37329662e-03 3.76626876e-01 -4.09746867e-01 -7.31944477e-02 9.83405022e-01 1.65998414e-01 -5.71810467e-02 -3.69485165e-01 -1.81339492e-01 9.11370415e-01 -1.13109803e-01
9.24578715e-01 5.58215188e-03 3.80947785e-01 -4.14476682e-01 -7.44998289e-02 9.83237897e-01 1.66407055e-01 -5.72260810e-02 -3.73633754e-01 -1.82237087e-01 9.09498067e-01 -1.12359234e-01
9.22813002e-01 5.73965628e-03 3.85203093e-01 -4.19126615e-01 -7.57558171e-02 9.83069095e-01 1.66836664e-01 -5.72859830e-02 -3.77724052e-01 -1.83140532e-01 9.07625129e-01 -1.11588722e-01
9.20916705e-01 5.97785265e-03 3.89711245e-01 -4.23921605e-01 -7.71759521e-02 9.82880541e-01 1.67296005e-01 -5.73469877e-02 -3.82039917e-01 -1.84142142e-01 9.05613845e-01 -1.10712845e-01
9.19033101e-01 6.09486093e-03 3.94130917e-01 -4.28671191e-01 -7.84445339e-02 9.82707854e-01 1.67720120e-01 -5.73768310e-02 -3.86293690e-01 -1.85057883e-01 9.03620528e-01 -1.09811207e-01
9.17104386e-01 6.21623690e-03 3.98596383e-01 -4.33449305e-01 -7.97245961e-02 9.82538168e-01 1.68110188e-01 -5.74009431e-02 -3.90591538e-01 -1.85952653e-01 9.01587009e-01 -1.08894816e-01
9.15150560e-01 6.30354394e-03 4.03060647e-01 -4.38242474e-01 -8.09309358e-02 9.82391567e-01 1.68390223e-01 -5.73893062e-02 -3.94902318e-01 -1.86722606e-01 8.99547733e-01 -1.07968993e-01
9.13141728e-01 6.36719770e-03 4.07590282e-01 -4.43069293e-01 -8.21582380e-02 9.82233334e-01 1.68718636e-01 -5.73844174e-02 -3.99274880e-01 -1.87551041e-01 8.97442786e-01 -1.06968916e-01
9.11183579e-01 6.39766189e-03 4.11948707e-01 -4.47838943e-01 -8.33016107e-02 9.82088362e-01 1.69001684e-01 -5.73604809e-02 -4.03489205e-01 -1.88307669e-01 8.95397144e-01 -1.05967017e-01
9.09129182e-01 6.41417880e-03 4.16462691e-01 -4.52644964e-01 -8.45000264e-02 9.81927926e-01 1.69338615e-01 -5.73419558e-02 -4.07850571e-01 -1.89141902e-01 8.93242762e-01 -1.04851093e-01
9.07011388e-01 6.45221609e-03 4.21054472e-01 -4.57570670e-01 -8.57175710e-02 9.81776687e-01 1.69603266e-01 -5.72856976e-02 -4.12287557e-01 -1.89923980e-01 8.91037149e-01 -1.03612275e-01
9.04897229e-01 6.45316702e-03 4.25579069e-01 -4.62490066e-01 -8.68908039e-02 9.81627598e-01 1.69868960e-01 -5.72250803e-02 -4.16664394e-01 -1.90692976e-01 8.88834249e-01 -1.02393480e-01
9.02697911e-01 6.50041430e-03 4.30223679e-01 -4.67500170e-01 -8.80705317e-02 9.81506692e-01 1.69960243e-01 -5.71155379e-02 -4.21163020e-01 -1.91312907e-01 8.86577949e-01 -1.01115676e-01
9.00302449e-01 6.52625015e-03 4.35213917e-01 -4.72648254e-01 -8.92939225e-02 9.81389091e-01 1.70000941e-01 -5.69882384e-02 -4.26005164e-01 -1.91914337e-01 8.84131136e-01 -9.97006093e-02
8.97815997e-01 6.73339158e-03 4.40317337e-01 -4.77853912e-01 -9.07448570e-02 9.81251808e-01 1.70025251e-01 -5.68312823e-02 -4.30917762e-01 -1.92608038e-01 8.81595975e-01 -9.81982374e-02
8.95287883e-01 6.95197408e-03 4.45431970e-01 -4.83019234e-01 -9.22664251e-02 9.81090556e-01 1.70137163e-01 -5.66902454e-02 -4.35826717e-01 -1.93420261e-01 8.79001265e-01 -9.66432496e-02
8.92638039e-01 7.26395210e-03 4.50713784e-01 -4.88289753e-01 -9.39350803e-02 9.80916227e-01 1.70229397e-01 -5.65340043e-02 -4.40876320e-01 -1.94291184e-01 8.76286804e-01 -9.49901224e-02
8.89830918e-01 7.64819783e-03 4.56224452e-01 -4.93688916e-01 -9.56856692e-02 9.80754516e-01 1.70186204e-01 -5.63400972e-02 -4.46142953e-01 -1.95091207e-01 8.73438865e-01 -9.33213198e-02
8.87070716e-01 8.04086880e-03 4.61561595e-01 -4.99036686e-01 -9.73335354e-02 9.80627909e-01 1.69980945e-01 -5.60836372e-02 -4.51253786e-01 -1.95710669e-01 8.70670341e-01 -9.17244721e-02
8.84327484e-01 8.42204525e-03 4.66789241e-01 -5.04352242e-01 -9.89257842e-02 9.80513235e-01 1.69723089e-01 -5.58024276e-02 -4.56264015e-01 -1.96268412e-01 8.67929354e-01 -9.00821154e-02
8.81425159e-01 8.92119443e-03 4.72237587e-01 -5.09820282e-01 -1.00707674e-01 9.80379256e-01 1.69448963e-01 -5.55240446e-02 -4.61460658e-01 -1.96914659e-01 8.65030738e-01 -8.83922518e-02
8.78441066e-01 9.35964765e-03 4.77757218e-01 -5.15337278e-01 -1.02449706e-01 9.80247239e-01 1.69168150e-01 -5.52018358e-02 -4.66737265e-01 -1.97550461e-01 8.62049689e-01 -8.66302400e-02
8.75465811e-01 9.76517862e-03 4.83179538e-01 -5.20851607e-01 -1.04104287e-01 9.80133556e-01 1.68816371e-01 -5.48669857e-02 -4.71932374e-01 -1.98094156e-01 8.59091404e-01 -8.49588641e-02
8.72522519e-01 1.02234819e-02 4.88465066e-01 -5.26343649e-01 -1.05778072e-01 9.80020003e-01 1.68434946e-01 -5.45012152e-02 -4.76983945e-01 -1.98632322e-01 8.56172302e-01 -8.32372493e-02
8.69509392e-01 1.07056409e-02 4.93798457e-01 -5.31912901e-01 -1.07427210e-01 9.79929081e-01 1.67919227e-01 -5.40495969e-02 -4.82090203e-01 -1.99054891e-01 8.53209010e-01 -8.14515209e-02
8.66480030e-01 1.11531512e-02 4.99085243e-01 -5.37513598e-01 -1.09018397e-01 9.79846612e-01 1.67374093e-01 -5.36011880e-02 -4.87160669e-01 -1.99435938e-01 8.50234795e-01 -7.96589462e-02
8.63335165e-01 1.17263768e-02 5.04492857e-01 -5.43135790e-01 -1.10704774e-01 9.79776791e-01 1.66674593e-01 -5.30953088e-02 -4.92336346e-01 -1.99745960e-01 8.47175255e-01 -7.78309503e-02
8.60228828e-01 1.21560862e-02 5.09761418e-01 -5.48750438e-01 -1.12316633e-01 9.79678376e-01 1.66173812e-01 -5.26477892e-02 -4.97382681e-01 -2.00202352e-01 8.44114249e-01 -7.58966396e-02
8.57124115e-01 1.25143959e-02 5.14956118e-01 -5.54383154e-01 -1.13912957e-01 9.79557628e-01 1.65798632e-01 -5.22433297e-02 -5.02354788e-01 -2.00770332e-01 8.41029360e-01 -7.39347953e-02
8.53899199e-01 1.27486702e-02 5.20280491e-01 -5.60069703e-01 -1.15353085e-01 9.79469853e-01 1.65320473e-01 -5.18061812e-02 -5.07491942e-01 -2.01183121e-01 8.37840508e-01 -7.19153641e-02
8.50629328e-01 1.29017128e-02 5.25605794e-01 -5.65819544e-01 -1.16730621e-01 9.79381885e-01 1.64874206e-01 -5.13707283e-02 -5.12642125e-01 -2.01601269e-01 8.34598368e-01 -6.98388641e-02
8.47353553e-01 1.30424407e-02 5.30867250e-01 -5.71480216e-01 -1.18120524e-01 9.79281306e-01 1.64481198e-01 -5.09518745e-02 -5.17723636e-01 -2.02080181e-01 8.31339479e-01 -6.77194334e-02
8.43992159e-01 1.31851282e-02 5.36191735e-01 -5.77229164e-01 -1.19495016e-01 9.79193182e-01 1.64012462e-01 -5.05011907e-02 -5.22873252e-01 -2.02497609e-01 8.28008328e-01 -6.55236309e-02
8.40579943e-01 1.33056695e-02 5.41522468e-01 -5.83002654e-01 -1.20851207e-01 9.79106739e-01 1.63534286e-01 -5.00520877e-02 -5.28032842e-01 -2.02907411e-01 8.24626884e-01 -6.33067453e-02
