1.00000000e+00 0.00000000e+00 0.00000000e+00 0.00000000e+00 0.00000000e+00 1.00000000e+00 0.00000000e+00 0.00000000e+00 0.00000000e+00 0.00000000e+00 1.00000000e+00 0.00000000e+00
9.99999226e-01 7.16199444e-04 1.01790403e-03 -4.08032409e-04 -7.17873871e-04 9.99998386e-01 1.64555043e-03 -6.18059108e-04 -1.01672388e-03 -1.64627999e-03 9.99998163e-01 -1.76545219e-03
9.99996672e-01 1.25796108e-03 2.26554770e-03 -9.75386211e-04 -1.26604364e-03 9.99992849e-01 3.56970187e-03 -1.30763594e-03 -2.26104096e-03 -3.57255842e-03 9.99991091e-01 -3.53542402e-03
9.99991012e-01 1.87505768e-03 3.80831422e-03 -1.79947255e-03 -1.89741064e-03 9.99980972e-01 5.87441650e-03 -2.13271719e-03 -3.79722689e-03 -5.88158986e-03 9.99975550e-01 -5.38916367e-03
9.99983682e-01 2.23572003e-03 5.26334279e-03 -2.58419769e-03 -2.27774026e-03 9.99965512e-01 7.99115731e-03 -2.88653931e-03 -5.24529509e-03 -8.00301544e-03 9.99954314e-01 -7.31682501e-03
9.99977510e-01 2.13175805e-03 6.36299529e-03 -3.10333175e-03 -2.19869607e-03 9.99942143e-01 1.05315002e-02 -3.70798767e-03 -6.34017654e-03 -1.05452539e-02 9.99924375e-01 -9.01286460e-03
9.99967151e-01 1.89072677e-03 7.88071681e-03 -3.91119970e-03 -1.99621855e-03 9.99908209e-01 1.33997627e-02 -4.59743106e-03 -7.85465854e-03 -1.34150551e-02 9.99879220e-01 -1.06584077e-02
9.99947335e-01 2.02552820e-03 1.00608946e-02 -5.11189451e-03 -2.19024283e-03 9.99863273e-01 1.63878156e-02 -5.59314518e-03 -1.00263257e-02 -1.64089891e-02 9.99815161e-01 -1.23139022e-02
9.99931593e-01 1.64944403e-03 1.15786007e-02 -5.94519958e-03 -1.87221945e-03 9.99812787e-01 1.92558667e-02 -6.52337050e-03 -1.15446727e-02 -1.92762285e-02 9.99747589e-01 -1.38487220e-02
9.99910378e-01 6.52397992e-04 1.33729481e-02 -7.00884946e-03 -9.53566552e-04 9.99745762e-01 2.25267277e-02 -7.52149667e-03 -1.33548529e-02 -2.25374623e-02 9.99656854e-01 -1.52364564e-02
9.99878805e-01 3.83806876e-04 1.55623687e-02 -8.41702781e-03 -7.86593428e-04 9.99664605e-01 2.58842207e-02 -8.54068616e-03 -1.55472155e-02 -2.58933270e-02 9.99543871e-01 -1.67182655e-02
9.99854418e-01 5.60323715e-04 1.70524072e-02 -9.38497935e-03 -1.05243699e-03 9.99582772e-01 2.88635909e-02 -9.53769105e-03 -1.70291198e-02 -2.88773369e-02 9.99438010e-01 -1.80749298e-02
9.99826372e-01 3.72418724e-04 1.86293000e-02 -1.04415229e-02 -9.78831466e-04 9.99469466e-01 3.25530315e-02 -1.07162880e-02 -1.86072947e-02 -3.25656158e-02 9.99296478e-01 -1.93686845e-02
9.99789153e-01 6.47468754e-04 2.05228200e-02 -1.16701585e-02 -1.39540754e-03 9.99334419e-01 3.64509057e-02 -1.19603022e-02 -2.04855609e-02 -3.64718602e-02 9.99124804e-01 -2.05645723e-02
9.99736794e-01 8.42848296e-04 2.29257633e-02 -1.32354783e-02 -1.75831403e-03 9.99200493e-01 3.99409498e-02 -1.31451118e-02 -2.28737702e-02 -3.99707523e-02 9.98939122e-01 -2.20230518e-02
9.99676040e-01 3.32308603e-04 2.54478183e-02 -1.49457302e-02 -1.46660680e-03 9.99005250e-01 4.45678139e-02 -1.44690402e-02 -2.54076952e-02 -4.45907038e-02 9.98682282e-01 -2.31318254e-02
9.99614149e-01 4.81511720e-04 2.77711139e-02 -1.66017264e-02 -1.82442229e-03 9.98828742e-01 4.83513423e-02 -1.57454918e-02 -2.77153052e-02 -4.83833602e-02 9.98444347e-01 -2.44632612e-02
9.99547323e-01 3.34205833e-04 3.00827830e-02 -1.82049453e-02 -1.91729208e-03 9.98613272e-01 5.26108851e-02 -1.70210816e-02 -3.00234836e-02 -5.26447547e-02 9.98161990e-01 -2.54346991e-02
9.99487650e-01 5.24633914e-04 3.20018971e-02 -1.97977483e-02 -2.36162503e-03 9.98348984e-01 5.73918297e-02 -1.84598765e-02 -3.19189508e-02 -5.74380088e-02 9.97838840e-01 -2.67491802e-02
9.99425402e-01 1.36271932e-03 3.38668416e-02 -2.13141545e-02 -3.44347670e-03 9.98103856e-01 6.14572497e-02 -1.97338727e-02 -3.37188735e-02 -6.15385645e-02 9.97535156e-01 -2.82268150e-02
9.99369922e-01 2.57166564e-03 3.53990195e-02 -2.26162945e-02 -4.90077282e-03 9.97816450e-01 6.58672138e-02 -2.10661488e-02 -3.51523340e-02 -6.59992072e-02 9.97200416e-01 -2.92080390e-02
9.99301253e-01 2.97795816e-03 3.72579734e-02 -2.41357626e-02 -5.59715515e-03 9.97503675e-01 7.03935119e-02 -2.24737591e-02 -3.69553368e-02 -7.05528728e-02 9.96823376e-01 -3.01720957e-02
9.99228063e-01 2.46068838e-03 3.92086573e-02 -2.57951269e-02 -5.42017088e-03 9.97127044e-01 7.55539017e-02 -2.40153317e-02 -3.89101007e-02 -7.57081020e-02 9.96370680e-01 -3.11978735e-02
9.99171141e-01 3.43291306e-03 4.05632157e-02 -2.70471520e-02 -6.70006830e-03 9.96717154e-01 8.06856798e-02 -2.54884144e-02 -4.01530686e-02 -8.08905853e-02 9.95913993e-01 -3.20084299e-02
9.99103182e-01 3.82692331e-03 4.21694659e-02 -2.85964002e-02 -7.45582627e-03 9.96246766e-01 8.62372472e-02 -2.69905115e-02 -4.16811755e-02 -8.64743240e-02 9.95381858e-01 -3.31355649e-02
9.99056046e-01 3.39673138e-03 4.33066361e-02 -2.98083967e-02 -7.36676380e-03 9.95746034e-01 9.18456823e-02 -2.84451514e-02 -4.28104397e-02 -9.20780266e-02 9.94831164e-01 -3.36597539e-02
9.99032046e-01 3.54002196e-03 4.38457815e-02 -3.07526285e-02 -7.83900106e-03 9.95129205e-01 9.82679190e-02 -3.00638945e-02 -4.32843486e-02 -9.85165230e-02 9.94193705e-01 -3.41757164e-02
9.98968122e-01 3.83439376e-03 4.52551204e-02 -3.22488760e-02 -8.53627092e-03 9.94523342e-01 1.04166510e-01 -3.14572962e-02 -4.46078598e-02 -1.04445350e-01 9.93529790e-01 -3.47554003e-02
9.98918643e-01 3.25462572e-03 4.63788324e-02 -3.36162731e-02 -8.36048839e-03 9.93860380e-01 1.10326271e-01 -3.28962403e-02 -4.57350148e-02 -1.10594738e-01 9.92812785e-01 -3.53555581e-02
9.98867405e-01 3.04029175e-03 4.74838084e-02 -3.50504696e-02 -8.53250348e-03 9.93224893e-01 1.15895194e-01 -3.41191528e-02 -4.68097490e-02 -1.16169106e-01 9.92125827e-01 -3.59853708e-02
9.98814904e-01 3.23327313e-03 4.85627625e-02 -3.64959036e-02 -9.12876596e-03 9.92528217e-01 1.21674127e-01 -3.53551506e-02 -4.78065105e-02 -1.21973273e-01 9.91381392e-01 -3.67250044e-02
9.98760972e-01 3.63392463e-03 4.96317493e-02 -3.79365906e-02 -9.93025883e-03 9.91825985e-01 1.27211572e-01 -3.64692033e-02 -4.87637868e-02 -1.27546837e-01 9.90633052e-01 -3.74224787e-02
9.98703487e-01 4.17318094e-03 5.07343550e-02 -3.94405791e-02 -1.08935865e-02 9.91067137e-01 1.32918979e-01 -3.76071793e-02 -4.97264628e-02 -1.33299351e-01 9.89827521e-01 -3.80505471e-02
9.98633198e-01 4.47753140e-03 5.20749396e-02 -4.10275796e-02 -1.16486716e-02 9.90331263e-01 1.38233654e-01 -3.86568605e-02 -5.09524992e-02 -1.38651336e-01 9.89029668e-01 -3.89044099e-02
9.98588653e-01 5.05698026e-03 5.28704734e-02 -4.23557414e-02 -1.26396724e-02 9.89484195e-01 1.44088531e-01 -3.98787408e-02 -5.15858512e-02 -1.44553452e-01 9.88151403e-01 -3.96304553e-02
9.98562828e-01 5.75773573e-03 5.32846240e-02 -4.33750067e-02 -1.37236534e-02 9.88535265e-01 1.50366149e-01 -4.12055137e-02 -5.18079644e-02 -1.50881324e-01 9.87193390e-01 -4.01390644e-02
9.98521390e-01 7.32428401e-03 5.38649249e-02 -4.45556024e-02 -1.56509764e-02 9.87659570e-01 1.55833047e-01 -4.22971515e-02 -5.20588432e-02 -1.56445694e-01 9.86313666e-01 -4.06884788e-02
9.98461029e-01 8.50496450e-03 5.48024932e-02 -4.58729480e-02 -1.72379529e-02 9.86817816e-01 1.60915564e-01 -4.32916767e-02 -5.27114931e-02 -1.61612622e-01 9.85445563e-01 -4.10753663e-02
9.98403955e-01 9.61290095e-03 5.56518385e-02 -4.72432316e-02 -1.87427528e-02 9.85957709e-01 1.65941074e-01 -4.42574040e-02 -5.32751816e-02 -1.66719320e-01 9.84564102e-01 -4.16691975e-02
9.98343567e-01 1.09313797e-02 5.64852158e-02 -4.85730235e-02 -2.04402775e-02 9.85124620e-01 1.70622539e-01 -4.51096305e-02 -5.37798312e-02 -1.71494517e-01 9.83716139e-01 -4.22657000e-02
9.98280260e-01 1.21677389e-02 5.73448279e-02 -4.97922601e-02 -2.20813919e-02 9.84220600e-01 1.75563903e-01 -4.60894722e-02 -5.43037374e-02 -1.76528269e-01 9.82796493e-01 -4.26105596e-02
9.98204058e-01 1.29136206e-02 5.84965076e-02 -5.11185763e-02 -2.33048161e-02 9.83278143e-01 1.80613931e-01 -4.71819484e-02 -5.51859512e-02 -1.81652844e-01 9.81813019e-01 -4.28424713e-02
9.98145668e-01 1.36609985e-02 5.93180755e-02 -5.22582139e-02 -2.44904223e-02 9.82266731e-01 1.85883764e-01 -4.82767944e-02 -5.57268066e-02 -1.86991826e-01 9.80779629e-01 -4.29854353e-02
9.98098173e-01 1.38388242e-02 6.00713362e-02 -5.32882681e-02 -2.50968675e-02 9.81283307e-01 1.90928544e-01 -4.93498162e-02 -5.63047649e-02 -1.92073059e-01 9.79764169e-01 -4.31426468e-02
9.98039404e-01 1.42124025e-02 6.09545311e-02 -5.43103750e-02 -2.59304620e-02 9.80258933e-01 1.96011506e-01 -5.05125140e-02 -5.69654221e-02 -1.97207799e-01 9.78705356e-01 -4.32086760e-02
9.97972436e-01 1.52586845e-02 6.17924660e-02 -5.54033667e-02 -2.73865334e-02 9.79315928e-01 2.00476450e-01 -5.15004141e-02 -5.74553306e-02 -2.01762264e-01 9.77747946e-01 -4.34209811e-02
9.97886340e-01 1.61151020e-02 6.29542178e-02 -5.65902822e-02 -2.86858245e-02 9.78504980e-01 2.04219646e-01 -5.22892332e-02 -5.83099842e-02 -2.05593905e-01 9.76898805e-01 -4.33484640e-02
9.97813594e-01 1.70507183e-02 6.38545535e-02 -5.77261627e-02 -3.00263296e-02 9.77636342e-01 2.08149297e-01 -5.29286904e-02 -5.88774266e-02 -2.09611527e-01 9.76010576e-01 -4.31650492e-02
9.97751258e-01 1.77472302e-02 6.46341234e-02 -5.87649510e-02 -3.11117186e-02 9.76759335e-01 2.12070450e-01 -5.37268828e-02 -5.93683065e-02 -2.13604453e-01 9.75114740e-01 -4.28472080e-02
9.97649574e-01 1.82796259e-02 6.60398665e-02 -6.01217709e-02 -3.21634585e-02 9.75917893e-01 2.15755284e-01 -5.44275163e-02 -6.05055492e-02 -2.17372254e-01 9.74211762e-01 -4.25717129e-02
9.97550799e-01 1.84463898e-02 6.74700341e-02 -6.14843909e-02 -3.28654790e-02 9.75098129e-01 2.19326215e-01 -5.50257326e-02 -6.17441163e-02 -2.21006483e-01 9.73315975e-01 -4.23202548e-02
9.97477289e-01 1.79750807e-02 6.86732505e-02 -6.27402953e-02 -3.29248024e-02 9.74208679e-01 2.23234863e-01 -5.56864432e-02 -6.28894047e-02 -2.24932760e-01 9.72342703e-01 -4.18667089e-02
9.97409375e-01 1.83961717e-02 6.95426993e-02 -6.38602794e-02 -3.37250019e-02 9.73502568e-01 2.26176341e-01 -5.61416209e-02 -6.35392097e-02 -2.27935719e-01 9.71600886e-01 -4.16612727e-02
9.97374453e-01 1.84364382e-02 7.00318593e-02 -6.47407324e-02 -3.40956386e-02 9.72709791e-01 2.29507163e-01 -5.67108422e-02 -6.38893738e-02 -2.31292338e-01 9.70784346e-01 -4.11167834e-02
9.97358966e-01 1.83856734e-02 7.02649270e-02 -6.55110598e-02 -3.43133331e-02 9.71935145e-01 2.32733876e-01 -5.72670274e-02 -6.40139739e-02 -2.34530224e-01 9.69998986e-01 -4.05733554e-02
9.97351210e-01 1.86608743e-02 7.03026559e-02 -6.61193169e-02 -3.47576347e-02 9.71308582e-01 2.35269934e-01 -5.76046591e-02 -6.38952225e-02 -2.37090289e-01 9.69384252e-01 -4.01439993e-02
9.97355739e-01 1.88475098e-02 7.01882238e-02 -6.66332288e-02 -3.50744958e-02 9.70695521e-01 2.37740117e-01 -5.79588283e-02 -6.36505777e-02 -2.39573274e-01 9.68789685e-01 -3.95372127e-02
9.97365819e-01 1.87214283e-02 7.00784767e-02 -6.71246364e-02 -3.50634059e-02 9.70178142e-01 2.39844278e-01 -5.81960786e-02 -6.34983730e-02 -2.41669668e-01 9.68278824e-01 -3.88530429e-02
9.97389558e-01 1.87339683e-02 6.97361923e-02 -6.75180543e-02 -3.50892773e-02 9.69809147e-01 2.41328116e-01 -5.81783622e-02 -6.31097602e-02 -2.43145133e-01 9.67934762e-01 -3.82331275e-02
9.97403427e-01 1.96451730e-02 6.92854735e-02 -6.78813669e-02 -3.59396701e-02 9.69489872e-01 2.42483080e-01 -5.81622655e-02 -6.24079359e-02 -2.44343547e-01 9.67678482e-01 -3.75616565e-02
9.97397187e-01 1.97536229e-02 6.93442870e-02 -6.83726137e-02 -3.60836077e-02 9.69391051e-01 2.42856402e-01 -5.78416949e-02 -6.24244326e-02 -2.44726479e-01 9.67580627e-01 -3.67356897e-02
9.97386587e-01 2.08477044e-02 6.91763929e-02 -6.88220686e-02 -3.71289203e-02 9.69260624e-01 2.43219213e-01 -5.76085390e-02 -6.19793875e-02 -2.45152028e-01 9.67501486e-01 -3.62299281e-02
9.97379389e-01 2.12533968e-02 6.91563783e-02 -6.93220457e-02 -3.75203773e-02 9.69237143e-01 2.43252614e-01 -5.72220999e-02 -6.18589823e-02 -2.45209920e-01 9.67494519e-01 -3.56278260e-02
9.97361745e-01 2.26268965e-02 6.89743718e-02 -6.97766403e-02 -3.88241868e-02 9.69130618e-01 2.43472176e-01 -5.70693919e-02 -6.13361550e-02 -2.45507719e-01 9.67452239e-01 -3.53416908e-02
9.97343578e-01 2.35558552e-02 6.89258100e-02 -7.02413777e-02 -3.96556958e-02 9.69331949e-01 2.42534858e-01 -5.65521450e-02 -6.10988719e-02 -2.44623895e-01 9.67691113e-01 -3.50496074e-02
9.97399142e-01 2.44417138e-02 6.78043661e-02 -7.02515730e-02 -4.01853803e-02 9.69535421e-01 2.41632780e-01 -5.59283920e-02 -5.98328134e-02 -2.43729088e-01 9.67995953e-01 -3.46835620e-02
9.97406328e-01 2.50954063e-02 6.74593797e-02 -7.06456647e-02 -4.06625371e-02 9.69814819e-01 2.40428741e-01 -5.52329045e-02 -5.93894487e-02 -2.42548229e-01 9.68319805e-01 -3.41852063e-02
9.97418064e-01 2.62753117e-02 6.68337149e-02 -7.09348527e-02 -4.15814966e-02 9.70086355e-01 2.39172927e-01 -5.46534170e-02 -5.85501286e-02 -2.41334454e-01 9.68674150e-01 -3.40219901e-02
9.97513372e-01 2.68553527e-02 6.51601162e-02 -7.07697605e-02 -4.16199463e-02 9.70587793e-01 2.37123207e-01 -5.37863024e-02 -5.68755827e-02 -2.39245541e-01 9.69291904e-01 -3.37015133e-02
9.97570528e-01 2.78322404e-02 6.38627527e-02 -7.07370252e-02 -4.21269522e-02 9.71126840e-01 2.34815616e-01 -5.27989582e-02 -5.54833825e-02 -2.36935485e-01 9.69939848e-01 -3.34276792e-02
9.97616353e-01 2.82559205e-02 6.29547845e-02 -7.08578587e-02 -4.21975399e-02 9.71662753e-01 2.32575343e-01 -5.18317612e-02 -5.45991832e-02 -2.34677507e-01 9.70538786e-01 -3.29808158e-02
9.97689691e-01 2.89573777e-02 6.14557767e-02 -7.07504543e-02 -4.23792735e-02 9.72301392e-01 2.29857458e-01 -5.08511534e-02 -5.30974595e-02 -2.31930870e-01 9.71282107e-01 -3.29082546e-02
9.97754326e-01 2.98472706e-02 5.99627683e-02 -7.05938115e-02 -4.27805306e-02 9.72810035e-01 2.27620226e-01 -4.99398652e-02 -5.15385310e-02 -2.29674309e-01 9.71902107e-01 -3.27170400e-02
9.97811033e-01 3.10364287e-02 5.83950504e-02 -7.03440612e-02 -4.34302344e-02 9.73455081e-01 2.24721159e-01 -4.88601379e-02 -4.98704059e-02 -2.26765378e-01 9.72671894e-01 -3.27205319e-02
9.97903736e-01 3.16166478e-02 5.64671990e-02 -6.99376465e-02 -4.34143083e-02 9.74124100e-01 2.21806065e-01 -4.78476989e-02 -4.79932871e-02 -2.23792608e-01 9.73454493e-01 -3.27804609e-02
9.98001921e-01 3.21324829e-02 5.44029152e-02 -6.95580853e-02 -4.33360587e-02 9.74696959e-01 2.19290510e-01 -4.69512044e-02 -4.59799984e-02 -2.21209981e-01 9.74141747e-01 -3.28234735e-02
9.98058996e-01 3.31790920e-02 5.27009309e-02 -6.93155776e-02 -4.38718951e-02 9.75210657e-01 2.16886911e-01 -4.61326913e-02 -4.41983902e-02 -2.18778048e-01 9.74773212e-01 -3.29269035e-02
9.98157651e-01 3.41464302e-02 5.01531038e-02 -6.86869822e-02 -4.41571688e-02 9.75723310e-01 2.14510200e-01 -4.52684223e-02 -4.16107892e-02 -2.16329643e-01 9.75433297e-01 -3.30140348e-02
9.98220505e-01 3.56231669e-02 4.78210777e-02 -6.82309411e-02 -4.50151747e-02 9.76121349e-01 2.12511756e-01 -4.44259456e-02 -3.91088271e-02 -2.14286291e-01 9.75987710e-01 -3.29905746e-02
9.98292233e-01 3.75585524e-02 4.47430633e-02 -6.73371683e-02 -4.61698322e-02 9.76523641e-01 2.10405257e-01 -4.35688657e-02 -3.57901378e-02 -2.12111750e-01 9.76589837e-01 -3.30755956e-02
9.98351400e-01 3.94377362e-02 4.17025365e-02 -6.65163793e-02 -4.73033463e-02 9.76848897e-01 2.08636186e-01 -4.28954117e-02 -3.25089341e-02 -2.10264935e-01 9.77103813e-01 -3.32284042e-02
9.98406355e-01 4.12554076e-02 3.85047835e-02 -6.55726055e-02 -4.83504102e-02 9.77214394e-01 2.06675246e-01 -4.20937467e-02 -2.91009542e-02 -2.08207649e-01 9.77651615e-01 -3.32580752e-02
9.98426826e-01 4.34343661e-02 3.54574944e-02 -6.46876756e-02 -4.98050153e-02 9.77485890e-01 2.05039641e-01 -4.13038396e-02 -2.57534307e-02 -2.06483094e-01 9.78111167e-01 -3.31566486e-02
9.98416421e-01 4.60152069e-02 3.23589442e-02 -6.38016079e-02 -5.16692016e-02 9.77593839e-01 2.04061179e-01 -4.07317383e-02 -2.22439854e-02 -2.05410050e-01 9.78423135e-01 -3.31720259e-02
9.98367556e-01 4.91555951e-02 2.90835950e-02 -6.28270115e-02 -5.40578710e-02 9.77609153e-01 2.03368083e-01 -4.02498714e-02 -1.84357074e-02 -2.04608350e-01 9.78670281e-01 -3.30889944e-02
9.98294463e-01 5.25281635e-02 2.54737294e-02 -6.16942490e-02 -5.66063334e-02 9.77681082e-01 2.02326477e-01 -3.96008794e-02 -1.42773427e-02 -2.03423429e-01 9.78986786e-01 -3.28034852e-02
9.98169389e-01 5.63317918e-02 2.20141346e-02 -6.05867317e-02 -5.96228919e-02 9.77595746e-01 2.01871996e-01 -3.90935917e-02 -1.01491111e-02 -2.02815038e-01 9.79164536e-01 -3.26768415e-02
9.98003853e-01 6.02831540e-02 1.88210233e-02 -5.96394351e-02 -6.28437470e-02 9.77442929e-01 2.01635002e-01 -3.86426964e-02 -6.24128080e-03 -2.02415349e-01 9.79279937e-01 -3.26776117e-02
9.97837520e-01 6.39911958e-02 1.50108271e-02 -5.83848433e-02 -6.57036595e-02 9.77347196e-01 2.01186841e-01 -3.81474081e-02 -1.79660271e-03 -2.01738113e-01 9.79437874e-01 -3.25075596e-02
9.97597053e-01 6.83681276e-02 1.12189293e-02 -5.70725943e-02 -6.92270188e-02 9.77163298e-01 2.00898550e-01 -3.75518371e-02 2.77233135e-03 -2.01192519e-01 9.79547853e-01 -3.23728816e-02
9.97318513e-01 7.27909481e-02 7.56458086e-03 -5.58181334e-02 -7.28236095e-02 9.76874910e-01 2.01029482e-01 -3.70306565e-02 7.24347635e-03 -2.01041368e-01 9.79556019e-01 -3.22455661e-02
9.97025882e-01 7.69978096e-02 3.25683959e-03 -5.42950176e-02 -7.60753599e-02 9.76565976e-01 2.01325900e-01 -3.66657778e-02 1.23211329e-02 -2.00974973e-01 9.79518910e-01 -3.20907300e-02
9.96705030e-01 8.11022616e-02 -1.14732272e-03 -5.27370731e-02 -7.92034755e-02 9.76224683e-01 2.01774188e-01 -3.63185069e-02 1.74843855e-02 -2.01018559e-01 9.79431379e-01 -3.19762311e-02
9.96299000e-01 8.58122500e-02 -4.93320939e-03 -5.14859471e-02 -8.30547568e-02 9.75888321e-01 2.01852500e-01 -3.58883715e-02 2.21356772e-02 -2.00695796e-01 9.79403472e-01 -3.20898038e-02
9.95891891e-01 9.00813348e-02 -9.18651903e-03 -5.00024140e-02 -8.63850138e-02 9.75608089e-01 2.01809166e-01 -3.53047889e-02 2.71416810e-02 -2.00186622e-01 9.79381696e-01 -3.19387491e-02
9.95435114e-01 9.44965618e-02 -1.33775410e-02 -4.85242335e-02 -8.98771308e-02 9.75322633e-01 2.01663664e-01 -3.46813097e-02 3.21039420e-02 -1.99540850e-01 9.79363356e-01 -3.20448871e-02
9.94937720e-01 9.89813554e-02 -1.73597588e-02 -4.71424540e-02 -9.34680069e-02 9.74932294e-01 2.01918727e-01 -3.41808123e-02 3.69107798e-02 -1.99274058e-01 9.79248324e-01 -3.20917828e-02
9.94356052e-01 1.04147926e-01 -2.02222043e-02 -4.62424858e-02 -9.79295988e-02 9.74338387e-01 2.02669346e-01 -3.38830176e-02 4.08108631e-02 -1.99545218e-01 9.79038320e-01 -3.23915657e-02
9.93749432e-01 1.09130627e-01 -2.35001751e-02 -4.51300300e-02 -1.02132107e-01 9.73787056e-01 2.03243871e-01 -3.34702211e-02 4.50643014e-02 -1.99573432e-01 9.78845993e-01 -3.26838751e-02
9.93115145e-01 1.14126454e-01 -2.64041601e-02 -4.41562032e-02 -1.06420276e-01 9.73209790e-01 2.03808229e-01 -3.30681324e-02 4.89566993e-02 -1.99595177e-01 9.78654621e-01 -3.28737968e-02
9.92392128e-01 1.19491777e-01 -2.96525816e-02 -4.29978266e-02 -1.10978993e-01 9.72502576e-01 2.04750375e-01 -3.27585565e-02 5.33031997e-02 -1.99901915e-01 9.78364906e-01 -3.31121789e-02
9.91584183e-01 1.25207296e-01 -3.29193784e-02 -4.17636059e-02 -1.15873059e-01 9.71736775e-01 2.05673189e-01 -3.23146508e-02 5.77407531e-02 -2.00127876e-01 9.78066871e-01 -3.33005716e-02
9.90732294e-01 1.30912739e-01 -3.62108020e-02 -4.04658174e-02 -1.20738156e-01 9.70917464e-01 2.06741416e-01 -3.18791756e-02 6.22227832e-02 -2.00453423e-01 9.77725311e-01 -3.35301797e-02
9.89789751e-01 1.36763796e-01 -4.01463132e-02 -3.88633600e-02 -1.25651044e-01 9.70192198e-01 2.07218143e-01 -3.12076073e-02 6.72895774e-02 -2.00058028e-01 9.77470659e-01 -3.35836563e-02
9.88802815e-01 1.42450669e-01 -4.44585294e-02 -3.70354682e-02 -1.30323009e-01 9.69460526e-01 2.07756144e-01 -3.04330569e-02 7.26957887e-02 -1.99635955e-01 9.77169779e-01 -3.34890101e-02
9.87738313e-01 1.48515614e-01 -4.81244716e-02 -3.54624226e-02 -1.35461706e-01 9.68550470e-01 2.08711726e-01 -2.97891386e-02 7.76079257e-02 -1.99633604e-01 9.76792431e-01 -3.33545849e-02
9.86675267e-01 1.54328800e-01 -5.15207031e-02 -3.39782858e-02 -1.40407449e-01 9.67649970e-01 2.09618308e-01 -2.91156282e-02 8.22041403e-02 -1.99591373e-01 9.76425015e-01 -3.31300672e-02
9.85558295e-01 1.60080331e-01 -5.52173066e-02 -3.23542519e-02 -1.45243935e-01 9.66775373e-01 2.10356975e-01 -2.83290042e-02 8.70567413e-02 -1.99299144e-01 9.76064027e-01 -3.27244472e-02
9.84384100e-01 1.65823239e-01 -5.90802365e-02 -3.06307129e-02 -1.49994905e-01 9.65790839e-01 2.11542151e-01 -2.76679050e-02 9.21377521e-02 -1.99377052e-01 9.75581594e-01 -3.23686610e-02
9.83052173e-01 1.72370915e-01 -6.24218137e-02 -2.90957962e-02 -1.55598224e-01 9.64563246e-01 2.13090054e-01 -2.70988494e-02 9.69403112e-02 -1.99765979e-01 9.75036470e-01 -3.21096236e-02
9.81582360e-01 1.79224353e-01 -6.61395726e-02 -2.73906265e-02 -1.61439216e-01 9.63306285e-01 2.14426375e-01 -2.63528414e-02 1.02143098e-01 -1.99799681e-01 9.74498238e-01 -3.17056818e-02
9.80144108e-01 1.85501521e-01 -7.00459372e-02 -2.56067367e-02 -1.66711457e-01 9.62193138e-01 2.15387882e-01 -2.54208773e-02 1.07352502e-01 -1.99433757e-01 9.74013135e-01 -3.11445907e-02
9.78735764e-01 1.91719154e-01 -7.29368470e-02 -2.42560861e-02 -1.72030720e-01 9.60851274e-01 2.17187728e-01 -2.47799048e-02 1.11720516e-01 -2.00022074e-01 9.73401057e-01 -3.08214925e-02
9.77254543e-01 1.97919122e-01 -7.61663320e-02 -2.28339268e-02 -1.77351872e-01 9.59660438e-01 2.18170529e-01 -2.37511893e-02 1.16273947e-01 -1.99699955e-01 9.72933795e-01 -3.02510191e-02
9.75683365e-01 2.04666518e-01 -7.84435216e-02 -2.17813356e-02 -1.83298714e-01 9.58129818e-01 2.19975117e-01 -2.29984263e-02 1.20180633e-01 -2.00247509e-01 9.72346366e-01 -2.97764748e-02
9.74070488e-01 2.11298580e-01 -8.08665124e-02 -2.06470953e-02 -1.89159520e-01 9.56692227e-01 2.21266462e-01 -2.20292807e-02 1.24117665e-01 -2.00232491e-01 9.71854794e-01 -2.92865480e-02
9.72487263e-01 2.17849922e-01 -8.25210132e-02 -1.98740949e-02 -1.95118457e-01 9.55241545e-01 2.22356898e-01 -2.10123815e-02 1.27267944e-01 -2.00137917e-01 9.71466752e-01 -2.89720934e-02
9.70894880e-01 2.24125198e-01 -8.44442080e-02 -1.89811173e-02 -2.00855373e-01 9.53982046e-01 2.22655806e-01 -1.96456269e-02 1.30461047e-01 -1.99214351e-01 9.71232978e-01 -2.86561939e-02
9.69317493e-01 2.30424796e-01 -8.56031958e-02 -1.84060803e-02 -2.06734008e-01 9.52590135e-01 2.23233913e-01 -1.83480635e-02 1.32983400e-01 -1.98687478e-01 9.70998815e-01 -2.84260470e-02
9.67702007e-01 2.36923918e-01 -8.61383728e-02 -1.80763058e-02 -2.12967948e-01 9.51137464e-01 2.23567611e-01 -1.69199549e-02 1.34897966e-01 -1.98002147e-01 9.70874675e-01 -2.81256350e-02
9.66040005e-01 2.43444974e-01 -8.66097222e-02 -1.76987428e-02 -2.19176559e-01 9.49546519e-01 2.24328767e-01 -1.56804591e-02 1.36851682e-01 -1.97727766e-01 9.70657197e-01 -2.77288688e-02
9.64377817e-01 2.49667724e-01 -8.74151393e-02 -1.71926223e-02 -2.25053669e-01 9.48039529e-01 2.24882685e-01 -1.43788561e-02 1.39018969e-01 -1.97198803e-01 9.70456781e-01 -2.71879899e-02
9.62751680e-01 2.56044668e-01 -8.68919719e-02 -1.71793310e-02 -2.31239693e-01 9.46240127e-01 2.26181643e-01 -1.32907557e-02 1.40133283e-01 -1.97663917e-01 9.70201857e-01 -2.65987310e-02
9.61093396e-01 2.62391719e-01 -8.63135690e-02 -1.71028858e-02 -2.37455947e-01 9.44472027e-01 2.27129155e-01 -1.19973452e-02 1.41117567e-01 -1.97796690e-01 9.70032143e-01 -2.61985023e-02
9.59521333e-01 2.68444968e-01 -8.51825356e-02 -1.72750175e-02 -2.43528370e-01 9.42755137e-01 2.27831210e-01 -1.06926425e-02 1.41466421e-01 -1.97864569e-01 9.69967489e-01 -2.57506210e-02
9.57947256e-01 2.74353763e-01 -8.40658402e-02 -1.74378029e-02 -2.49423286e-01 9.40990275e-01 2.28748190e-01 -9.46285309e-03 1.41863069e-01 -1.98160743e-01 9.69849112e-01 -2.53402581e-02
9.56266748e-01 2.80711330e-01 -8.21888836e-02 -1.78773808e-02 -2.55805365e-01 9.38875743e-01 2.30383035e-01 -8.41959060e-03 1.41836283e-01 -1.99283307e-01 9.69622966e-01 -2.49672834e-02
9.54550483e-01 2.86992581e-01 -8.04272441e-02 -1.82259440e-02 -2.62002937e-01 9.36617602e-01 2.32598990e-01 -7.65875913e-03 1.42083765e-01 -2.00955340e-01 9.69241542e-01 -2.44197239e-02
9.52984812e-01 2.92665013e-01 -7.85302534e-02 -1.86645604e-02 -2.67632302e-01 9.34475093e-01 2.34796907e-01 -6.84340762e-03 1.42101419e-01 -2.02740702e-01 9.68867021e-01 -2.36067605e-02
9.51588373e-01 2.97693172e-01 -7.65389567e-02 -1.91358920e-02 -2.72640101e-01 9.32454397e-01 2.37058035e-01 -6.03414107e-03 1.41939655e-01 -2.04714123e-01 9.68475728e-01 -2.25325663e-02
9.50245783e-01 3.02430794e-01 -7.46219785e-02 -1.95578185e-02 -2.77392025e-01 9.30549585e-01 2.39021821e-01 -5.08858833e-03 1.41727025e-01 -2.06429972e-01 9.68142591e-01 -2.14229962e-02
9.49027282e-01 3.06660880e-01 -7.28439353e-02 -1.99812901e-02 -2.81682067e-01 9.28865212e-01 2.40551315e-01 -4.03902596e-03 1.41429891e-01 -2.07770957e-01 9.67899177e-01 -2.03578548e-02
9.47839334e-01 3.10714843e-01 -7.11110765e-02 -2.04484789e-02 -2.85804297e-01 9.27231371e-01 2.41988039e-01 -2.76832832e-03 1.41125709e-01 -2.09041961e-01 9.67669882e-01 -1.89432432e-02
9.46611114e-01 3.14791223e-01 -6.95256607e-02 -2.08197807e-02 -2.89904115e-01 9.25556735e-01 2.43517379e-01 -1.60378740e-03 1.41007082e-01 -2.10360507e-01 9.67401441e-01 -1.75508895e-02
9.45502709e-01 3.18448535e-01 -6.79346345e-02 -2.11810034e-02 -2.93607863e-01 9.24006424e-01 2.44963187e-01 -4.73696417e-04 1.40780214e-01 -2.11667244e-01 9.67149402e-01 -1.62237473e-02
9.44484065e-01 3.21739150e-01 -6.65859988e-02 -2.14794310e-02 -2.96960287e-01 9.22656888e-01 2.46006618e-01 7.64403498e-04 1.40586001e-01 -2.12575974e-01 9.66978291e-01 -1.48758638e-02
9.43572346e-01 3.24658750e-01 -6.53285770e-02 -2.17549317e-02 -2.99981087e-01 9.21492733e-01 2.46704060e-01 2.16306890e-03 1.40294444e-01 -2.13185827e-01 9.66886405e-01 -1.33198121e-02
9.42760914e-01 3.27256279e-01 -6.40706167e-02 -2.20670168e-02 -3.02676118e-01 9.20402452e-01 2.47481062e-01 3.47069548e-03 1.39960490e-01 -2.13922871e-01 9.66771981e-01 -1.18350279e-02
9.42133870e-01 3.29270348e-01 -6.29652398e-02 -2.23886236e-02 -3.04873899e-01 9.19663329e-01 2.47530957e-01 5.16219477e-03 1.39411437e-01 -2.14010884e-01 9.66831812e-01 -1.01530164e-02
9.41629872e-01 3.30867844e-01 -6.21247905e-02 -2.25506520e-02 -3.06631971e-01 9.19110779e-01 2.47411634e-01 6.88732635e-03 1.38960133e-01 -2.13920780e-01 9.66916713e-01 -8.47015343e-03
9.41284542e-01 3.31984360e-01 -6.13971497e-02 -2.26682370e-02 -3.07840576e-01 9.18634652e-01 2.47678903e-01 8.48648260e-03 1.38627086e-01 -2.14235832e-01 9.66894762e-01 -6.57327955e-03
9.41009153e-01 3.32855533e-01 -6.08998000e-02 -2.26976301e-02 -3.08799236e-01 9.18314564e-01 2.47672473e-01 1.01313695e-02 1.38364345e-01 -2.14256292e-01 9.66927857e-01 -4.80180322e-03
9.40821070e-01 3.33449897e-01 -6.05524676e-02 -2.26909168e-02 -3.09488304e-01 9.18146602e-01 2.47434837e-01 1.18443252e-02 1.38103184e-01 -2.14051678e-01 9.67010473e-01 -2.97717938e-03
9.40767593e-01 3.33666838e-01 -6.01874425e-02 -2.26237288e-02 -3.09887325e-01 9.18216977e-01 2.46673132e-01 1.37007817e-02 1.37571800e-01 -2.13410816e-01 9.67227816e-01 -1.28712492e-03
9.40735762e-01 3.33818576e-01 -5.98425980e-02 -2.24252052e-02 -3.10163235e-01 9.18225139e-01 2.46295735e-01 1.53212938e-02 1.37167087e-01 -2.13138279e-01 9.67345423e-01 3.45241264e-04
9.40774718e-01 3.33773045e-01 -5.94832708e-02 -2.21334349e-02 -3.10242004e-01 9.18285537e-01 2.45971068e-01 1.67653343e-02 1.36721163e-01 -2.12949194e-01 9.67450184e-01 1.81206815e-03
9.40798633e-01 3.33768631e-01 -5.91290769e-02 -2.16094281e-02 -3.10293327e-01 9.18229300e-01 2.46116340e-01 1.76945334e-02 1.36439981e-01 -2.13198591e-01 9.67434998e-01 2.51410330e-03
9.41027606e-01 3.32982657e-01 -5.99118037e-02 -2.01998776e-02 -3.09249153e-01 9.18375639e-01 2.46883303e-01 1.78190392e-02 1.37229416e-01 -2.13796349e-01 9.67191418e-01 2.21681654e-03
9.41310732e-01 3.32044800e-01 -6.06639730e-02 -1.85014540e-02 -3.07988539e-01 9.18453361e-01 2.48166674e-01 1.75382279e-02 1.38119493e-01 -2.14918171e-01 9.66816033e-01 1.70993651e-03
9.41797437e-01 3.30525123e-01 -6.14045341e-02 -1.64846895e-02 -3.06093331e-01 9.18611379e-01 2.49920485e-01 1.69533302e-02 1.39011915e-01 -2.16578986e-01 9.66317357e-01 9.33252615e-04
9.42589856e-01 3.28158291e-01 -6.19371332e-02 -1.43302082e-02 -3.03413350e-01 9.19017500e-01 2.51688971e-01 1.63473122e-02 1.39515150e-01 -2.18446959e-01 9.65824195e-01 2.42237541e-05
9.43711508e-01 3.24853293e-01 -6.22786049e-02 -1.19115221e-02 -2.99835571e-01 9.19658049e-01 2.53629413e-01 1.57170553e-02 1.39667385e-01 -2.20679698e-01 9.65294478e-01 -6.94029780e-04
9.44712650e-01 3.21820936e-01 -6.28410581e-02 -9.23322279e-03 -2.96512354e-01 9.20271494e-01 2.55305679e-01 1.50511355e-02 1.39993563e-01 -2.22557400e-01 9.64816007e-01 -1.44661292e-03
9.46019057e-01 3.17860520e-01 -6.33430550e-02 -6.21590011e-03 -2.92303097e-01 9.21159794e-01 2.56950820e-01 1.44803380e-02 1.40023610e-01 -2.24565043e-01 9.64346353e-01 -1.92847579e-03
9.47586854e-01 3.13079564e-01 -6.37185263e-02 -3.05999211e-03 -2.87329014e-01 9.22272194e-01 2.58565609e-01 1.40291919e-02 1.39717449e-01 -2.26705222e-01 9.63889907e-01 -2.04987136e-03
9.49262420e-01 3.07685794e-01 -6.50387267e-02 6.71533413e-04 -2.81616478e-01 9.23723022e-01 2.59669186e-01 1.38688494e-02 1.39974306e-01 -2.28178254e-01 9.63504980e-01 -1.61620717e-03
9.50990985e-01 3.02009481e-01 -6.63788764e-02 4.48529287e-03 -2.75593137e-01 9.25169669e-01 2.60978351e-01 1.37285806e-02 1.40229674e-01 -2.29894534e-01 9.63059760e-01 -6.51834435e-04
9.52854206e-01 2.95698907e-01 -6.80495416e-02 8.54983543e-03 -2.68890588e-01 9.26802147e-01 2.62175080e-01 1.35751273e-02 1.40593364e-01 -2.31516780e-01 9.62618011e-01 2.50618110e-04
9.54810693e-01 2.88955973e-01 -6.95748148e-02 1.26676941e-02 -2.61828500e-01 9.28539232e-01 2.63174625e-01 1.34801639e-02 1.40648839e-01 -2.33065321e-01 9.62236144e-01 1.19521269e-03
9.56582947e-01 2.82774099e-01 -7.06227031e-02 1.66630649e-02 -2.55396393e-01 9.29992340e-01 2.64361680e-01 1.34729263e-02 1.40433218e-01 -2.34847126e-01 9.61834364e-01 2.38575215e-03
9.58311308e-01 2.76501249e-01 -7.20151785e-02 2.07307937e-02 -2.48782969e-01 9.31425181e-01 2.65620669e-01 1.34399813e-02 1.40521201e-01 -2.36631165e-01 9.61384195e-01 3.86596641e-03
9.60048705e-01 2.70075070e-01 -7.32510801e-02 2.48983134e-02 -2.42091191e-01 9.32894171e-01 2.66646813e-01 1.34349003e-02 1.40350169e-01 -2.38260501e-01 9.61006696e-01 5.13288405e-03
9.61788125e-01 2.63522921e-01 -7.42905499e-02 2.90609419e-02 -2.35258119e-01 9.34217383e-01 2.68126419e-01 1.32665533e-02 1.40060979e-01 -2.40403363e-01 9.60515131e-01 6.47166792e-03
9.63526025e-01 2.56716217e-01 -7.55923464e-02 3.34671430e-02 -2.28110826e-01 9.35556639e-01 2.69628569e-01 1.30824530e-02 1.39938945e-01 -2.42550738e-01 9.59992896e-01 7.73798805e-03
9.65188848e-01 2.50199109e-01 -7.62279932e-02 3.75201742e-02 -2.21474247e-01 9.36846018e-01 2.70682498e-01 1.30727845e-02 1.39138408e-01 -2.44377211e-01 9.59645997e-01 9.01616748e-03
9.66946052e-01 2.43556638e-01 -7.54677087e-02 4.09736021e-02 -2.15111852e-01 9.38116298e-01 2.71413067e-01 1.31199375e-02 1.36901936e-01 -2.46207803e-01 9.59499762e-01 1.00391043e-02
9.68704526e-01 2.37022314e-01 -7.37013713e-02 4.40217012e-02 -2.09100036e-01 9.39236974e-01 2.72234047e-01 1.31610654e-02 1.33748598e-01 -2.48303385e-01 9.59404484e-01 1.11380168e-02
9.70628944e-01 2.29864525e-01 -7.10042566e-02 4.64694486e-02 -2.02799226e-01 9.40528920e-01 2.72539924e-01 1.35878044e-02 1.29428828e-01 -2.50135531e-01 9.59520978e-01 1.23324936e-02
9.72545849e-01 2.22702940e-01 -6.75119504e-02 4.85687136e-02 -1.96621899e-01 9.41560942e-01 2.73501552e-01 1.37870859e-02 1.24476223e-01 -2.52718481e-01 9.59499428e-01 1.35427430e-02
9.74339623e-01 2.15638716e-01 -6.45144541e-02 5.08100376e-02 -1.90358928e-01 9.42400494e-01 2.75036484e-01 1.38664356e-02 1.20106971e-01 -2.55698048e-01 9.59266898e-01 1.49521726e-02
9.76045902e-01 2.08515365e-01 -6.20939187e-02 5.31772353e-02 -1.83963501e-01 9.43349666e-01 2.76132362e-01 1.40821979e-02 1.16154123e-01 -2.58094831e-01 9.59111827e-01 1.60901267e-02
9.77756117e-01 2.00884858e-01 -6.03171579e-02 5.56327990e-02 -1.76923197e-01 9.44371397e-01 2.77238371e-01 1.44343400e-02 1.12654793e-01 -2.60400001e-01 9.58906120e-01 1.71972815e-02
9.79579427e-01 1.92604144e-01 -5.76869611e-02 5.74397389e-02 -1.69488481e-01 9.45395020e-01 2.78392395e-01 1.47833692e-02 1.08156491e-01 -2.62930180e-01 9.58733631e-01 1.81353176e-02
9.81304276e-01 1.84638383e-01 -5.43185212e-02 5.86955465e-02 -1.62499974e-01 9.46081835e-01 2.80220062e-01 1.48459703e-02 1.03129141e-01 -2.66154385e-01 9.58397873e-01 1.90680817e-02
9.82908513e-01 1.77005730e-01 -5.05943804e-02 5.96096704e-02 -1.55992910e-01 9.46740835e-01 2.81688353e-01 1.51186320e-02 9.77602184e-02 -2.68981499e-01 9.58171261e-01 2.00260422e-02
9.84391744e-01 1.69521827e-01 -4.72780252e-02 6.04558236e-02 -1.49512122e-01 9.47254599e-01 2.83469826e-01 1.52952819e-02 9.28386511e-02 -2.71976695e-01 9.57815190e-01 2.09413366e-02
9.85794623e-01 1.62035352e-01 -4.41972653e-02 6.12019468e-02 -1.43011319e-01 9.47795826e-01 2.85010708e-01 1.56272432e-02 8.80717946e-02 -2.74641304e-01 9.57504961e-01 2.19590911e-02
9.87056995e-01 1.54962737e-01 -4.12907263e-02 6.19071791e-02 -1.36906323e-01 9.48320039e-01 2.86262187e-01 1.61202377e-02 8.35167975e-02 -2.76904134e-01 9.57261316e-01 2.31299206e-02
9.88152204e-01 1.48454567e-01 -3.89391104e-02 6.24082633e-02 -1.31279138e-01 9.49007275e-01 2.86620297e-01 1.71042032e-02 7.95035941e-02 -2.78112599e-01 9.57252677e-01 2.45261764e-02
9.89103227e-01 1.42771733e-01 -3.59278644e-02 6.22005763e-02 -1.26657670e-01 9.49612479e-01 2.86695307e-01 1.83268975e-02 7.50495368e-02 -2.79020734e-01 9.57347953e-01 2.60890433e-02
9.90024985e-01 1.37040986e-01 -3.27120844e-02 6.16471528e-02 -1.22086958e-01 9.50331669e-01 2.86294752e-01 1.98846735e-02 7.03214474e-02 -2.79445245e-01 9.57583104e-01 2.78487883e-02
9.90857449e-01 1.31837176e-01 -2.86410504e-02 6.04345522e-02 -1.18309457e-01 9.51141757e-01 2.85188361e-01 2.18052187e-02 6.48401320e-02 -2.79192501e-01 9.58043551e-01 2.96981079e-02
9.91587976e-01 1.27052391e-01 -2.47140581e-02 5.90703819e-02 -1.14909821e-01 9.52004390e-01 2.83696288e-01 2.39671340e-02 5.95721840e-02 -2.78469939e-01 9.58595763e-01 3.17108377e-02
9.92255936e-01 1.22488664e-01 -2.06049791e-02 5.74729149e-02 -1.11770802e-01 9.52874372e-01 2.82024819e-01 2.63515058e-02 5.41788000e-02 -2.77537766e-01 9.59185927e-01 3.41306339e-02
9.92822657e-01 1.18387833e-01 -1.69524528e-02 5.58932408e-02 -1.08948806e-01 9.53771847e-01 2.80088714e-01 2.88566392e-02 4.93278680e-02 -2.76231464e-01 9.59824546e-01 3.67254879e-02
9.93289449e-01 1.14882641e-01 -1.33371453e-02 5.40873007e-02 -1.06676093e-01 9.54617198e-01 2.78076485e-01 3.13764026e-02 4.46780269e-02 -2.74787693e-01 9.60466456e-01 3.93759507e-02
9.93647723e-01 1.12137307e-01 -9.44711324e-03 5.19262323e-02 -1.05184613e-01 9.55312595e-01 2.76250512e-01 3.36846752e-02 4.00029309e-02 -2.73502004e-01 9.61039370e-01 4.18094834e-02
9.93912913e-01 1.10021029e-01 -5.68607661e-03 4.96554774e-02 -1.04249657e-01 9.55955160e-01 2.74375892e-01 3.60421560e-02 3.56227464e-02 -2.72112981e-01 9.61605856e-01 4.43847765e-02
9.94116846e-01 1.08290030e-01 -2.19007021e-03 4.73646254e-02 -1.03597356e-01 9.56549144e-01 2.72546623e-01 3.83501831e-02 3.16089865e-02 -2.70716307e-01 9.62140232e-01 4.68966181e-02
9.94235057e-01 1.07209828e-01 1.57809017e-03 4.48035494e-02 -1.03629582e-01 9.57046736e-01 2.70781863e-01 4.04336574e-02 2.75201653e-02 -2.69384377e-01 9.62639568e-01 4.90270999e-02
9.94310822e-01 1.06382273e-01 5.35304950e-03 4.22323301e-02 -1.03893051e-01 9.57506430e-01 2.69050274e-01 4.22982742e-02 2.34965946e-02 -2.68075749e-01 9.63111412e-01 5.08468658e-02
9.94358637e-01 1.05599226e-01 9.97447266e-03 3.91269386e-02 -1.04417276e-01 9.58001694e-01 2.67077042e-01 4.41328878e-02 1.86475604e-02 -2.66611882e-01 9.63623712e-01 5.23446984e-02
9.94451462e-01 1.04312814e-01 1.35974854e-02 3.64208152e-02 -1.04171403e-01 9.58518873e-01 2.65311496e-01 4.59398980e-02 1.46419356e-02 -2.65255877e-01 9.64067022e-01 5.38660338e-02
9.94502428e-01 1.03355068e-01 1.68039590e-02 3.37116175e-02 -1.04124209e-01 9.59117562e-01 2.63157715e-01 4.77651000e-02 1.10817033e-02 -2.63460692e-01 9.64606654e-01 5.50725060e-02
9.94575992e-01 1.02119570e-01 1.97476269e-02 3.09352716e-02 -1.03727660e-01 9.59805312e-01 2.60796365e-01 4.95803241e-02 7.67852668e-03 -2.61430177e-01 9.65192063e-01 5.59966166e-02
9.94644970e-01 1.00892959e-01 2.24022019e-02 2.81209703e-02 -1.03249311e-01 9.60475221e-01 2.58509922e-01 5.11996392e-02 4.56506208e-03 -2.59438592e-01 9.65749058e-01 5.65051263e-02
9.94730918e-01 9.95662710e-02 2.44298352e-02 2.54050412e-02 -1.02499682e-01 9.61189857e-01 2.56141322e-01 5.27125668e-02 2.02131692e-03 -2.57295726e-01 9.66330876e-01 5.66869395e-02
9.94836248e-01 9.81521065e-02 2.58226501e-02 2.26136134e-02 -1.01492094e-01 9.61836486e-01 2.54107140e-01 5.41050221e-02 1.03974347e-04 -2.55415782e-01 9.66831576e-01 5.67400660e-02
9.94928674e-01 9.67295568e-02 2.75703601e-02 1.93409586e-02 -1.00558998e-01 9.62467692e-01 2.52079854e-01 5.53685111e-02 -2.15201845e-03 -2.53573905e-01 9.67313889e-01 5.65375841e-02
9.95046863e-01 9.51120618e-02 2.89003517e-02 1.60390716e-02 -9.93248317e-02 9.63032909e-01 2.50404804e-01 5.65338276e-02 -4.01548299e-03 -2.52035007e-01 9.67710069e-01 5.62639281e-02
9.95180426e-01 9.35679595e-02 2.93383193e-02 1.28786636e-02 -9.79334312e-02 9.63552692e-01 2.48949046e-01 5.76750793e-02 -4.97537252e-03 -2.50622383e-01 9.68072451e-01 5.60582643e-02
9.95390428e-01 9.14178151e-02 2.89902373e-02 9.98890102e-03 -9.57560422e-02 9.64165878e-01 2.47417377e-01 5.89284770e-02 -5.33305148e-03 -2.49052853e-01 9.68475521e-01 5.59073973e-02
9.95586748e-01 8.93715994e-02 2.86259445e-02 7.03361902e-03 -9.36745030e-02 9.64760029e-01 2.45893550e-01 6.01342429e-02 -5.64127672e-03 -2.47489866e-01 9.68874375e-01 5.56875035e-02
9.95826359e-01 8.68232378e-02 2.81299914e-02 4.00485128e-03 -9.10736523e-02 9.65371172e-01 2.44467898e-01 6.13423963e-02 -5.93039789e-03 -2.46009466e-01 9.69249582e-01 5.55563151e-02
9.96025129e-01 8.48973826e-02 2.69451331e-02 1.01785059e-03 -8.89096203e-02 9.65831373e-01 2.43444484e-01 6.22688139e-02 -5.35666482e-03 -2.44872492e-01 9.69540774e-01 5.49332376e-02
9.96243866e-01 8.24013839e-02 2.66066293e-02 -2.24621067e-03 -8.64008507e-02 9.66295978e-01 2.42502244e-01 6.31770705e-02 -5.72736801e-03 -2.43890181e-01 9.69786228e-01 5.44310901e-02
9.96491172e-01 7.99113167e-02 2.48851824e-02 -5.05344318e-03 -8.35607674e-02 9.66807686e-01 2.41455863e-01 6.40800799e-02 -4.76413859e-03 -2.42688040e-01 9.70092982e-01 5.36445234e-02
9.96725273e-01 7.75149227e-02 2.30220697e-02 -7.79045846e-03 -8.07800488e-02 9.67290164e-01 2.40467754e-01 6.49346400e-02 -3.62919108e-03 -2.41539976e-01 9.70384378e-01 5.29072810e-02
9.96943228e-01 7.52830497e-02 2.08941980e-02 -1.05459876e-02 -7.80986246e-02 9.67695257e-01 2.39722518e-01 6.56803364e-02 -2.17218287e-03 -2.40621505e-01 9.70616882e-01 5.21413516e-02
9.97135462e-01 7.33736497e-02 1.83596594e-02 -1.33461349e-02 -7.56354921e-02 9.68026988e-01 2.39172317e-01 6.63220527e-02 -2.23708286e-04 -2.39875790e-01 9.70803865e-01 5.13468394e-02
9.97337131e-01 7.10843377e-02 1.62985796e-02 -1.62341017e-02 -7.29197117e-02 9.68427514e-01 2.38393152e-01 6.70141022e-02 1.16201850e-03 -2.38946764e-01 9.71032327e-01 5.06535695e-02
9.97539822e-01 6.84949288e-02 1.49250501e-02 -1.95233979e-02 -7.00784372e-02 9.68794689e-01 2.37752623e-01 6.76040550e-02 1.82553218e-03 -2.38213559e-01 9.71211463e-01 4.97233928e-02
9.97741169e-01 6.58564531e-02 1.32488333e-02 -2.27238862e-02 -6.71179090e-02 9.69099793e-01 2.37363004e-01 6.81326893e-02 2.79243681e-03 -2.37715992e-01 9.71331072e-01 4.88838457e-02
9.97914261e-01 6.35541402e-02 1.13141752e-02 -2.58446704e-02 -6.44237267e-02 9.69388116e-01 2.36931881e-01 6.86314380e-02 4.09016818e-03 -2.37166531e-01 9.71460776e-01 4.79387310e-02
9.98066744e-01 6.14465780e-02 9.33613746e-03 -2.89526608e-02 -6.19094960e-02 9.69642013e-01 2.36563014e-01 6.90468579e-02 5.48327026e-03 -2.36683597e-01 9.71571683e-01 4.69408422e-02
9.98211215e-01 5.94685426e-02 6.15482402e-03 -3.15286915e-02 -5.92382361e-02 9.69899777e-01 2.36190046e-01 6.94264962e-02 8.07630953e-03 -2.36132087e-01 9.71687768e-01 4.59718468e-02
