1.00000000e+00 0.00000000e+00 0.00000000e+00 0.00000000e+00 0.00000000e+00 1.00000000e+00 0.00000000e+00 0.00000000e+00 0.00000000e+00 0.00000000e+00 1.00000000e+00 0.00000000e+00
9.99999592e-01 1.41356114e-04 -8.63702002e-04 -4.29049680e-04 -1.41899287e-04 9.99999763e-01 -6.28872362e-04 3.13347078e-04 8.63612910e-04 6.28994703e-04 9.99999395e-01 -1.42331457e-03
9.99998478e-01 2.94898507e-04 -1.70182282e-03 -8.64695101e-04 -2.97035794e-04 9.99999109e-01 -1.25576951e-03 6.27708660e-04 1.70145107e-03 1.25627315e-03 9.99997718e-01 -2.84429969e-03
9.99989623e-01 1.15194862e-03 4.39207007e-03 -8.63743704e-04 -1.15033410e-03 9.99999222e-01 -3.70090169e-04 3.88818186e-04 -4.39249340e-03 3.65034050e-04 9.99990235e-01 -7.00528559e-03
9.99975570e-01 1.92896073e-03 6.70781039e-03 -1.23572930e-03 -1.92754866e-03 9.99998054e-01 -2.16964545e-04 6.78380289e-04 -6.70821668e-03 2.04029677e-04 9.99977417e-01 -1.22503954e-02
9.99973554e-01 3.34335770e-03 6.45368894e-03 -2.14789647e-03 -3.34201235e-03 9.99994339e-01 -2.19246723e-04 9.29842338e-04 -6.45438625e-03 1.97672669e-04 9.99979116e-01 -1.75824547e-02
9.99951070e-01 4.64886974e-03 8.72453361e-03 -4.17987755e-03 -4.63802550e-03 9.99988389e-01 -1.26277556e-03 1.50686775e-03 -8.73030388e-03 1.22224935e-03 9.99961085e-01 -2.33123101e-02
9.99936712e-01 5.40764106e-03 9.86115803e-03 -5.43719255e-03 -5.39207328e-03 9.99984133e-01 -1.60460041e-03 1.91849320e-03 -9.86967962e-03 1.55132697e-03 9.99950042e-01 -2.85945233e-02
9.99923849e-01 6.02101744e-03 1.07680464e-02 -6.73898194e-03 -5.99892295e-03 9.99979795e-01 -2.08297787e-03 2.39319278e-03 -1.07803713e-02 2.01822280e-03 9.99939816e-01 -3.39358009e-02
9.99935137e-01 6.19859365e-03 9.54615369e-03 -5.29255097e-03 -6.17007379e-03 9.99976343e-01 -3.01413004e-03 2.98721587e-03 -9.56461230e-03 2.95503450e-03 9.99949807e-01 -3.96929370e-02
9.99947828e-01 6.68368951e-03 7.71296781e-03 -4.04095521e-03 -6.65851725e-03 9.99972381e-01 -3.28467887e-03 3.25018819e-03 -7.73470920e-03 3.23315108e-03 9.99964787e-01 -4.37460319e-02
9.99957091e-01 7.99631464e-03 4.65623108e-03 -3.98010377e-03 -7.97452232e-03 9.99957187e-01 -4.68010813e-03 3.09485163e-03 -4.69345560e-03 4.64277668e-03 9.99978152e-01 -4.83308475e-02
9.99950664e-01 9.91743824e-03 2.71634400e-04 -5.29128729e-03 -9.91523963e-03 9.99925159e-01 -7.15847969e-03 2.59106335e-03 -3.42607838e-04 7.15543441e-03 9.99974237e-01 -5.24176810e-02
9.99936275e-01 1.09653510e-02 -2.62229239e-03 -5.87118654e-03 -1.09875963e-02 9.99902373e-01 -8.62514058e-03 2.75905679e-03 2.52745877e-03 8.65340550e-03 9.99959243e-01 -5.59586740e-02
9.99917169e-01 1.17468498e-02 -5.22282202e-03 -5.86362722e-03 -1.17956465e-02 9.99886077e-01 -9.41272865e-03 3.06011249e-03 5.11165746e-03 9.47355787e-03 9.99941942e-01 -5.94240732e-02
9.99880307e-01 1.35074718e-02 -7.51739680e-03 -9.41939676e-03 -1.36034680e-02 9.99824630e-01 -1.28689387e-02 2.91302787e-03 7.34225190e-03 1.29696642e-02 9.99888792e-01 -6.35772837e-02
9.99850467e-01 1.44291438e-02 -9.50820794e-03 -1.15399693e-02 -1.45549237e-02 9.99805661e-01 -1.32950656e-02 2.65021296e-03 9.31452375e-03 1.34314721e-02 9.99866281e-01 -6.70524417e-02
9.99816749e-01 1.53367269e-02 -1.14382777e-02 -1.27376923e-02 -1.54996626e-02 9.99777667e-01 -1.42949614e-02 2.99611298e-03 1.12164968e-02 1.44696343e-02 9.99832289e-01 -7.04325795e-02
9.99774364e-01 1.56781395e-02 -1.43174145e-02 -1.27701261e-02 -1.58918662e-02 9.99762107e-01 -1.49381169e-02 3.28682352e-03 1.40798069e-02 1.51622801e-02 9.99785801e-01 -7.38905108e-02
9.99562097e-01 1.78982770e-02 -2.35534614e-02 -1.22271930e-02 -1.83213342e-02 9.99672443e-01 -1.78701428e-02 3.87163176e-03 2.32259013e-02 1.82938528e-02 9.99562736e-01 -7.78317154e-02
9.99530495e-01 1.73341485e-02 -2.52545118e-02 -1.52253141e-02 -1.77788107e-02 9.99688967e-01 -1.74904989e-02 3.58200280e-03 2.49434738e-02 1.79312878e-02 9.99527890e-01 -8.06171120e-02
9.99494093e-01 1.56898962e-02 -2.76575876e-02 -1.87368538e-02 -1.61740498e-02 9.99718340e-01 -1.73694416e-02 3.27721232e-03 2.73772733e-02 1.78079940e-02 9.99466417e-01 -8.39228204e-02
9.99525622e-01 1.47252913e-02 -2.70419246e-02 -2.12209515e-02 -1.52075789e-02 9.99727437e-01 -1.77167127e-02 3.48080516e-03 2.67736705e-02 1.81195556e-02 9.99477158e-01 -8.68969923e-02
9.99697632e-01 1.18755676e-02 -2.15219355e-02 -2.98404740e-02 -1.22405311e-02 9.99782154e-01 -1.69062417e-02 3.10682012e-03 2.13164775e-02 1.71645741e-02 9.99625273e-01 -9.04968128e-02
9.99807651e-01 1.11113418e-02 -1.61489492e-02 -3.82232665e-02 -1.13796289e-02 9.99797160e-01 -1.66176519e-02 3.10095277e-03 1.59610306e-02 1.67982288e-02 9.99731349e-01 -9.34757690e-02
9.99800677e-01 1.00963642e-02 -1.72092514e-02 -4.03080271e-02 -1.03907815e-02 9.99799661e-01 -1.71056085e-02 3.40834399e-03 1.70331011e-02 1.72810215e-02 9.99705403e-01 -9.68768552e-02
9.99800116e-01 9.85686546e-03 -1.73776692e-02 -4.23087309e-02 -1.01692386e-02 9.99786545e-01 -1.79799726e-02 3.85174870e-03 1.71967364e-02 1.81531020e-02 9.99687107e-01 -9.91741341e-02
9.99897864e-01 1.10362011e-02 -9.05269775e-03 -5.15825323e-02 -1.11992557e-02 9.99772233e-01 -1.81635956e-02 4.43192037e-03 8.85018035e-03 1.82631288e-02 9.99793848e-01 -1.00864355e-01
9.99892115e-01 1.13214524e-02 -9.33533584e-03 -5.36083291e-02 -1.14941727e-02 9.99759740e-01 -1.86607962e-02 4.96956874e-03 9.12182733e-03 1.87660892e-02 9.99782107e-01 -1.02914001e-01
9.99883506e-01 1.16906489e-02 -9.79201120e-03 -5.42700208e-02 -1.18826795e-02 9.99733521e-01 -1.97881663e-02 5.66149411e-03 9.55806683e-03 1.99022201e-02 9.99756095e-01 -1.03983257e-01
9.99873457e-01 1.22644365e-02 -1.01130902e-02 -5.54133454e-02 -1.24730426e-02 9.99705181e-01 -2.08291657e-02 6.31818254e-03 9.85465235e-03 2.09526742e-02 9.99731755e-01 -1.05508726e-01
9.99865152e-01 1.33773205e-02 -9.50284969e-03 -5.93675932e-02 -1.35682356e-02 9.99701394e-01 -2.03184618e-02 6.82222483e-03 9.22820739e-03 2.04446622e-02 9.99748232e-01 -1.08123816e-01
9.99853698e-01 1.33232141e-02 -1.07078797e-02 -6.07538119e-02 -1.35483939e-02 9.99682495e-01 -2.12395371e-02 7.28935122e-03 1.04215035e-02 2.13815077e-02 9.99716890e-01 -1.10120873e-01
9.99853905e-01 1.35563981e-02 -1.03894286e-02 -6.54353767e-02 -1.37757474e-02 9.99677207e-01 -2.13404372e-02 7.13838266e-03 1.00967781e-02 2.14804446e-02 9.99718105e-01 -1.12567137e-01
9.99835297e-01 1.31208838e-02 -1.25220910e-02 -6.83231072e-02 -1.33867582e-02 9.99681447e-01 -2.13903257e-02 7.05061031e-03 1.22374452e-02 2.15544362e-02 9.99692589e-01 -1.14984497e-01
9.99910028e-01 1.21320137e-02 -5.68689715e-03 -7.70326577e-02 -1.22545053e-02 9.99682235e-01 -2.20237683e-02 7.07549413e-03 5.41789915e-03 2.20914798e-02 9.99741126e-01 -1.17228197e-01
9.99952162e-01 9.68615712e-03 1.20448929e-03 -8.55109337e-02 -9.65681357e-03 9.99703324e-01 -2.23569762e-02 6.20211555e-03 -1.42068440e-03 2.23442776e-02 9.99749219e-01 -1.19228086e-01
9.99922837e-01 6.29499809e-03 1.06916717e-02 -9.72745737e-02 -6.04547480e-03 9.99712207e-01 -2.32119861e-02 5.12905624e-03 -1.08347153e-02 2.31455615e-02 9.99673273e-01 -1.20654713e-01
9.99881410e-01 2.85479695e-03 1.51202740e-02 -1.04423283e-01 -2.49962716e-03 9.99721601e-01 -2.34564940e-02 3.82970669e-03 -1.51830309e-02 2.34159190e-02 9.99610387e-01 -1.22219476e-01
9.99686488e-01 7.33627137e-03 2.39320896e-02 -1.15745856e-01 -6.72474181e-03 9.99651186e-01 -2.55337746e-02 1.98369010e-03 -2.41110707e-02 2.53648336e-02 9.99387332e-01 -1.23226990e-01
9.99652411e-01 5.06691259e-03 2.58675916e-02 -1.20230222e-01 -4.39689748e-03 9.99654917e-01 -2.58931250e-02 1.46859501e-03 -2.59898699e-02 2.57703875e-02 9.99329889e-01 -1.25439555e-01
9.99651091e-01 3.36656848e-03 2.61948869e-02 -1.23410301e-01 -2.64324289e-03 9.99615455e-01 -2.75989450e-02 1.83091040e-03 -2.62777354e-02 2.75200758e-02 9.99275688e-01 -1.27686677e-01
9.99668785e-01 1.89063363e-03 2.56604397e-02 -1.26094653e-01 -1.13549408e-03 9.99566633e-01 -2.94108058e-02 2.37813262e-03 -2.57049309e-02 2.93719285e-02 9.99237873e-01 -1.30154121e-01
9.99733578e-01 1.51810817e-03 2.30241937e-02 -1.24420147e-01 -8.22236719e-04 9.99543288e-01 -3.02027990e-02 2.71843584e-03 -2.30595362e-02 3.01758233e-02 9.99278434e-01 -1.32723118e-01
9.99744510e-01 9.98120784e-04 2.25733368e-02 -1.24442375e-01 -3.05733318e-04 9.99529796e-01 -3.06553797e-02 3.02076373e-03 -2.25933265e-02 3.06406475e-02 9.99274973e-01 -1.34337347e-01
9.99761579e-01 7.17608787e-04 2.18146462e-02 -1.24558582e-01 -1.16429305e-04 9.99620298e-01 -2.75472155e-02 3.55504647e-03 -2.18261373e-02 2.75381080e-02 9.99382337e-01 -1.35431949e-01
9.99760220e-01 8.56000155e-04 2.18713760e-02 -1.25295099e-01 -2.47509475e-04 9.99613047e-01 -2.78088032e-02 4.27990392e-03 -2.18867221e-02 2.77967222e-02 9.99373877e-01 -1.36798006e-01
9.99749774e-01 9.09783086e-04 2.23419263e-02 -1.26541274e-01 -3.08705883e-04 9.99638104e-01 -2.68921850e-02 5.36767658e-03 -2.23583121e-02 2.68785584e-02 9.99388559e-01 -1.38446727e-01
9.99727975e-01 6.74802388e-04 2.33045523e-02 -1.27879553e-01 -6.64937910e-05 9.99659274e-01 -2.60933924e-02 6.36627048e-03 -2.33142263e-02 2.60847432e-02 9.99387743e-01 -1.39980010e-01
9.99731977e-01 3.89486862e-04 2.31386727e-02 -1.28325827e-01 2.41056297e-04 9.99628626e-01 -2.72414916e-02 7.07769052e-03 -2.31406965e-02 2.72397676e-02 9.99360944e-01 -1.41132007e-01
9.99731416e-01 -1.05491786e-04 2.31652416e-02 -1.28595340e-01 7.60446493e-04 9.99599915e-01 -2.82660889e-02 7.64123064e-03 -2.31529979e-02 2.82761130e-02 9.99331884e-01 -1.42190086e-01
9.99729428e-01 1.88738063e-04 2.32507427e-02 -1.25293917e-01 4.57990177e-04 9.99613007e-01 -2.78068270e-02 8.54184133e-03 -2.32469986e-02 2.78099519e-02 9.99342793e-01 -1.43131924e-01
9.99674743e-01 6.44395589e-04 2.54872429e-02 -1.24906589e-01 7.86962271e-05 9.99597629e-01 -2.83594826e-02 9.06483394e-03 -2.54952672e-02 2.83522644e-02 9.99272749e-01 -1.42873624e-01
9.99657020e-01 8.40010613e-04 2.61672984e-02 -1.24977310e-01 -7.33894674e-05 9.99570946e-01 -2.92840333e-02 9.60452860e-03 -2.61806758e-02 2.92720691e-02 9.99228501e-01 -1.43280488e-01
9.99665215e-01 5.47095380e-04 2.58610111e-02 -1.25321907e-01 2.34799470e-04 9.99542996e-01 -3.02217241e-02 1.00276441e-02 -2.58657334e-02 3.02176781e-02 9.99208544e-01 -1.44756049e-01
9.99673589e-01 1.45329581e-04 2.55421180e-02 -1.25567810e-01 6.54602479e-04 9.99509442e-01 -3.13069252e-02 1.05231008e-02 -2.55341442e-02 3.13134257e-02 9.99183350e-01 -1.46221913e-01
9.99676141e-01 -3.20887373e-04 2.54400687e-02 -1.26249628e-01 1.14692863e-03 9.99472132e-01 -3.24620684e-02 1.10068552e-02 -2.54162299e-02 3.24807333e-02 9.99149074e-01 -1.47803138e-01
9.99651517e-01 -1.22596390e-03 2.63623659e-02 -1.27954107e-01 2.11238888e-03 9.99432134e-01 -3.36230449e-02 1.12448520e-02 -2.63061832e-02 3.36670163e-02 9.99086741e-01 -1.49898932e-01
9.99632587e-01 -2.40219334e-03 2.69903288e-02 -1.29465310e-01 3.34612185e-03 9.99382121e-01 -3.49822198e-02 1.16908615e-02 -2.68896249e-02 3.50596822e-02 9.99023315e-01 -1.51936333e-01
9.99616371e-01 -3.20351354e-03 2.75026643e-02 -1.31071033e-01 4.20246654e-03 9.99330418e-01 -3.63413639e-02 1.21964895e-02 -2.73678347e-02 3.64430049e-02 9.98960840e-01 -1.53942052e-01
9.99614744e-01 -4.03299709e-03 2.74519387e-02 -1.31853071e-01 5.06547788e-03 9.99278108e-01 -3.76453953e-02 1.27400717e-02 -2.72803042e-02 3.77699536e-02 9.98913925e-01 -1.55692696e-01
9.99610070e-01 -5.06670652e-03 2.74517144e-02 -1.32697208e-01 6.13407759e-03 9.99222606e-01 -3.89380548e-02 1.32536229e-02 -2.72330926e-02 3.90912672e-02 9.98864376e-01 -1.57404594e-01
9.99607657e-01 -5.79233853e-03 2.73962174e-02 -1.33428891e-01 6.89247058e-03 9.99166328e-01 -4.02338397e-02 1.38312686e-02 -2.71403369e-02 4.04068870e-02 9.98814537e-01 -1.58916211e-01
9.99527792e-01 -8.04645463e-03 2.96491455e-02 -1.35910622e-01 9.51033997e-03 9.98725305e-01 -4.95680216e-02 1.08449450e-02 -2.92125117e-02 4.98265953e-02 9.98330508e-01 -1.63758927e-01
9.99492238e-01 -9.09603800e-03 3.05302328e-02 -1.37299397e-01 1.06540642e-02 9.98628118e-01 -5.12637187e-02 8.45150112e-03 -3.00220606e-02 5.15629690e-02 9.98218268e-01 -1.65417103e-01
9.99429932e-01 -1.06724025e-02 3.20220340e-02 -1.38967173e-01 1.23588098e-02 9.98521165e-01 -5.29367678e-02 9.55284699e-03 -3.14097252e-02 5.33023558e-02 9.98084178e-01 -1.70620649e-01
9.99412051e-01 -1.04638773e-02 3.26429588e-02 -1.39361746e-01 1.21339622e-02 9.98604711e-01 -5.13908626e-02 9.17535243e-03 -3.20596735e-02 5.17567495e-02 9.98144838e-01 -1.68253133e-01
9.99482022e-01 -1.21956664e-02 2.97733546e-02 -1.35250509e-01 1.36491625e-02 9.98699724e-01 -4.91138008e-02 1.02152264e-02 -2.91356735e-02 4.94947545e-02 9.98349184e-01 -1.71456662e-01
9.99536233e-01 -1.15745007e-02 2.81572060e-02 -1.33530084e-01 1.28776918e-02 9.98832721e-01 -4.65503632e-02 1.03180818e-02 -2.75855496e-02 4.68913865e-02 9.98518860e-01 -1.73728800e-01
9.99452637e-01 -1.37325639e-02 3.00888141e-02 -1.31975063e-01 1.48918718e-02 9.99141665e-01 -3.86503687e-02 9.93087048e-03 -2.95322257e-02 3.90773017e-02 9.98799555e-01 -1.74853618e-01
9.99508518e-01 -1.32065873e-02 2.84209431e-02 -1.31102442e-01 1.42290494e-02 9.99247491e-01 -3.60793156e-02 1.01097938e-02 -2.79230763e-02 3.64659974e-02 9.98944581e-01 -1.77338130e-01
9.99591679e-01 -1.21239238e-02 2.58644508e-02 -1.29988336e-01 1.30143803e-02 9.99318410e-01 -3.45419157e-02 1.03787306e-02 -2.54280418e-02 3.48644322e-02 9.99068394e-01 -1.81426866e-01
9.99647898e-01 -1.16973774e-02 2.38063086e-02 -1.29236944e-01 1.25029872e-02 9.99344314e-01 -3.39775238e-02 1.07338929e-02 -2.33932542e-02 3.42632222e-02 9.99138893e-01 -1.84871198e-01
9.99698773e-01 -1.20162787e-02 2.13887879e-02 -1.28327770e-01 1.27369258e-02 9.99344616e-01 -3.38816599e-02 1.09654264e-02 -2.09676416e-02 3.41438933e-02 9.99196816e-01 -1.87965666e-01
9.99693382e-01 -1.20207350e-02 2.16381949e-02 -1.27393359e-01 1.27588625e-02 9.99329965e-01 -3.43037683e-02 1.12525025e-02 -2.12113419e-02 3.45693389e-02 9.99177102e-01 -1.90264638e-01
9.99792437e-01 -7.88085797e-03 1.87738002e-02 -1.20336398e-01 8.77649633e-03 9.98803273e-01 -4.81122443e-02 1.12484253e-02 -1.83721696e-02 4.82670391e-02 9.98665378e-01 -1.92953764e-01
9.99841462e-01 -6.92613464e-03 1.63891149e-02 -1.20293003e-01 7.82299694e-03 9.98438642e-01 -5.53073107e-02 9.17272011e-03 -1.59804616e-02 5.54267686e-02 9.98334759e-01 -1.93679816e-01
9.99676190e-01 -8.11337490e-03 2.41089000e-02 -1.25179768e-01 9.48653295e-03 9.98306151e-01 -5.73991534e-02 9.72979493e-03 -2.36023663e-02 5.76092918e-02 9.98060048e-01 -1.98760047e-01
9.99654696e-01 -7.30081903e-03 2.52350442e-02 -1.25452079e-01 8.72833062e-03 9.98339992e-01 -5.69294970e-02 9.76152310e-03 -2.47775255e-02 5.71301117e-02 9.98059141e-01 -1.97054109e-01
9.99695224e-01 -7.10593986e-03 2.36324266e-02 -1.23470754e-01 8.42635060e-03 9.98381019e-01 -5.62510434e-02 1.09315936e-02 -2.31944529e-02 5.64330501e-02 9.98136813e-01 -1.99879808e-01
9.99736651e-01 -6.69192867e-03 2.19418553e-02 -1.22564496e-01 7.90154655e-03 9.98426637e-01 -5.55134266e-02 1.15144426e-02 -2.15358433e-02 5.56721962e-02 9.98216726e-01 -2.03996595e-01
9.99755607e-01 -6.93825443e-03 2.09789749e-02 -1.23028528e-01 8.01051578e-03 9.98642504e-01 -5.14669609e-02 1.22329467e-02 -2.05934081e-02 5.16224512e-02 9.98454195e-01 -2.08719147e-01
9.99746825e-01 -6.97700901e-03 2.13819818e-02 -1.24826402e-01 7.98689416e-03 9.98838512e-01 -4.75151521e-02 1.25475772e-02 -2.10256365e-02 4.76739106e-02 9.98641531e-01 -2.11834256e-01
9.99785984e-01 -7.81182195e-03 1.91441425e-02 -1.24744859e-01 8.66390295e-03 9.98956629e-01 -4.48376770e-02 1.29142301e-02 -1.87739072e-02 4.49939576e-02 9.98810705e-01 -2.15453508e-01
9.99816455e-01 -6.91294090e-03 1.78557060e-02 -1.24265466e-01 7.69446169e-03 9.98998400e-01 -4.40774414e-02 1.33942115e-02 -1.75331198e-02 4.42067537e-02 9.98868418e-01 -2.19053150e-01
9.99841402e-01 -6.72373156e-03 1.64770625e-02 -1.23859363e-01 7.44066953e-03 9.99010629e-01 -4.38434873e-02 1.36088975e-02 -1.61659704e-02 4.39591461e-02 9.98902442e-01 -2.21835901e-01
9.99864179e-01 -6.73609063e-03 1.50273978e-02 -1.23341213e-01 7.39120414e-03 9.99005262e-01 -4.39737885e-02 1.39801977e-02 -1.47162396e-02 4.40788966e-02 9.98919588e-01 -2.24829657e-01
9.99883068e-01 -7.14413972e-03 1.35043270e-02 -1.23648580e-01 7.74596683e-03 9.98954544e-01 -4.50516143e-02 1.46029709e-02 -1.31683543e-02 4.51509590e-02 9.98893357e-01 -2.26236950e-01
9.99924932e-01 -1.14143197e-02 4.39820721e-03 -1.19303660e-01 1.16414191e-02 9.98383375e-01 -5.56317388e-02 1.25271911e-02 -3.75609606e-03 5.56787765e-02 9.98441627e-01 -2.30875618e-01
9.99894355e-01 -1.20886291e-02 8.04145847e-03 -1.23041578e-01 1.25100099e-02 9.98429986e-01 -5.45970619e-02 9.19926783e-03 -7.36882851e-03 5.46919054e-02 9.98476025e-01 -2.32403880e-01
9.98957356e-01 -3.64831954e-02 2.74343197e-02 -1.37466696e-01 3.79976808e-02 9.97657863e-01 -5.68746783e-02 1.28664794e-02 -2.52950972e-02 5.78578342e-02 9.98004249e-01 -2.33273499e-01
9.98891827e-01 -2.89189281e-02 3.71249618e-02 -1.42662535e-01 3.08996717e-02 9.98065998e-01 -5.39376875e-02 1.23914467e-02 -3.54933457e-02 5.50250777e-02 9.97853896e-01 -2.33719040e-01
9.99426293e-01 -2.61574986e-02 2.15004904e-02 -1.32388748e-01 2.72878342e-02 9.98163626e-01 -5.40787492e-02 1.47201132e-02 -2.00464404e-02 5.46344383e-02 9.98305156e-01 -2.35010287e-01
9.99651467e-01 -1.57379415e-02 2.11818529e-02 -1.34903066e-01 1.68499878e-02 9.98431522e-01 -5.33882673e-02 1.55453201e-02 -2.03084063e-02 5.37265845e-02 9.98349139e-01 -2.38209330e-01
9.99595069e-01 -1.22959089e-02 2.56501582e-02 -1.40359654e-01 1.36730811e-02 9.98434976e-01 -5.42251227e-02 1.58089441e-02 -2.49432677e-02 5.45538910e-02 9.98199249e-01 -2.41032819e-01
9.99749642e-01 -9.75623738e-03 2.01195829e-02 -1.32119617e-01 1.07624786e-02 9.98664558e-01 -5.05269041e-02 1.60070207e-02 -1.95997586e-02 5.07308007e-02 9.98520029e-01 -2.44414057e-01
9.99846820e-01 -8.00791061e-03 1.55419086e-02 -1.26568564e-01 8.72082088e-03 9.98886712e-01 -4.63581965e-02 1.51185946e-02 -1.51533682e-02 4.64866446e-02 9.98803961e-01 -2.51417800e-01
9.99897665e-01 -6.05377074e-03 1.29360012e-02 -1.26037880e-01 6.64111342e-03 9.98925930e-01 -4.58542302e-02 1.50025042e-02 -1.26445097e-02 4.59354570e-02 9.98864365e-01 -2.57207852e-01
9.99925432e-01 -4.28978311e-03 1.14056786e-02 -1.26710749e-01 4.80948661e-03 9.98932675e-01 -4.59357548e-02 1.49908725e-02 -1.11964435e-02 4.59871929e-02 9.98879284e-01 -2.61539734e-01
9.99866844e-01 -4.68676618e-03 1.56080224e-02 -1.32104998e-01 5.38833501e-03 9.98962576e-01 -4.52151245e-02 1.47865036e-02 -1.53799125e-02 4.52932149e-02 9.98855309e-01 -2.63619249e-01
9.99851692e-01 -4.50498809e-03 1.65990325e-02 -1.33931997e-01 5.25971808e-03 9.98940759e-01 -4.57091124e-02 1.51846548e-02 -1.63755268e-02 4.57896507e-02 9.98816830e-01 -2.66238779e-01
9.99755665e-01 -4.65172780e-03 2.15921861e-02 -1.32836428e-01 5.60863557e-03 9.98994734e-01 -4.44706472e-02 1.51590814e-02 -2.13636138e-02 4.45808929e-02 9.98777276e-01 -2.67223835e-01
9.99702732e-01 -3.68472859e-03 2.40844392e-02 -1.34596345e-01 4.73029172e-03 9.99041986e-01 -4.35007897e-02 1.48364787e-02 -2.39010771e-02 4.36017946e-02 9.98763000e-01 -2.68787026e-01
9.99670818e-01 -3.59357362e-03 2.53870707e-02 -1.36657695e-01 4.71246127e-03 9.99013527e-01 -4.41518762e-02 1.52062586e-02 -2.52033632e-02 4.42569889e-02 9.98702177e-01 -2.71032621e-01
9.99587717e-01 -2.65995162e-03 2.85728428e-02 -1.36327089e-01 3.91492934e-03 9.99025548e-01 -4.39564621e-02 1.54238273e-02 -2.84280801e-02 4.40502125e-02 9.98624700e-01 -2.71812778e-01
9.99524227e-01 -2.34318604e-03 3.07391396e-02 -1.36294031e-01 3.70164091e-03 9.99015167e-01 -4.42109671e-02 1.56433801e-02 -3.06052741e-02 4.43037323e-02 9.98549133e-01 -2.72837127e-01
9.99430000e-01 -1.74139468e-03 3.37010864e-02 -1.36158441e-01 3.24472009e-03 9.98999240e-01 -4.46046193e-02 1.59514241e-02 -3.35896905e-02 4.46885579e-02 9.98436047e-01 -2.73934679e-01
9.99446704e-01 -2.07218550e-03 3.31821035e-02 -1.36595044e-01 3.60233532e-03 9.98929141e-01 -4.61206792e-02 1.66784000e-02 -3.30510054e-02 4.62147089e-02 9.98384514e-01 -2.76199453e-01
9.99422282e-01 -3.19774581e-03 3.38218728e-02 -1.38266697e-01 4.81494342e-03 9.98843065e-01 -4.78424434e-02 1.73670859e-02 -3.36297613e-02 4.79776726e-02 9.98281996e-01 -2.78666251e-01
9.99374280e-01 -5.05911254e-03 3.49918450e-02 -1.40358993e-01 6.79828328e-03 9.98737652e-01 -4.97632752e-02 1.79795740e-02 -3.46959232e-02 4.99700432e-02 9.98147724e-01 -2.81076093e-01
9.99324227e-01 -6.80582357e-03 3.61077858e-02 -1.42198847e-01 8.66320803e-03 9.98633377e-01 -5.15356205e-02 1.85622232e-02 -3.57077050e-02 5.18136274e-02 9.98018039e-01 -2.83536847e-01
9.99173644e-01 -9.88149741e-03 3.94124959e-02 -1.46640952e-01 1.19622025e-02 9.98527347e-01 -5.29116138e-02 1.83367492e-02 -3.88316169e-02 5.33393757e-02 9.97820994e-01 -2.86661873e-01
9.99127745e-01 -1.07780277e-02 4.03312165e-02 -1.48574977e-01 1.29609603e-02 9.98442500e-01 -5.42612228e-02 1.88340880e-02 -3.96835780e-02 5.47366499e-02 9.97711831e-01 -2.89302621e-01
9.99129738e-01 -1.14871911e-02 4.00854245e-02 -1.49418917e-01 1.37420177e-02 9.98311474e-01 -5.64362483e-02 1.98694130e-02 -3.93694500e-02 5.69380127e-02 9.97601111e-01 -2.91845425e-01
9.99423716e-01 -1.48316119e-02 3.05183162e-02 -1.43521418e-01 1.71112837e-02 9.96972551e-01 -7.58469345e-02 1.94799151e-02 -2.93009876e-02 7.63254660e-02 9.96652329e-01 -2.96086500e-01
9.99230125e-01 1.95294445e-02 3.40117781e-02 -1.43734361e-01 -1.63944119e-02 9.95794823e-01 -9.01316711e-02 3.69842408e-02 -3.56289734e-02 8.95047240e-02 9.95348898e-01 -2.97721938e-01
9.99136703e-01 1.29354605e-02 3.94651933e-02 -1.46078484e-01 -9.24097645e-03 9.95679064e-01 -9.23997861e-02 3.85747068e-02 -4.04899000e-02 9.19553754e-02 9.94939557e-01 -2.98864472e-01
9.99299064e-01 8.58055389e-03 3.64244010e-02 -1.43481629e-01 -5.13389473e-03 9.95588600e-01 -9.36848108e-02 4.02821221e-02 -3.70675858e-02 9.34321996e-02 9.94935331e-01 -3.02646939e-01
9.99210165e-01 5.49411700e-03 3.93430991e-02 -1.45637024e-01 -1.87027229e-03 9.95797736e-01 -9.15596905e-02 4.16948058e-02 -3.96808126e-02 9.14138430e-02 9.95022004e-01 -3.04226660e-01
9.99419910e-01 8.09988596e-03 3.30634793e-02 -1.40710331e-01 -5.27171088e-03 9.96388550e-01 -8.47457266e-02 4.31423045e-02 -3.36305033e-02 8.45223149e-02 9.95853807e-01 -3.10286709e-01
9.99309294e-01 2.31804982e-03 3.70747698e-02 -1.40085821e-01 7.92597424e-04 9.96493237e-01 -8.36681937e-02 4.35779877e-02 -3.71387069e-02 8.36398355e-02 9.95803676e-01 -3.11178628e-01
9.99198397e-01 9.72329382e-04 4.00066075e-02 -1.38966138e-01 2.34351589e-03 9.96567251e-01 -8.27522608e-02 4.39883297e-02 -3.99497415e-02 8.27797298e-02 9.95766731e-01 -3.12946042e-01
9.99127397e-01 1.39622514e-03 4.17304517e-02 -1.36742992e-01 2.01677576e-03 9.96660302e-01 -8.16331072e-02 4.43254860e-02 -4.17050656e-02 8.16460810e-02 9.95788392e-01 -3.15225297e-01
9.99361281e-01 3.69467574e-03 3.55301308e-02 -1.32277862e-01 -8.42739004e-04 9.96798370e-01 -7.99505839e-02 4.43524481e-02 -3.57117672e-02 7.98696150e-02 9.96165397e-01 -3.20341510e-01
9.99373957e-01 3.78768318e-03 3.51616342e-02 -1.32257371e-01 -9.36279305e-04 9.96733127e-01 -8.07591797e-02 4.49132533e-02 -3.53526529e-02 8.06757411e-02 9.96113267e-01 -3.23337954e-01
9.99354914e-01 3.80424620e-03 3.56962828e-02 -1.31964697e-01 -8.71264250e-04 9.96646406e-01 -8.18234900e-02 4.55139522e-02 -3.58878441e-02 8.17396520e-02 9.96007389e-01 -3.25567343e-01
9.99477312e-01 4.49375539e-03 3.19971336e-02 -1.30517101e-01 -1.66253130e-03 9.96121984e-01 -8.79664563e-02 4.39857306e-02 -3.22683427e-02 8.78673339e-02 9.95609378e-01 -3.31168711e-01
9.99553705e-01 6.93016971e-03 2.90370917e-02 -1.29698043e-01 -4.07897836e-03 9.95263816e-01 -9.71239653e-02 4.19446497e-02 -2.95726465e-02 9.69622410e-02 9.94848547e-01 -3.35651124e-01
9.99360279e-01 7.84070943e-03 3.48770822e-02 -1.31570111e-01 -4.40697977e-03 9.95229498e-01 -9.74609414e-02 4.21996144e-02 -3.54748612e-02 9.72449503e-02 9.94628004e-01 -3.35532655e-01
9.99319789e-01 8.38045176e-03 3.58970131e-02 -1.30266725e-01 -4.77745222e-03 9.95045550e-01 -9.93045561e-02 4.37523766e-02 -3.65513766e-02 9.90655722e-02 9.94409355e-01 -3.35715833e-01
9.99316645e-01 8.68110290e-03 3.59127271e-02 -1.27536448e-01 -5.15861019e-03 9.95267089e-01 -9.70391256e-02 4.40811507e-02 -3.65851605e-02 9.67876126e-02 9.94632386e-01 -3.38380946e-01
9.99305813e-01 8.01528355e-03 3.63652189e-02 -1.25182354e-01 -4.62534297e-03 9.95714507e-01 -9.23632645e-02 4.39017070e-02 -3.69496935e-02 9.21310063e-02 9.95061013e-01 -3.41302809e-01
9.99347773e-01 8.08308500e-03 3.51764088e-02 -1.24954631e-01 -4.93392815e-03 9.96045357e-01 -8.87076625e-02 4.40825433e-02 -3.57543278e-02 8.84763105e-02 9.95436274e-01 -3.45924040e-01
9.99374423e-01 8.34990010e-03 3.43474248e-02 -1.25319750e-01 -5.33313650e-03 9.96193636e-01 -8.70028904e-02 4.46347325e-02 -3.49431503e-02 8.67653458e-02 9.95615642e-01 -3.50530295e-01
9.99404717e-01 8.77183122e-03 3.33472873e-02 -1.25959178e-01 -5.88418074e-03 9.96301290e-01 -8.57256244e-02 4.50957511e-02 -3.39759130e-02 8.54784287e-02 9.95760473e-01 -3.54424073e-01
9.99453601e-01 8.97416618e-03 3.17908913e-02 -1.27667743e-01 -6.21653121e-03 9.96292548e-01 -8.58034593e-02 4.57505386e-02 -3.24430387e-02 8.55590074e-02 9.95804651e-01 -3.57313131e-01
9.99381359e-01 8.33164001e-03 3.41485475e-02 -1.27562310e-01 -5.30950483e-03 9.96136753e-01 -8.76535123e-02 4.55836923e-02 -3.47469164e-02 8.74180390e-02 9.95565446e-01 -3.61312895e-01
9.99300769e-01 7.61212362e-03 3.65888577e-02 -1.26712467e-01 -4.28327282e-03 9.95913316e-01 -9.02117477e-02 4.57009176e-02 -3.71260298e-02 8.99920135e-02 9.95250196e-01 -3.64777814e-01
9.99662900e-01 6.20147314e-03 2.51852579e-02 -1.15786723e-01 -3.41834976e-03 9.94026863e-01 -1.09081296e-01 4.49398319e-02 -2.57112767e-02 1.08958512e-01 9.93713624e-01 -3.68563605e-01
9.99690997e-01 5.79600153e-03 2.41456004e-02 -1.11942069e-01 -3.02864258e-03 9.93577894e-01 -1.13108790e-01 4.45190140e-02 -2.46461020e-02 1.13000788e-01 9.93289095e-01 -3.71961433e-01
9.99510015e-01 6.46151068e-03 3.06054945e-02 -1.13728854e-01 -2.89652484e-03 9.93346822e-01 -1.15123874e-01 4.69854468e-02 -3.11457377e-02 1.14978890e-01 9.92879494e-01 -3.75365613e-01
9.99357141e-01 7.15473444e-03 3.51118115e-02 -1.13544327e-01 -2.98403449e-03 9.93076886e-01 -1.17427521e-01 4.94249708e-02 -3.57088853e-02 1.17247330e-01 9.92460532e-01 -3.74779480e-01
9.99503004e-01 6.20057390e-03 3.08883837e-02 -1.11763130e-01 -2.54136462e-03 9.93113964e-01 -1.17124368e-01 5.06504082e-02 -3.14019139e-02 1.16987730e-01 9.92636792e-01 -3.78854306e-01
9.99544374e-01 7.13059943e-03 2.93074009e-02 -1.10808167e-01 -3.71066597e-03 9.93343451e-01 -1.15130170e-01 5.14242985e-02 -2.99332501e-02 1.14969038e-01 9.92917989e-01 -3.81769763e-01
9.99482256e-01 7.20008374e-03 3.13377326e-02 -1.09575297e-01 -3.84317159e-03 9.94370305e-01 -1.05890703e-01 5.12129244e-02 -3.19237226e-02 1.05715515e-01 9.93883824e-01 -3.84624815e-01
9.99492458e-01 7.26877212e-03 3.09941010e-02 -1.08278395e-01 -4.02341690e-03 9.94619899e-01 -1.03513161e-01 5.16051140e-02 -3.15797525e-02 1.03335994e-01 9.94145031e-01 -3.86708932e-01
9.99532866e-01 7.50127201e-03 2.96030434e-02 -1.07673852e-01 -4.39867202e-03 9.94618327e-01 -1.03512740e-01 5.21700667e-02 -3.02201950e-02 1.03334247e-01 9.94187455e-01 -3.91379092e-01
9.99494511e-01 7.96644679e-03 3.07540448e-02 -1.10010047e-01 -4.78330353e-03 9.94750000e-01 -1.02222143e-01 5.19936414e-02 -3.14069235e-02 1.02023439e-01 9.94286038e-01 -3.95350180e-01
9.99434217e-01 6.83803680e-03 3.29095656e-02 -1.13906799e-01 -3.46764328e-03 9.94839457e-01 -1.01401360e-01 5.17832518e-02 -3.34331117e-02 1.01229940e-01 9.94301097e-01 -3.98167754e-01
9.99339383e-01 5.75054639e-03 3.58649539e-02 -1.18689740e-01 -2.10039076e-03 9.94884741e-01 -1.00993710e-01 5.18038300e-02 -3.62622595e-02 1.00851734e-01 9.94240333e-01 -3.99804746e-01
9.99150363e-01 4.45895820e-03 4.09529632e-02 -1.25135836e-01 -3.24634862e-04 9.94945998e-01 -1.00409603e-01 5.20038346e-02 -4.11937082e-02 1.00311071e-01 9.94102916e-01 -4.00832709e-01
9.98957722e-01 5.00911240e-03 4.53522337e-02 -1.29551755e-01 -4.55538409e-04 9.95000987e-01 -9.98631065e-02 5.26528649e-02 -4.56257429e-02 9.97384421e-02 9.93966989e-01 -4.02212501e-01
9.98775625e-01 5.53716916e-03 4.91439034e-02 -1.34166127e-01 -6.34258091e-04 9.95064595e-01 -9.92262706e-02 5.34659177e-02 -4.94507967e-02 9.90736864e-02 9.93850517e-01 -4.03417100e-01
9.98798243e-01 4.09098637e-03 4.88242987e-02 -1.34010739e-01 4.94739691e-04 9.95614913e-01 -9.35435692e-02 5.44925772e-02 -4.89928933e-02 9.34553793e-02 9.94417197e-01 -4.08071800e-01
9.97784206e-01 3.97118473e-03 6.64034171e-02 -1.43192434e-01 2.24488693e-03 9.95637723e-01 -9.32750418e-02 5.63198892e-02 -6.64841760e-02 9.32174993e-02 9.93423486e-01 -4.07593576e-01
9.97315224e-01 5.62611607e-03 7.30006558e-02 -1.47630559e-01 1.27041213e-03 9.95563351e-01 -9.40835923e-02 5.82712694e-02 -7.32061225e-02 9.39238119e-02 9.92884206e-01 -4.06570423e-01
9.98020750e-01 2.38008709e-02 5.81934614e-02 -1.35486148e-01 -1.82298688e-02 9.95361972e-01 -9.44556537e-02 6.19030233e-02 -6.01716981e-02 9.32079180e-02 9.93826653e-01 -4.07464138e-01
9.98201246e-01 3.54398047e-02 4.83392417e-02 -1.25880858e-01 -3.06098772e-02 9.94790232e-01 -9.72370004e-02 6.44785532e-02 -5.15334728e-02 9.55825113e-02 9.94086538e-01 -4.07852942e-01
9.99016905e-01 3.58223772e-02 2.60820274e-02 -1.07172475e-01 -3.29722959e-02 9.94183266e-01 -1.02527924e-01 6.62739670e-02 -2.96030941e-02 1.01567227e-01 9.94388000e-01 -4.12798907e-01
9.99296795e-01 3.55250898e-02 1.19242264e-02 -9.31153176e-02 -3.41147396e-02 9.94119717e-01 -1.02769973e-01 6.52473815e-02 -1.55049936e-02 1.02290996e-01 9.94633517e-01 -4.15696888e-01
9.99182227e-01 4.03238582e-02 2.69259928e-03 -8.29423383e-02 -3.98393887e-02 9.93987353e-01 -1.01987327e-01 6.46417395e-02 -6.78889730e-03 1.01796731e-01 9.94781883e-01 -4.17221399e-01
9.99255167e-01 3.77725091e-02 7.79552216e-03 -8.05157358e-02 -3.67371704e-02 9.93705624e-01 -1.05825241e-01 6.70631385e-02 -1.17437085e-02 1.05460111e-01 9.94354044e-01 -4.22458199e-01
9.99256030e-01 3.74507738e-02 9.12286246e-03 -8.28533495e-02 -3.62840047e-02 9.93777095e-01 -1.05309443e-01 6.76099483e-02 -1.30099819e-02 1.04900164e-01 9.94397510e-01 -4.26744871e-01
9.99179317e-01 3.66743020e-02 1.71461950e-02 -8.52203298e-02 -3.46330853e-02 9.93643562e-01 -1.07110067e-01 6.83431068e-02 -2.09653696e-02 1.06428427e-01 9.94099171e-01 -4.28361502e-01
9.99010605e-01 3.53293771e-02 2.69801754e-02 -8.69209044e-02 -3.22335464e-02 9.93667540e-01 -1.07634989e-01 6.83654952e-02 -3.06119887e-02 1.06658916e-01 9.93824168e-01 -4.28687689e-01
9.98784892e-01 3.21562141e-02 3.73232341e-02 -8.78485000e-02 -2.79030368e-02 9.93610350e-01 -1.09358865e-01 6.95194946e-02 -4.06013166e-02 1.08184642e-01 9.93301182e-01 -4.29475650e-01
9.99429393e-01 2.57098015e-02 2.18677698e-02 -7.16629835e-02 -2.31948208e-02 9.93839551e-01 -1.08371504e-01 7.03782845e-02 -2.45192490e-02 1.07802541e-01 9.93869689e-01 -4.30068552e-01
9.99575510e-01 2.63595931e-02 1.23408713e-02 -6.14975851e-02 -2.48838436e-02 9.93902503e-01 -1.07415200e-01 7.07451529e-02 -1.50970201e-02 1.07062610e-01 9.94137386e-01 -4.31151682e-01
9.99662223e-01 2.59151486e-02 1.49646468e-03 -4.95394299e-02 -2.56107225e-02 9.94038393e-01 -1.05977782e-01 7.02702035e-02 -4.23394022e-03 1.05903751e-01 9.94367145e-01 -4.32390367e-01
9.99660660e-01 2.60048487e-02 -8.05134272e-04 -4.40846580e-02 -2.59457164e-02 9.94137461e-01 -1.04962259e-01 7.03498936e-02 -1.92907849e-03 1.04947627e-01 9.94475641e-01 -4.33746506e-01
9.99690352e-01 2.47176652e-02 2.57114832e-03 -4.82706999e-02 -2.43071745e-02 9.94091746e-01 -1.05784518e-01 7.12907049e-02 -5.17067117e-03 1.05689358e-01 9.94385552e-01 -4.37208974e-01
9.99704285e-01 2.41527975e-02 2.52907840e-03 -5.02339637e-02 -2.37509308e-02 9.94126337e-01 -1.05585610e-01 7.16638905e-02 -5.06437895e-03 1.05494412e-01 9.94406779e-01 -4.39675114e-01
9.99748150e-01 2.23893161e-02 8.98531058e-04 -5.06157664e-02 -2.21707299e-02 9.94207572e-01 -1.05163322e-01 7.24078873e-02 -3.24782758e-03 1.05117003e-01 9.94454348e-01 -4.43133416e-01
9.99781857e-01 2.07255116e-02 -2.26769620e-03 -4.98968764e-02 -2.08490398e-02 9.94301759e-01 -1.04541430e-01 7.29732280e-02 8.81360667e-05 1.04565988e-01 9.94517774e-01 -4.46296597e-01
9.99706753e-01 2.37494310e-02 -4.56250441e-03 -5.08084671e-02 -2.41019939e-02 9.93935119e-01 -1.07292474e-01 7.57927456e-02 1.98673602e-03 1.07371061e-01 9.94216894e-01 -4.48243855e-01
9.99819058e-01 1.77976879e-02 -6.60231916e-03 -4.86634049e-02 -1.83985097e-02 9.94174398e-01 -1.06199511e-01 7.48291289e-02 4.67379113e-03 1.06301848e-01 9.94322782e-01 -4.50732234e-01
9.99802036e-01 1.84701176e-02 -7.30168195e-03 -4.86038740e-02 -1.91236018e-02 9.94511765e-01 -1.02860549e-01 7.28047046e-02 5.36180281e-03 1.02979896e-01 9.94668869e-01 -4.52869851e-01
9.99776233e-01 2.05379756e-02 -4.92930784e-03 -4.72525892e-02 -2.09319774e-02 9.94630447e-01 -1.01350322e-01 7.17552059e-02 2.82134813e-03 1.01430897e-01 9.94838494e-01 -4.55601470e-01
9.99740230e-01 2.20028229e-02 -5.82664033e-03 -4.38820409e-02 -2.24728116e-02 9.94806640e-01 -9.92699101e-02 7.11943317e-02 3.61220165e-03 9.93751419e-02 9.95043367e-01 -4.61085112e-01
9.99738269e-01 2.23912536e-02 -4.53409999e-03 -4.43075659e-02 -2.27277166e-02 9.94936848e-01 -9.78975529e-02 7.09904442e-02 2.31913262e-03 9.79750612e-02 9.95186053e-01 -4.65548104e-01
9.99774123e-01 2.11482845e-02 -1.72743500e-03 -4.11758761e-02 -2.12165194e-02 9.95174697e-01 -9.57968152e-02 6.95816370e-02 -3.06802259e-04 9.58119057e-02 9.95399325e-01 -4.65740055e-01
9.99773160e-01 2.08809697e-02 -4.02575712e-03 -3.39065575e-02 -2.11618901e-02 9.95578081e-01 -9.15223584e-02 6.74310848e-02 2.09691796e-03 9.15868640e-02 9.95794805e-01 -4.66476481e-01
9.99735608e-01 2.22657811e-02 -5.62059781e-03 -2.55895963e-02 -2.26858200e-02 9.95574619e-01 -9.11945230e-02 6.55717763e-02 3.56524612e-03 9.12979883e-02 9.95817203e-01 -4.65889366e-01
9.99755556e-01 2.18651908e-02 -3.06444124e-03 -2.62631470e-02 -2.20545241e-02 9.95507802e-01 -9.20745265e-02 6.58150778e-02 1.03748507e-03 9.21196692e-02 9.95747409e-01 -4.66237069e-01
9.99762925e-01 2.16505766e-02 -1.99977846e-03 -2.73124584e-02 -2.17427576e-02 9.95494448e-01 -9.22923526e-02 6.60559098e-02 -7.37814230e-06 9.23140137e-02 9.95729956e-01 -4.67494717e-01
9.99763561e-01 2.17106760e-02 -4.05184390e-04 -2.85456015e-02 -2.16519101e-02 9.95294249e-01 -9.44476828e-02 6.70369465e-02 -1.64721053e-03 9.44341825e-02 9.95529777e-01 -4.67706183e-01
9.99765665e-01 2.11714353e-02 -4.38165486e-03 -2.40214939e-02 -2.14858677e-02 9.95489987e-01 -9.24011607e-02 6.60757639e-02 2.40566594e-03 9.24737026e-02 9.95712310e-01 -4.67883558e-01
9.99634803e-01 2.45194494e-02 -1.13093913e-02 -2.06902710e-02 -2.54601572e-02 9.95403678e-01 -9.23212234e-02 6.59725281e-02 8.99378682e-03 9.25754939e-02 9.95665158e-01 -4.69580411e-01
9.99381866e-01 2.81239882e-02 -2.10670135e-02 -1.87901347e-02 -2.99493891e-02 9.95305189e-01 -9.20354048e-02 6.56911001e-02 1.83797546e-02 9.26095007e-02 9.95532992e-01 -4.70839664e-01
9.98736138e-01 3.24976076e-02 -3.83268421e-02 -1.51356566e-02 -3.58564657e-02 9.95252546e-01 -9.04798644e-02 6.44152643e-02 3.52045690e-02 9.17398136e-02 9.95160682e-01 -4.71083814e-01
9.98692266e-01 3.87473947e-02 -3.33380652e-02 -2.25927603e-02 -4.17407611e-02 9.94663343e-01 -9.43529172e-02 6.40901665e-02 2.95042800e-02 9.56211205e-02 9.94980629e-01 -4.73118847e-01
9.98112495e-01 4.31435188e-02 -4.36931431e-02 -2.27348063e-02 -4.71874001e-02 9.94243076e-01 -9.61974934e-02 6.36040711e-02 3.92913715e-02 9.80777226e-02 9.94402997e-01 -4.74293817e-01
9.97287237e-01 4.85456129e-02 -5.53213035e-02 -2.22605969e-02 -5.38490853e-02 9.93649353e-01 -9.87987495e-02 6.29521884e-02 5.01738018e-02 1.01509777e-01 9.93568691e-01 -4.75191595e-01
9.97031678e-01 4.97367942e-02 -5.87621841e-02 -1.87968027e-02 -5.53297336e-02 9.93672740e-01 -9.77395119e-02 6.22976488e-02 5.35292059e-02 1.00700733e-01 9.93475858e-01 -4.74907416e-01
9.96574004e-01 5.07380373e-02 -6.53058310e-02 -1.37610308e-02 -5.68927455e-02 9.93742310e-01 -9.61212682e-02 6.11516173e-02 6.00202446e-02 9.95074261e-02 9.93225137e-01 -4.73563073e-01
9.96265276e-01 5.09594533e-02 -6.96960652e-02 -9.99073290e-03 -5.75536919e-02 9.93703005e-01 -9.61340868e-02 6.10499633e-02 6.43583310e-02 9.97863578e-02 9.92925518e-01 -4.73247417e-01
9.96305111e-01 5.10320876e-02 -6.90707229e-02 -9.34104905e-03 -5.76231179e-02 9.93608598e-01 -9.70638637e-02 6.13727584e-02 6.36759721e-02 1.00685332e-01 9.92878786e-01 -4.72600974e-01
9.96256973e-01 5.08691467e-02 -6.98805106e-02 -8.95488517e-03 -5.75993129e-02 9.93524159e-01 -9.79382465e-02 6.16465503e-02 6.44460220e-02 1.01596768e-01 9.92736242e-01 -4.71992105e-01
9.96300747e-01 4.91745142e-02 -7.04668014e-02 -7.89838412e-03 -5.59645910e-02 9.93624331e-01 -9.78695419e-02 6.12129862e-02 6.52049233e-02 1.01451180e-01 9.92701578e-01 -4.70712322e-01
9.96421130e-01 4.87176190e-02 -6.90684996e-02 -7.67777566e-03 -5.53994541e-02 9.93605469e-01 -9.83817537e-02 6.13952720e-02 6.38339919e-02 1.01856053e-01 9.92749242e-01 -4.70495472e-01
9.96665363e-01 4.79960320e-02 -6.59803908e-02 -8.41507965e-03 -5.43935680e-02 9.93613832e-01 -9.88574514e-02 6.15331026e-02 6.08143374e-02 1.02116748e-01 9.92912012e-01 -4.70349972e-01
9.96852858e-01 4.65143080e-02 -6.41846312e-02 -6.34275406e-03 -5.26690753e-02 9.93811974e-01 -9.77933045e-02 6.02600295e-02 5.92387421e-02 1.00866115e-01 9.93135076e-01 -4.71408312e-01
9.96894563e-01 4.62203846e-02 -6.37483477e-02 -2.23709977e-03 -5.23579532e-02 9.93785009e-01 -9.82333563e-02 5.85183015e-02 5.88118467e-02 1.01266064e-01 9.93119734e-01 -4.72339121e-01
9.97153635e-01 4.43413021e-02 -6.09708386e-02 -2.54056779e-04 -5.01710004e-02 9.93953368e-01 -9.76694150e-02 5.74341858e-02 5.62714584e-02 1.00450407e-01 9.93349744e-01 -4.73556058e-01
9.97287451e-01 4.32350297e-02 -5.95602951e-02 2.62449536e-03 -4.89499212e-02 9.93972112e-01 -9.80973281e-02 5.61512148e-02 5.49601078e-02 1.00746735e-01 9.93393139e-01 -4.74682662e-01
9.97417498e-01 4.23512090e-02 -5.79976018e-02 3.50417194e-03 -4.79770725e-02 9.93898067e-01 -9.93207079e-02 5.57833256e-02 5.34374282e-02 1.01846796e-01 9.93364038e-01 -4.75413974e-01
9.97227394e-01 4.31307380e-02 -6.06328885e-02 8.02953518e-03 -4.92815809e-02 9.93364920e-01 -1.03909843e-01 5.43565437e-02 5.57489562e-02 1.06609858e-01 9.92737028e-01 -4.75896902e-01
9.97126652e-01 4.38368775e-02 -6.17729515e-02 7.89863139e-03 -5.03524153e-02 9.92852468e-01 -1.08205163e-01 5.08017864e-02 5.65881344e-02 1.11004699e-01 9.92207716e-01 -4.78683458e-01
9.96828269e-01 4.56077775e-02 -6.52102031e-02 1.03534495e-02 -5.26363230e-02 9.92483471e-01 -1.10479358e-01 4.85334565e-02 5.96814164e-02 1.13561410e-01 9.91737014e-01 -4.78966984e-01
9.97753918e-01 4.60990598e-02 -4.85909947e-02 5.10333404e-03 -5.13259039e-02 9.92328144e-01 -1.12473514e-01 4.97701727e-02 4.30333610e-02 1.14714904e-01 9.92466132e-01 -4.82375772e-01
9.97719903e-01 4.56276057e-02 -4.97215947e-02 1.10562190e-02 -5.08828764e-02 9.92612787e-01 -1.10138985e-01 4.88460690e-02 4.43289857e-02 1.12417870e-01 9.92671945e-01 -4.81343414e-01
9.97473566e-01 4.57150449e-02 -5.43668367e-02 1.65603397e-02 -5.14411327e-02 9.92702203e-01 -1.09068638e-01 4.89922702e-02 4.89840765e-02 1.11589806e-01 9.92546589e-01 -4.83617042e-01
9.97512163e-01 4.38515921e-02 -5.51871420e-02 2.17520067e-02 -4.95075200e-02 9.93166517e-01 -1.05683945e-01 5.02052767e-02 5.01756868e-02 1.08153228e-01 9.92867454e-01 -4.85132971e-01
9.97382465e-01 4.22679323e-02 -5.86573921e-02 2.91826393e-02 -4.76788802e-02 9.94416311e-01 -9.41421772e-02 5.07141275e-02 5.43507494e-02 9.66924991e-02 9.93829477e-01 -4.87634021e-01
9.97213875e-01 4.39392800e-02 -6.02739509e-02 3.26866721e-02 -4.90830206e-02 9.95024783e-01 -8.66969963e-02 5.13681601e-02 5.61647508e-02 8.94138884e-02 9.94409966e-01 -4.91379161e-01
9.97379417e-01 4.22789356e-02 -5.87023953e-02 3.46342773e-02 -4.72481371e-02 9.95172569e-01 -8.60179027e-02 5.24940045e-02 5.47823453e-02 8.85660768e-02 9.94562956e-01 -4.95805948e-01
