1.00000000e+00 0.00000000e+00 0.00000000e+00 0.00000000e+00 0.00000000e+00 1.00000000e+00 0.00000000e+00 0.00000000e+00 0.00000000e+00 0.00000000e+00 1.00000000e+00 0.00000000e+00
9.99999473e-01 -6.77860094e-04 7.77385983e-04 -5.46432856e-04 6.77833657e-04 9.99999778e-01 3.42260492e-05 -5.75031257e-05 -7.77409034e-04 -3.36990935e-05 9.99999693e-01 -2.41644964e-03
9.99997837e-01 -1.94864799e-03 7.69025933e-04 -3.43976060e-04 1.94864219e-03 9.99998136e-01 8.26128776e-06 -1.80568453e-04 -7.69040623e-04 -6.76271626e-06 9.99999699e-01 1.49007942e-03
9.99993807e-01 -3.41903928e-03 8.57063309e-04 -2.55923083e-04 3.41909247e-03 9.99994177e-01 -6.05971695e-05 -2.15793165e-04 -8.56851158e-04 6.35271641e-05 9.99999620e-01 3.99029322e-03
9.99985559e-01 -5.25747729e-03 1.13194340e-03 -3.02497212e-04 5.25763625e-03 9.99986169e-01 -1.37417111e-04 -3.53955782e-04 -1.13120530e-03 1.43366462e-04 9.99999357e-01 6.13548347e-03
9.99967731e-01 -7.78178748e-03 1.98740704e-03 -6.20803229e-04 7.78222419e-03 9.99969665e-01 -2.12114989e-04 -6.10328370e-04 -1.98569619e-03 2.27574583e-04 9.99997999e-01 7.75832617e-03
9.99949240e-01 -9.83988955e-03 2.16538295e-03 -4.86926944e-04 9.84014006e-03 9.99951571e-01 -1.05130908e-04 -9.06774757e-04 -2.16424371e-03 1.26433241e-04 9.99997625e-01 1.11962828e-02
9.99931750e-01 -1.12602830e-02 3.12202831e-03 -7.60657612e-04 1.12620056e-02 9.99936456e-01 -5.34787435e-04 -9.17719180e-04 -3.11580799e-03 5.69911227e-04 9.99995005e-01 1.34009513e-02
9.99912139e-01 -1.26612500e-02 3.93206911e-03 -1.06676995e-03 1.26651208e-02 9.99919403e-01 -9.61244024e-04 -9.62299325e-04 -3.91958131e-03 1.01095966e-03 9.99991827e-01 1.59171650e-02
9.99885375e-01 -1.40855477e-02 5.55681717e-03 -1.65222046e-03 1.40926694e-02 9.99899999e-01 -1.24469618e-03 -1.07422165e-03 -5.53872871e-03 1.32286385e-03 9.99983816e-01 1.90122372e-02
9.99878188e-01 -1.45829634e-02 5.56631059e-03 -9.61509959e-04 1.45865828e-02 9.99893479e-01 -6.10271178e-04 -1.25621771e-03 -5.55681779e-03 6.91390276e-04 9.99984329e-01 2.30428685e-02
9.99862588e-01 -1.50796532e-02 6.88814432e-03 -1.13056695e-03 1.50776603e-02 9.99886305e-01 3.41152964e-04 -1.53356887e-03 -6.89250548e-03 -2.37248940e-04 9.99976211e-01 2.50919694e-02
9.99847201e-01 -1.57107099e-02 7.66401612e-03 -1.66609852e-03 1.57075771e-02 9.99876529e-01 4.68793472e-04 -1.34068923e-03 -7.67043486e-03 -3.48338670e-04 9.99970503e-01 2.60458962e-02
9.99840635e-01 -1.59196548e-02 8.07300238e-03 -2.27398607e-03 1.59211782e-02 9.99873229e-01 -1.24501993e-04 -8.79000586e-04 -8.06999692e-03 2.53013901e-04 9.99967365e-01 2.65033681e-02
9.99860472e-01 -1.47525428e-02 7.82897486e-03 -2.57052779e-03 1.47421483e-02 9.99890368e-01 1.38366463e-03 -1.63134639e-03 -7.84852927e-03 -1.26805559e-03 9.99968322e-01 3.01529388e-02
9.99837126e-01 -1.53089957e-02 9.55473270e-03 -3.10217395e-03 1.52947894e-02 9.99881824e-01 1.55808931e-03 -1.61244496e-03 -9.57745652e-03 -1.41169783e-03 9.99953050e-01 3.18331316e-02
9.99788612e-01 -1.84072869e-02 9.15135549e-03 -2.41806654e-03 1.83916954e-02 9.99829222e-01 1.78497004e-03 -4.20085195e-03 -9.18264976e-03 -1.61628375e-03 9.99956396e-01 3.67321684e-02
9.99760116e-01 -1.96297117e-02 9.70643971e-03 -2.44853196e-03 1.96104148e-02 9.99805482e-01 2.07923766e-03 -6.12277570e-03 -9.74536676e-03 -1.88839150e-03 9.99950635e-01 4.07219124e-02
9.99697236e-01 -2.32864698e-02 7.93582090e-03 1.57584867e-03 2.32341680e-02 9.99708104e-01 6.62017641e-03 -1.10011663e-02 -8.08766500e-03 -6.43379008e-03 9.99946485e-01 4.30081644e-02
9.99556124e-01 -2.91922803e-02 5.93358675e-03 5.48657605e-03 2.91540198e-02 9.99554185e-01 6.43554418e-03 -1.46979599e-02 -6.11881000e-03 -6.25969974e-03 9.99961581e-01 4.67462483e-02
9.99459723e-01 -3.25266525e-02 4.69981004e-03 7.20039479e-03 3.24917169e-02 9.99445092e-01 7.32796386e-03 -1.78916661e-02 -4.93555658e-03 -7.17130003e-03 9.99961972e-01 5.20894245e-02
9.99372076e-01 -3.51331162e-02 4.57246004e-03 8.33196646e-03 3.50983806e-02 9.99355901e-01 7.46751310e-03 -2.11434050e-02 -4.83187239e-03 -7.30233845e-03 9.99961513e-01 5.82570256e-02
9.99423697e-01 -3.38690653e-02 -2.20848515e-03 1.58713896e-02 3.38911056e-02 9.99366544e-01 1.08516271e-02 -2.10616143e-02 1.83955138e-03 -1.09202223e-02 9.99938482e-01 5.79948940e-02
9.99386935e-01 -3.48851392e-02 -2.92989815e-03 1.66519316e-02 3.49132763e-02 9.99338523e-01 1.01748788e-02 -2.34586562e-02 2.57300757e-03 -1.02709338e-02 9.99943791e-01 6.53262548e-02
9.99352302e-01 -3.57322723e-02 -4.24280816e-03 1.77666445e-02 3.57718449e-02 9.99313376e-01 9.64930995e-03 -2.58268180e-02 3.89510274e-03 -9.79483356e-03 9.99944305e-01 7.31235160e-02
9.99301342e-01 -3.69565776e-02 -5.56061519e-03 1.94560454e-02 3.70140134e-02 9.99258422e-01 1.06069331e-02 -2.83381932e-02 5.16449537e-03 -1.08053432e-02 9.99928130e-01 7.95315458e-02
9.99549939e-01 -2.60206437e-02 -1.49262188e-02 2.73770596e-02 2.62006939e-02 9.99584687e-01 1.19965336e-02 -2.85302245e-02 1.46078616e-02 -1.23822113e-02 9.99816469e-01 8.20171924e-02
9.99536224e-01 -2.75142804e-02 -1.30489174e-02 2.70820235e-02 2.76871866e-02 9.99528623e-01 1.32601561e-02 -3.11015224e-02 1.26779229e-02 -1.36152932e-02 9.99826775e-01 8.80800348e-02
9.99497795e-01 -3.04913882e-02 -8.62890571e-03 2.69192324e-02 3.06296084e-02 9.99396774e-01 1.63667363e-02 -3.55565678e-02 8.12465675e-03 -1.66228156e-02 9.99828674e-01 9.46965393e-02
9.99504674e-01 -3.12692278e-02 -3.56413188e-03 2.58555258e-02 3.13298201e-02 9.99338854e-01 1.84453081e-02 -3.66224706e-02 2.98500594e-03 -1.85478327e-02 9.99823405e-01 9.81269556e-02
9.99325057e-01 -3.63402940e-02 5.37214996e-03 2.66046234e-02 3.61929231e-02 9.99022708e-01 2.53696784e-02 -4.25287017e-02 -6.28884036e-03 -2.51581183e-02 9.99663571e-01 1.03778798e-01
9.99075245e-01 -4.15275824e-02 1.11441927e-02 2.88631018e-02 4.11540664e-02 9.98644069e-01 3.18795270e-02 -4.69719053e-02 -1.24529598e-02 -3.13914129e-02 9.99429490e-01 1.09569551e-01
9.98864083e-01 -4.29909740e-02 2.05540085e-02 2.77086875e-02 4.22518808e-02 9.98489057e-01 3.51336843e-02 -4.89234377e-02 -2.20333806e-02 -3.42253249e-02 9.99171127e-01 1.12620498e-01
9.98518327e-01 -4.38501834e-02 3.22245535e-02 2.51662113e-02 4.26205672e-02 9.98372076e-01 3.79024723e-02 -5.07060513e-02 -3.38341212e-02 -3.64728790e-02 9.98761601e-01 1.15780431e-01
9.98545440e-01 -4.45604759e-02 3.03553518e-02 3.28189225e-02 4.32991224e-02 9.98219882e-01 4.10147636e-02 -5.22312164e-02 -3.21289478e-02 -3.96407397e-02 9.98697223e-01 1.17431709e-01
9.98319288e-01 -4.83769122e-02 3.19120076e-02 3.67809074e-02 4.70434439e-02 9.98039011e-01 4.12909812e-02 -5.26216473e-02 -3.38469545e-02 -3.97203252e-02 9.98637312e-01 1.18645891e-01
9.98125372e-01 -5.15770106e-02 3.29490779e-02 4.10075202e-02 5.01941347e-02 9.97876732e-01 4.15025035e-02 -5.29482302e-02 -3.50196898e-02 -3.97708452e-02 9.98594840e-01 1.20034179e-01
9.97878818e-01 -5.47105049e-02 3.52796858e-02 4.49735518e-02 5.32251419e-02 9.97709268e-01 4.17505646e-02 -5.33945938e-02 -3.74830610e-02 -3.97842317e-02 9.98504867e-01 1.21390763e-01
9.97782631e-01 -6.23639063e-02 2.32505099e-02 6.15696100e-02 6.14704296e-02 9.97410015e-01 3.73437758e-02 -5.27968534e-02 -2.55191925e-02 -3.58317487e-02 9.99031823e-01 1.21091979e-01
9.97376467e-01 -6.84947357e-02 2.34241013e-02 6.76429060e-02 6.75416398e-02 9.96941664e-01 3.93107769e-02 -5.37555812e-02 -2.60450411e-02 -3.76255371e-02 9.98952316e-01 1.20342599e-01
9.97226766e-01 -7.34691081e-02 1.18780338e-02 8.09440754e-02 7.29069543e-02 9.96440000e-01 4.23298458e-02 -5.39863071e-02 -1.49456813e-02 -4.13464595e-02 9.99032969e-01 1.19702468e-01
9.96770620e-01 -7.95895770e-02 1.06704653e-02 8.76931288e-02 7.90206804e-02 9.95811577e-01 4.59893715e-02 -5.49665521e-02 -1.42860441e-02 -4.49976629e-02 9.98884841e-01 1.19483821e-01
9.96386958e-01 -8.49094047e-02 -1.87884001e-03 1.01816862e-01 8.48990507e-02 9.95178848e-01 4.91039857e-02 -5.44326988e-02 -2.29960626e-03 -4.90860751e-02 9.98791835e-01 1.19321021e-01
9.96022529e-01 -8.81204827e-02 -1.31901866e-02 1.13564953e-01 8.86926399e-02 9.94697931e-01 5.20540562e-02 -5.39591093e-02 8.53322346e-03 -5.30168800e-02 9.98557042e-01 1.19862843e-01
9.95209761e-01 -9.65714261e-02 -1.52179101e-02 1.20439578e-01 9.72623890e-02 9.93777839e-01 5.42738961e-02 -5.41589703e-02 9.88191462e-03 -5.54940366e-02 9.98410001e-01 1.20917876e-01
9.94502369e-01 -1.04168293e-01 -1.06784381e-02 1.23702993e-01 1.04606907e-01 9.92919122e-01 5.62941676e-02 -5.45419752e-02 4.73875905e-03 -5.71017188e-02 9.98356997e-01 1.21638113e-01
9.93407648e-01 -1.13020321e-01 -1.91763966e-02 1.33532167e-01 1.13920738e-01 9.91954713e-01 5.52079411e-02 -5.34991860e-02 1.27824970e-02 -5.70285743e-02 9.98290608e-01 1.22391673e-01
9.92854752e-01 -1.19183305e-01 -5.90766077e-03 1.30454580e-01 1.19326606e-01 9.91259415e-01 5.62661895e-02 -5.40468801e-02 -8.49964182e-04 -5.65690877e-02 9.98398196e-01 1.21241165e-01
9.92158859e-01 -1.24798039e-01 6.81089444e-03 1.27407319e-01 1.24208290e-01 9.90598726e-01 5.73267285e-02 -5.45220896e-02 -1.39011227e-02 -5.60312441e-02 9.98332084e-01 1.20148567e-01
9.91155588e-01 -1.31762841e-01 1.57905805e-02 1.26759681e-01 1.30649825e-01 9.89731539e-01 5.79821852e-02 -5.47308022e-02 -2.32683287e-02 -5.54063200e-02 9.98192564e-01 1.19263620e-01
9.90004419e-01 -1.40386814e-01 1.35270843e-02 1.33932510e-01 1.39436298e-01 9.88665057e-01 5.56671189e-02 -5.35176906e-02 -2.11886808e-02 -5.32245200e-02 9.98357572e-01 1.18220991e-01
9.89256377e-01 -1.44364477e-01 2.30430597e-02 1.32065702e-01 1.42866783e-01 9.88097140e-01 5.70358531e-02 -5.41097031e-02 -3.10027250e-02 -5.31309856e-02 9.98106004e-01 1.15086167e-01
9.87999508e-01 -1.50982951e-01 3.25782021e-02 1.31110241e-01 1.48925224e-01 9.87125163e-01 5.83534087e-02 -5.45542427e-02 -4.09691228e-02 -5.28014162e-02 9.97764091e-01 1.11112139e-01
9.86883100e-01 -1.55710943e-01 4.26150616e-02 1.28982554e-01 1.53046312e-01 9.86399414e-01 5.99410544e-02 -5.52762238e-02 -5.13689377e-02 -5.26327290e-02 9.97291662e-01 1.07975073e-01
9.85833553e-01 -1.58191516e-01 5.57486042e-02 1.22738874e-01 1.54809322e-01 9.86088170e-01 6.05322390e-02 -5.60619002e-02 -6.45487095e-02 -5.10443015e-02 9.96608046e-01 1.03190265e-01
9.85960152e-01 -1.56751258e-01 5.75495177e-02 1.16728767e-01 1.53527764e-01 9.86514168e-01 5.67358864e-02 -5.69025409e-02 -6.56668232e-02 -4.71038673e-02 9.96729011e-01 9.89355230e-02
9.84874949e-01 -1.57965126e-01 7.11945596e-02 1.02870099e-01 1.54259153e-01 9.86504865e-01 5.48837763e-02 -5.93949357e-02 -7.89034825e-02 -4.30712381e-02 9.95951190e-01 9.56607778e-02
9.82291852e-01 -1.64075359e-01 9.04560662e-02 8.54675228e-02 1.59663196e-01 9.85689254e-01 5.40761383e-02 -6.28069952e-02 -9.80341137e-02 -3.86760389e-02 9.94431059e-01 9.13429503e-02
9.76555787e-01 -1.95907694e-01 8.92147924e-02 8.73058203e-02 1.91205175e-01 9.79799372e-01 5.85975103e-02 -7.02034076e-02 -9.88922764e-02 -4.01654006e-02 9.94287062e-01 7.70688447e-02
9.76343540e-01 -1.93290196e-01 9.69150945e-02 7.59571355e-02 1.88150230e-01 9.80322970e-01 5.97183466e-02 -7.36444327e-02 -1.06551039e-01 -4.00710173e-02 9.93499309e-01 7.40481700e-02
9.76236700e-01 -1.90903140e-01 1.02558603e-01 6.75164267e-02 1.85447562e-01 9.80795100e-01 6.04161864e-02 -7.63290286e-02 -1.12122590e-01 -3.99612492e-02 9.92890360e-01 7.08913194e-02
9.76071476e-01 -1.90882443e-01 1.04156986e-01 6.28226185e-02 1.85394743e-01 9.80822479e-01 6.01333279e-02 -7.77110081e-02 -1.13637881e-01 -3.93842649e-02 9.92741115e-01 6.68130076e-02
9.76041596e-01 -1.87484016e-01 1.10420940e-01 5.43887764e-02 1.81613978e-01 9.81469613e-01 6.11035024e-02 -8.11198726e-02 -1.19830702e-01 -3.95855712e-02 9.92004599e-01 6.26830861e-02
9.76230839e-01 -1.85421858e-01 1.12215432e-01 5.11139146e-02 1.79460940e-01 9.81861897e-01 6.11626123e-02 -8.25481961e-02 -1.21520911e-01 -3.95705378e-02 9.91799602e-01 6.03103884e-02
9.76127923e-01 -1.84916175e-01 1.13932086e-01 4.97944577e-02 1.78909981e-01 9.81975643e-01 6.09502544e-02 -8.31078525e-02 -1.23149193e-01 -3.91116551e-02 9.91616922e-01 5.86922719e-02
9.75893927e-01 -1.84869911e-01 1.15992922e-01 4.84082650e-02 1.78774829e-01 9.81996728e-01 6.10072206e-02 -8.36336905e-02 -1.25183037e-01 -3.87999600e-02 9.91374459e-01 5.69628222e-02
9.75760839e-01 -1.84673466e-01 1.17416569e-01 4.74150834e-02 1.78509810e-01 9.82039348e-01 6.10966548e-02 -8.39049054e-02 -1.26590594e-01 -3.86557128e-02 9.91201325e-01 5.44548289e-02
9.75813319e-01 -1.83336619e-01 1.19063798e-01 4.56211112e-02 1.77262187e-01 9.82342782e-01 5.98386643e-02 -8.40639324e-02 -1.27932048e-01 -3.72858577e-02 9.91081554e-01 5.16133789e-02
9.75804691e-01 -1.82869119e-01 1.19850774e-01 4.46238920e-02 1.76833333e-01 9.82453488e-01 5.92872723e-02 -8.41357392e-02 -1.28589588e-01 -3.66591873e-02 9.91019847e-01 4.89068556e-02
9.75756020e-01 -1.82860876e-01 1.20258952e-01 4.38268035e-02 1.76863974e-01 9.82472986e-01 5.88713235e-02 -8.41709630e-02 -1.28916398e-01 -3.61745727e-02 9.90995205e-01 4.59580109e-02
9.75606143e-01 -1.81294910e-01 1.23793850e-01 3.68593822e-02 1.75172159e-01 9.82782499e-01 5.87627078e-02 -8.68249686e-02 -1.32315781e-01 -3.56440230e-02 9.90566260e-01 4.31306253e-02
9.75342241e-01 -1.81542442e-01 1.25499229e-01 3.19685832e-02 1.75509648e-01 9.82787851e-01 5.76559577e-02 -8.82408803e-02 -1.33806097e-01 -3.42079643e-02 9.90416700e-01 3.99847432e-02
9.75354617e-01 -1.80794716e-01 1.26478742e-01 3.00520435e-02 1.74882755e-01 9.82968201e-01 5.64743384e-02 -8.80994519e-02 -1.34534819e-01 -3.29635544e-02 9.90360191e-01 3.72088938e-02
9.75351103e-01 -1.80530490e-01 1.26882430e-01 2.88898614e-02 1.74755518e-01 9.83054604e-01 5.53534143e-02 -8.78436258e-02 -1.34725305e-01 -3.18156089e-02 9.90371845e-01 3.39597271e-02
9.75270937e-01 -1.79439566e-01 1.29028397e-01 2.33940803e-02 1.73230478e-01 9.83176314e-01 5.79261760e-02 -8.93825353e-02 -1.37251881e-01 -3.41420631e-02 9.89947379e-01 3.11945905e-02
9.75262501e-01 -1.79277661e-01 1.29316719e-01 1.89223846e-02 1.72865239e-01 9.83158261e-01 5.93068652e-02 -9.05553941e-02 -1.37771172e-01 -3.54853957e-02 9.89827949e-01 2.87524601e-02
9.75216873e-01 -1.79889460e-01 1.28810232e-01 1.59767031e-02 1.73614145e-01 9.83075457e-01 5.84854802e-02 -9.08058885e-02 -1.37151080e-01 -3.46727468e-02 9.89942861e-01 2.59216723e-02
9.75178709e-01 -1.80193754e-01 1.28674022e-01 1.53227988e-02 1.74064215e-01 9.83054974e-01 5.74840618e-02 -9.06191433e-02 -1.36851884e-01 -3.36596880e-02 9.90019252e-01 2.19795664e-02
9.74195538e-01 -1.80038244e-01 1.36123362e-01 7.46026269e-03 1.75383201e-01 9.83445876e-01 4.55497905e-02 -9.39839707e-02 -1.42070642e-01 -2.05006545e-02 9.89643944e-01 1.98992260e-02
9.73390422e-01 -1.81306080e-01 1.40140855e-01 -8.92249219e-04 1.76367491e-01 9.83201745e-01 4.69961799e-02 -9.63238653e-02 -1.46307408e-01 -2.10293431e-02 9.89015348e-01 1.68096231e-02
9.74225744e-01 -1.81428748e-01 1.34044922e-01 2.06307472e-03 1.76792613e-01 9.83181068e-01 4.58163568e-02 -9.56568390e-02 -1.40102818e-01 -2.09373253e-02 9.89915276e-01 1.36066602e-02
9.74894020e-01 -1.81059680e-01 1.29612026e-01 4.36417717e-03 1.76649639e-01 9.83251486e-01 4.48460319e-02 -9.50350041e-02 -1.35561014e-01 -2.08242136e-02 9.90549835e-01 7.51530086e-03
9.75007702e-01 -1.83061236e-01 1.25892128e-01 6.98173136e-03 1.78696357e-01 9.82864006e-01 4.52295265e-02 -9.31749932e-02 -1.32014607e-01 -2.16026745e-02 9.91012043e-01 -8.02708324e-04
9.75430701e-01 -1.82497664e-01 1.23409161e-01 7.02176918e-03 1.77937543e-01 9.82913334e-01 4.71093528e-02 -9.29617392e-02 -1.29897854e-01 -2.39927865e-02 9.91236763e-01 -7.83549420e-03
9.76154859e-01 -1.80685995e-01 1.20310039e-01 6.64264319e-03 1.76060808e-01 9.83202649e-01 4.81124785e-02 -9.25432521e-02 -1.26982396e-01 -2.57833471e-02 9.91569525e-01 -1.39558553e-02
9.76646928e-01 -1.78758951e-01 1.19189978e-01 3.90741183e-03 1.73828120e-01 9.83472866e-01 5.06414945e-02 -9.30013389e-02 -1.26272720e-01 -2.87402888e-02 9.91578905e-01 -1.91884227e-02
9.76460452e-01 -1.74710115e-01 1.26497620e-01 -3.62176840e-03 1.69132666e-01 9.84131891e-01 5.36493792e-02 -9.15946478e-02 -1.33863415e-01 -3.09916142e-02 9.90514872e-01 -2.37267391e-02
9.75634016e-01 -1.79396837e-01 1.26314501e-01 -4.33950088e-03 1.73940024e-01 9.83324941e-01 5.30713299e-02 -9.04344626e-02 -1.33729020e-01 -2.98070432e-02 9.90569373e-01 -2.95379200e-02
9.75117411e-01 -1.83746937e-01 1.24030031e-01 -5.74890469e-03 1.78562886e-01 9.82564345e-01 5.17900521e-02 -8.90485380e-02 -1.31383743e-01 -2.83542155e-02 9.90925824e-01 -3.56589542e-02
9.74923370e-01 -1.86095045e-01 1.22038414e-01 -5.52882810e-03 1.81173025e-01 9.82160884e-01 5.03576778e-02 -8.83419023e-02 -1.29232668e-01 -2.69848033e-02 9.91246859e-01 -4.08469928e-02
9.74473417e-01 -1.89892133e-01 1.19761978e-01 -3.55266212e-03 1.85308323e-01 9.81486642e-01 4.84184438e-02 -8.57337391e-02 -1.26739068e-01 -2.49895894e-02 9.91621049e-01 -4.62216385e-02
9.73469523e-01 -1.94929122e-01 1.19833657e-01 -5.01045941e-03 1.90639025e-01 9.80563211e-01 4.63907495e-02 -8.34917706e-02 -1.26547385e-01 -2.23150032e-02 9.91709344e-01 -5.19900621e-02
9.73038624e-01 -1.97576101e-01 1.18995463e-01 -4.93725444e-03 1.93611479e-01 9.80085469e-01 4.41205868e-02 -8.08564422e-02 -1.25342896e-01 -1.98921412e-02 9.91913880e-01 -5.83925370e-02
9.72884095e-01 -1.99208438e-01 1.17528435e-01 -3.12710700e-03 1.95579201e-01 9.79798028e-01 4.17625033e-02 -7.77822744e-02 -1.23473576e-01 -1.76439517e-02 9.92190814e-01 -6.44990761e-02
9.73197149e-01 -2.00863415e-01 1.11989125e-01 4.36139363e-03 1.97411507e-01 9.79453473e-01 4.12199847e-02 -7.72387490e-02 -1.17967725e-01 -1.80072231e-02 9.92853993e-01 -6.42222309e-02
9.73725593e-01 -2.00286745e-01 1.08369887e-01 9.27564027e-03 1.97110702e-01 9.79589893e-01 3.93768307e-02 -7.53049710e-02 -1.14044703e-01 -1.69813578e-02 9.93330308e-01 -6.90467522e-02
9.74520342e-01 -1.99086690e-01 1.03319512e-01 1.45235291e-02 1.96195866e-01 9.79846048e-01 3.75297509e-02 -7.24981935e-02 -1.08708884e-01 -1.63026394e-02 9.93939787e-01 -7.42757204e-02
9.75321718e-01 -1.98430373e-01 9.68158654e-02 2.06217855e-02 1.95911646e-01 9.79998031e-01 3.49591175e-02 -7.02370915e-02 -1.01816302e-01 -1.51290263e-02 9.94688020e-01 -7.87014538e-02
9.74261965e-01 -2.04590711e-01 9.46396366e-02 2.62995403e-02 2.02298672e-01 9.78756858e-01 3.33136728e-02 -7.17182269e-02 -9.94448630e-02 -1.33107660e-02 9.94953890e-01 -7.90757792e-02
9.74599187e-01 -2.03956930e-01 9.25119782e-02 2.72792822e-02 2.01954261e-01 9.78916083e-01 3.06165592e-02 -6.95768633e-02 -9.68059241e-02 -1.11556800e-02 9.95240625e-01 -8.66355352e-02
9.75096735e-01 -2.02625738e-01 9.01643206e-02 2.74928944e-02 2.00903672e-01 9.79214032e-01 2.78778416e-02 -6.75708139e-02 -9.39389362e-02 -9.06924416e-03 9.95536527e-01 -9.64212145e-02
9.75460490e-01 -2.01814503e-01 8.80236373e-02 2.70557786e-02 2.00354370e-01 9.79398814e-01 2.52119823e-02 -6.69214231e-02 -9.12983883e-02 -6.95736703e-03 9.95799173e-01 -1.04936704e-01
9.76083108e-01 -1.98090635e-01 8.95673827e-02 2.46940902e-02 1.96864134e-01 9.80174270e-01 2.24158617e-02 -6.61152277e-02 -9.22320139e-02 -4.24713357e-03 9.95728405e-01 -1.15634420e-01
9.76705859e-01 -1.96878966e-01 8.53508981e-02 2.86831714e-02 1.95968437e-01 9.80425867e-01 1.90020641e-02 -6.39318825e-02 -8.74213345e-02 -1.83334045e-03 9.96169627e-01 -1.22809907e-01
9.77195290e-01 -1.96299261e-01 8.09715679e-02 3.21223002e-02 1.95592870e-01 9.80543749e-01 1.66441484e-02 -6.23999820e-02 -8.26633958e-02 -4.27117570e-04 9.96577326e-01 -1.29048684e-01
9.77548556e-01 -1.95677021e-01 7.81646864e-02 3.41178157e-02 1.95142828e-01 9.80667563e-01 1.44905002e-02 -6.13197933e-02 -7.94890321e-02 1.08811480e-03 9.96835007e-01 -1.36007358e-01
9.79257538e-01 -1.88822078e-01 7.34936379e-02 4.13789834e-02 1.88949956e-01 9.81972315e-01 5.27294249e-03 -5.93862895e-02 -7.31643734e-02 8.72305466e-03 9.97281582e-01 -1.39912196e-01
9.80008234e-01 -1.87050637e-01 6.77955609e-02 4.73188510e-02 1.87339250e-01 9.82292706e-01 2.13280090e-03 -5.61708082e-02 -6.69940340e-02 1.06106112e-02 9.97696759e-01 -1.45344267e-01
9.80525273e-01 -1.85662070e-01 6.40322945e-02 5.19405885e-02 1.86272061e-01 9.82491235e-01 -3.63853679e-03 -5.66703022e-02 -6.22356363e-02 1.54951082e-02 9.97941015e-01 -1.50268046e-01
9.78253127e-01 -1.91143289e-01 8.05321323e-02 4.37592194e-02 1.91999783e-01 9.81390297e-01 -2.95655957e-03 -6.00435692e-02 -7.84683279e-02 1.83544184e-02 9.96747474e-01 -1.55547763e-01
9.77418172e-01 -1.91548037e-01 8.92378071e-02 3.81523458e-02 1.92535533e-01 9.81286556e-01 -2.51123426e-03 -6.06875916e-02 -8.70868389e-02 1.96359776e-02 9.96007027e-01 -1.61912949e-01
9.77737617e-01 -1.91231498e-01 8.63711232e-02 3.96974341e-02 1.92201262e-01 9.81350781e-01 -2.97678989e-03 -6.05332308e-02 -8.41911147e-02 1.95111617e-02 9.96258412e-01 -1.68542442e-01
9.77815438e-01 -1.91808814e-01 8.41820995e-02 4.08202082e-02 1.92755521e-01 9.81241390e-01 -3.18908717e-03 -6.03054678e-02 -8.19912709e-02 1.93449076e-02 9.96445059e-01 -1.76991328e-01
9.77814783e-01 -1.91937997e-01 8.38944306e-02 4.04004269e-02 1.92854139e-01 9.81222959e-01 -2.87924615e-03 -6.05716957e-02 -8.17665111e-02 1.89947631e-02 9.96470233e-01 -1.84529013e-01
9.77548569e-01 -1.90114989e-01 9.08584332e-02 3.41779662e-02 1.90894460e-01 9.81610356e-01 1.13499626e-04 -6.12596112e-02 -8.92091559e-02 1.72334274e-02 9.95863554e-01 -1.95923348e-01
9.73272219e-01 -2.04731487e-01 1.04050235e-01 2.59547407e-02 2.04454222e-01 9.78783691e-01 1.34387944e-02 -5.84493689e-02 -1.04594017e-01 8.19391413e-03 9.94480967e-01 -2.06480451e-01
9.72171188e-01 -2.05353575e-01 1.12753761e-01 2.02241445e-02 2.04859503e-01 9.78659176e-01 1.60770505e-02 -6.05312754e-02 -1.13648983e-01 7.46904366e-03 9.93492607e-01 -2.15894972e-01
9.71477960e-01 -2.04215288e-01 1.20527954e-01 1.51632709e-02 2.03485482e-01 9.78903669e-01 1.84647718e-02 -6.35846163e-02 -1.21756036e-01 6.58757940e-03 9.92537945e-01 -2.25734585e-01
9.71297185e-01 -1.90611362e-01 1.42300680e-01 1.96303629e-03 1.90012715e-01 9.81618096e-01 1.79116617e-02 -6.70725197e-02 -1.43099075e-01 9.64140011e-03 9.89661178e-01 -2.41293656e-01
9.72148866e-01 -1.88910925e-01 1.38706759e-01 4.85537545e-03 1.88764564e-01 9.81917659e-01 1.43309468e-02 -6.72338795e-02 -1.38905877e-01 1.22511153e-02 9.90229540e-01 -2.49547674e-01
9.71283580e-01 -1.93884106e-01 1.37903606e-01 6.71950856e-03 1.93782062e-01 9.80940272e-01 1.42959925e-02 -6.83353795e-02 -1.38046957e-01 1.28377910e-02 9.90342183e-01 -2.58058117e-01
9.70060707e-01 -2.00861523e-01 1.36518034e-01 9.30046852e-03 2.00521938e-01 9.79552139e-01 1.63785357e-02 -6.97293952e-02 -1.37016341e-01 1.14866955e-02 9.90501906e-01 -2.64922075e-01
9.69215062e-01 -2.10358463e-01 1.27951936e-01 2.10710944e-02 2.09949648e-01 9.77567208e-01 1.68284960e-02 -7.02572455e-02 -1.28621621e-01 1.05530416e-02 9.91637309e-01 -2.70780416e-01
9.66993677e-01 -2.19307179e-01 1.29722054e-01 2.36309210e-02 2.18322466e-01 9.75629840e-01 2.19411420e-02 -7.19890253e-02 -1.31372548e-01 7.10430391e-03 9.91307302e-01 -2.75298269e-01
9.64429303e-01 -2.29354958e-01 1.31425736e-01 2.38387200e-02 2.28185749e-01 9.73319292e-01 2.40946725e-02 -7.42116571e-02 -1.33445429e-01 6.75188277e-03 9.91032860e-01 -2.82204079e-01
9.63314704e-01 -2.32533966e-01 1.33988891e-01 2.12496411e-02 2.31352166e-01 9.72560275e-01 2.45426903e-02 -7.54241599e-02 -1.36019277e-01 7.35629619e-03 9.90678585e-01 -2.88491529e-01
9.61752490e-01 -2.36767302e-01 1.37744944e-01 1.73646427e-02 2.35711729e-01 9.71522394e-01 2.41640653e-02 -7.69110494e-02 -1.39543556e-01 9.22825965e-03 9.90172597e-01 -2.96204295e-01
9.60428677e-01 -2.40440956e-01 1.40588849e-01 1.39098159e-02 2.39371606e-01 9.70613033e-01 2.47236238e-02 -7.86411641e-02 -1.42401939e-01 9.90771151e-03 9.89758998e-01 -3.02610322e-01
9.59126228e-01 -2.43868317e-01 1.43545899e-01 1.05390139e-02 2.42675301e-01 9.69757971e-01 2.60342398e-02 -8.06159092e-02 -1.45553713e-01 9.86493236e-03 9.89300807e-01 -3.07694958e-01
9.57851948e-01 -2.47033818e-01 1.46609249e-01 7.25829370e-03 2.45748544e-01 9.68954376e-01 2.71053185e-02 -8.22908840e-02 -1.48753604e-01 1.00661374e-02 9.88822741e-01 -3.12478523e-01
9.55820193e-01 -2.51526482e-01 1.52126529e-01 2.31115941e-03 2.50128808e-01 9.67790606e-01 2.85743582e-02 -8.49015604e-02 -1.54413832e-01 1.07392887e-02 9.87947581e-01 -3.18989962e-01
9.54452173e-01 -2.54685761e-01 1.55423710e-01 -8.56930248e-04 2.53279683e-01 9.66954465e-01 2.91222850e-02 -8.63447466e-02 -1.57704676e-01 1.15698500e-02 9.87418226e-01 -3.22938041e-01
9.53178867e-01 -2.57585938e-01 1.58429301e-01 -3.87568240e-03 2.56180723e-01 9.66175811e-01 2.95864491e-02 -8.76706775e-02 -1.60691603e-01 1.23853644e-02 9.86926662e-01 -3.26776587e-01
9.51845782e-01 -2.60663203e-01 1.61383507e-01 -7.41377679e-03 2.59344024e-01 9.65332186e-01 2.95642745e-02 -8.91215095e-02 -1.63495008e-01 1.37132273e-02 9.86448549e-01 -3.31460023e-01
9.49939184e-01 -2.64585419e-01 1.66163924e-01 -1.16926756e-02 2.63215620e-01 9.64250811e-01 3.06202043e-02 -9.12329830e-02 -1.68325342e-01 1.46496179e-02 9.85622343e-01 -3.37051105e-01
9.48677845e-01 -2.67119329e-01 1.69286304e-01 -1.47433747e-02 2.65610165e-01 9.63551483e-01 3.19272677e-02 -9.30054353e-02 -1.71644453e-01 1.46754819e-02 9.85049311e-01 -3.41433398e-01
9.47384587e-01 -2.68948953e-01 1.73577581e-01 -1.82313474e-02 2.67189903e-01 9.63048182e-01 3.38714886e-02 -9.56420590e-02 -1.76273272e-01 1.42888601e-02 9.84237232e-01 -3.45539129e-01
9.46379809e-01 -2.70551295e-01 1.76543170e-01 -2.05447351e-02 2.68637435e-01 9.62600696e-01 3.51185927e-02 -9.76456558e-02 -1.79441962e-01 1.41905874e-02 9.83665853e-01 -3.49976603e-01
9.44885160e-01 -2.73636801e-01 1.79764172e-01 -2.29977977e-02 2.71502749e-01 9.61731225e-01 3.68609544e-02 -1.00078438e-01 -1.82971338e-01 1.39771078e-02 9.83018529e-01 -3.55183168e-01
9.43572484e-01 -2.75784608e-01 1.83341447e-01 -2.61434222e-02 2.73605903e-01 9.61106854e-01 3.75889190e-02 -1.01830806e-01 -1.86577167e-01 1.46954423e-02 9.82330052e-01 -3.59472551e-01
9.41738701e-01 -2.81303480e-01 1.84382251e-01 -2.44200148e-02 2.81364716e-01 9.59237757e-01 2.63856230e-02 -1.03476900e-01 -1.84288799e-01 2.70303049e-02 9.82500027e-01 -3.67080789e-01
9.36145554e-01 -2.90016575e-01 1.98801813e-01 -3.22647948e-02 2.90243664e-01 9.56523248e-01 2.86588596e-02 -1.06923930e-01 -1.98470108e-01 3.08721105e-02 9.79620242e-01 -3.72188792e-01
9.29552012e-01 -2.94781756e-01 2.21443010e-01 -4.64419096e-02 2.94506571e-01 9.55006526e-01 3.50404796e-02 -1.12442353e-01 -2.21808813e-01 3.26444816e-02 9.74543211e-01 -3.75758017e-01
9.34977231e-01 -2.91279807e-01 2.02420125e-01 -3.77437543e-02 2.88818106e-01 9.56450088e-01 4.22704187e-02 -1.17096614e-01 -2.05917267e-01 1.89407293e-02 9.78385720e-01 -3.83430308e-01
9.37887807e-01 -2.90377055e-01 1.89862733e-01 -3.05572885e-02 2.87810407e-01 9.56784091e-01 4.15795042e-02 -1.16553010e-01 -1.93731376e-01 1.56475730e-02 9.80929452e-01 -3.91095054e-01
9.37343859e-01 -2.92727003e-01 1.88938103e-01 -2.63389733e-02 2.90950490e-01 9.55994368e-01 3.77099075e-02 -1.11458548e-01 -1.91662480e-01 1.96244956e-02 9.81264272e-01 -3.93720683e-01
9.39486414e-01 -2.90926911e-01 1.80905936e-01 -1.78007770e-02 2.89912217e-01 9.56496648e-01 3.26255922e-02 -1.02708360e-01 -1.82527600e-01 2.17955519e-02 9.82958702e-01 -3.97917379e-01
9.39567009e-01 -2.91040319e-01 1.80303748e-01 -1.38202561e-02 2.89395142e-01 9.56533636e-01 3.59607221e-02 -1.00951550e-01 -1.82932635e-01 1.83915334e-02 9.82952970e-01 -4.02476943e-01
9.40194870e-01 -2.92438763e-01 1.74680246e-01 -6.57133232e-03 2.90476931e-01 9.56155173e-01 3.72796313e-02 -9.68568953e-02 -1.77923435e-01 1.56904774e-02 9.83918813e-01 -4.07107199e-01
9.39843728e-01 -2.92204910e-01 1.76946214e-01 -5.38620064e-03 2.89846553e-01 9.56252201e-01 3.96233210e-02 -9.66064003e-02 -1.80783334e-01 1.40475352e-02 9.83422185e-01 -4.11551761e-01
9.40000222e-01 -2.94674829e-01 1.71948342e-01 -2.28421220e-03 2.92315835e-01 9.55506626e-01 3.94703115e-02 -9.54153899e-02 -1.75928683e-01 1.31611372e-02 9.84314470e-01 -4.19755803e-01
9.38880356e-01 -3.00327175e-01 1.68247369e-01 -1.44324542e-04 2.97665592e-01 9.53770372e-01 4.14321281e-02 -9.33348505e-02 -1.72912547e-01 1.11816568e-02 9.84873260e-01 -4.25248064e-01
9.38332177e-01 -3.02053941e-01 1.68214112e-01 -1.73618333e-03 2.99275175e-01 9.53230479e-01 4.22530132e-02 -9.22490265e-02 -1.73109510e-01 1.06949617e-02 9.84844025e-01 -4.30716743e-01
9.37880733e-01 -3.03648602e-01 1.67860235e-01 -3.03895927e-03 3.00388036e-01 9.52749185e-01 4.51140791e-02 -9.12771583e-02 -1.73627538e-01 8.11159745e-03 9.84777451e-01 -4.35527894e-01
9.39540682e-01 -3.03213265e-01 1.59137978e-01 4.07365774e-03 2.98640749e-01 9.52920695e-01 5.24897826e-02 -8.74191097e-02 -1.67561475e-01 -1.79118334e-03 9.85859508e-01 -4.39778623e-01
9.38895939e-01 -3.03614276e-01 1.62150409e-01 1.12730301e-03 2.98705838e-01 9.52790921e-01 5.44390578e-02 -8.88467535e-02 -1.71023926e-01 -2.67731851e-03 9.85262746e-01 -4.41995016e-01
9.38216080e-01 -3.03932490e-01 1.65455654e-01 -2.05213281e-03 2.98667894e-01 9.52686671e-01 5.64350348e-02 -9.03503665e-02 -1.74779845e-01 -3.53194754e-03 9.84600726e-01 -4.43991769e-01
9.37107334e-01 -3.04793127e-01 1.70091032e-01 -6.18716288e-03 2.98944647e-01 9.52404918e-01 5.96347589e-02 -9.28242159e-02 -1.80171800e-01 -5.03634804e-03 9.83621835e-01 -4.46681967e-01
9.34448338e-01 -3.08914269e-01 1.77139120e-01 -1.12527020e-02 3.02563608e-01 9.51077408e-01 6.25011739e-02 -9.70829920e-02 -1.87780512e-01 -4.80824849e-03 9.82198840e-01 -4.51538871e-01
9.33135658e-01 -3.10392947e-01 1.81422300e-01 -1.31289629e-02 3.03754958e-01 9.50596715e-01 6.40165826e-02 -9.87690581e-02 -1.92329734e-01 -4.62821415e-03 9.81319058e-01 -4.55666125e-01
9.31937325e-01 -3.10883764e-01 1.86665818e-01 -1.50920429e-02 3.03854133e-01 9.50435940e-01 6.59050436e-02 -1.00610978e-01 -1.97902711e-01 -4.70017088e-03 9.80210019e-01 -4.60183050e-01
9.30274375e-01 -3.11441641e-01 1.93890890e-01 -1.91210958e-02 3.03654365e-01 9.50247655e-01 6.94458462e-02 -1.02926360e-01 -2.05872682e-01 -5.72785733e-03 9.78561649e-01 -4.62915141e-01
9.29704180e-01 -3.13549147e-01 1.93227971e-01 -1.61063154e-02 3.05595941e-01 9.49549598e-01 7.04698221e-02 -1.02234699e-01 -2.05575278e-01 -6.46638577e-03 9.78619598e-01 -4.66439415e-01
9.29681990e-01 -3.14506502e-01 1.91773337e-01 -1.25489680e-02 3.06484708e-01 9.49227822e-01 7.09436026e-02 -1.01273035e-01 -2.04348791e-01 -7.17937590e-03 9.78871459e-01 -4.69103699e-01
9.28048752e-01 -3.16440735e-01 1.96445261e-01 -1.39616969e-02 3.07925750e-01 9.48581988e-01 7.33026509e-02 -1.02140748e-01 -2.09540361e-01 -7.53786084e-03 9.77770592e-01 -4.72191727e-01
9.26410385e-01 -3.18430323e-01 2.00912651e-01 -1.65664457e-02 3.09232517e-01 9.47905735e-01 7.64801645e-02 -1.03757368e-01 -2.14799853e-01 -8.72327493e-03 9.76618766e-01 -4.75642929e-01
9.23188408e-01 -3.22745357e-01 2.08706887e-01 -2.21175421e-02 3.12561974e-01 9.46437340e-01 8.09977158e-02 -1.06296026e-01 -2.23669614e-01 -9.54229699e-03 9.74617978e-01 -4.81482516e-01
9.21229118e-01 -3.25453540e-01 2.13112186e-01 -2.42543550e-02 3.14951452e-01 9.45516007e-01 8.24879785e-02 -1.07319122e-01 -2.28346975e-01 -8.87031666e-03 9.73539063e-01 -4.85978719e-01
9.19741220e-01 -3.28661063e-01 2.14611030e-01 -2.44752643e-02 3.17914963e-01 9.44405885e-01 8.38262625e-02 -1.09811520e-01 -2.30230337e-01 -8.87039318e-03 9.73095360e-01 -4.91308896e-01
9.19518844e-01 -3.29162790e-01 2.14794816e-01 -2.41426200e-02 3.19163869e-01 9.44255840e-01 8.07131273e-02 -1.12630301e-01 -2.29388995e-01 -5.66247910e-03 9.73317982e-01 -4.95878801e-01
9.18024746e-01 -3.31542140e-01 2.17509182e-01 -2.71705247e-02 3.21713312e-01 9.43432949e-01 8.02129594e-02 -1.13098204e-01 -2.31799274e-01 -3.66186424e-03 9.72756396e-01 -5.02605972e-01
9.18092504e-01 -3.32360225e-01 2.15969086e-01 -2.73531773e-02 3.22966729e-01 9.43149296e-01 7.84929024e-02 -1.12677206e-01 -2.29778988e-01 -2.31289801e-03 9.73239697e-01 -5.09792972e-01
9.18325292e-01 -3.34786501e-01 2.11178671e-01 -2.58751546e-02 3.26100875e-01 9.42293349e-01 7.57674032e-02 -1.11246133e-01 -2.24358137e-01 -7.13555337e-04 9.74506093e-01 -5.17811216e-01
9.17956448e-01 -3.36446646e-01 2.10141392e-01 -2.69440113e-02 3.27884053e-01 9.41702064e-01 7.54220057e-02 -1.11278803e-01 -2.23266040e-01 -3.32087053e-04 9.74757110e-01 -5.24612498e-01
9.16070237e-01 -3.42319962e-01 2.08883126e-01 -2.89278159e-02 3.33375059e-01 9.39581709e-01 7.77595162e-02 -1.11771221e-01 -2.22881372e-01 -1.59673634e-03 9.74843876e-01 -5.33832010e-01
9.16711818e-01 -3.40532153e-01 2.08990640e-01 -3.04071769e-02 3.32023643e-01 9.40232499e-01 7.56466451e-02 -1.10273881e-01 -2.22259887e-01 4.36779531e-05 9.74987025e-01 -5.41699182e-01
9.17943100e-01 -3.35520616e-01 2.11674581e-01 -2.98639095e-02 3.27082248e-01 9.42032280e-01 7.47770467e-02 -1.07795758e-01 -2.24493510e-01 5.93941950e-04 9.74474971e-01 -5.47891185e-01
9.19098824e-01 -3.33575686e-01 2.09724476e-01 -2.90682040e-02 3.24379936e-01 9.42716258e-01 7.78644069e-02 -1.07274276e-01 -2.23684338e-01 -3.53465448e-03 9.74654794e-01 -5.54815610e-01
9.16844238e-01 -3.37209118e-01 2.13743729e-01 -3.62003109e-02 3.26833674e-01 9.41407092e-01 8.32563890e-02 -1.10925062e-01 -2.29294661e-01 -6.47447477e-03 9.73335082e-01 -5.59368046e-01
9.17091994e-01 -3.36416829e-01 2.13929421e-01 -4.08410083e-02 3.26440034e-01 9.41700175e-01 8.14674813e-02 -1.11538644e-01 -2.28864379e-01 -4.87802954e-03 9.73445701e-01 -5.62976906e-01
9.17984236e-01 -3.35245750e-01 2.11931448e-01 -4.40477857e-02 3.26097658e-01 9.42127429e-01 7.78164440e-02 -1.11097827e-01 -2.25754046e-01 -2.32390215e-03 9.74181113e-01 -5.67141956e-01
9.17800674e-01 -3.34918010e-01 2.13240586e-01 -4.82450880e-02 3.26331418e-01 9.42246783e-01 7.53526568e-02 -1.11559080e-01 -2.26162199e-01 4.28401358e-04 9.74089095e-01 -5.68349503e-01
9.15977730e-01 -3.32463591e-01 2.24616141e-01 -5.91514340e-02 3.23173059e-01 9.43115088e-01 7.80535711e-02 -1.15464687e-01 -2.37788814e-01 1.09457079e-03 9.71315778e-01 -5.68569942e-01
9.15970674e-01 -3.32079654e-01 2.25211976e-01 -6.20701978e-02 3.23048508e-01 9.43248255e-01 7.69522327e-02 -1.16050866e-01 -2.37985042e-01 2.26842274e-03 9.71265675e-01 -5.70195104e-01
9.16573018e-01 -3.31628699e-01 2.23418680e-01 -6.33403188e-02 3.23305594e-01 9.43399156e-01 7.39644296e-02 -1.15461179e-01 -2.35301700e-01 4.43872707e-03 9.71911726e-01 -5.72419444e-01
9.16456321e-01 -3.31257981e-01 2.24445008e-01 -6.56423002e-02 3.23295863e-01 9.43519704e-01 7.24537670e-02 -1.15547853e-01 -2.35769159e-01 6.16144869e-03 9.71789033e-01 -5.74087171e-01
9.16427284e-01 -3.31205076e-01 2.24641667e-01 -6.98020504e-02 3.23595592e-01 9.43527557e-01 7.09988443e-02 -1.16762347e-01 -2.35470773e-01 7.62779402e-03 9.71850969e-01 -5.76306550e-01
9.16459637e-01 -3.31332657e-01 2.24321268e-01 -7.24268844e-02 3.24268863e-01 9.43463301e-01 6.87447304e-02 -1.17192468e-01 -2.34416255e-01 9.73865058e-03 9.72087011e-01 -5.78020832e-01
9.15713053e-01 -3.31670253e-01 2.26856862e-01 -7.57887146e-02 3.24691346e-01 9.43332122e-01 6.85503575e-02 -1.18157726e-01 -2.36737474e-01 1.08860216e-02 9.71512140e-01 -5.79090465e-01
9.15329686e-01 -3.31058594e-01 2.29284366e-01 -7.89726535e-02 3.24191916e-01 9.43533871e-01 6.81360339e-02 -1.18991063e-01 -2.38894583e-01 1.19652229e-02 9.70971239e-01 -5.79831792e-01
9.17299527e-01 -3.29524789e-01 2.23550013e-01 -7.53147596e-02 3.23224812e-01 9.44065698e-01 6.53057292e-02 -1.17458872e-01 -2.32565748e-01 1.23520156e-02 9.72501710e-01 -5.78904065e-01
9.17833874e-01 -3.28743259e-01 2.22505075e-01 -7.40435234e-02 3.22907327e-01 9.44317545e-01 6.32018850e-02 -1.16540824e-01 -2.30892618e-01 1.38397074e-02 9.72880309e-01 -5.79032461e-01
9.18247694e-01 -3.28351731e-01 2.21373027e-01 -7.28106793e-02 3.23011198e-01 9.44427862e-01 6.09840998e-02 -1.15469468e-01 -2.29095059e-01 1.55074763e-02 9.73280063e-01 -5.79375423e-01
9.19018550e-01 -3.28060586e-01 2.18588254e-01 -6.94247500e-02 3.22810592e-01 9.44535905e-01 6.03695809e-02 -1.14682009e-01 -2.26269304e-01 1.50818576e-02 9.73947561e-01 -5.80601654e-01
9.20589156e-01 -3.27075155e-01 2.13394284e-01 -6.32458113e-02 3.21722299e-01 9.44907410e-01 6.03655961e-02 -1.13717193e-01 -2.21381887e-01 1.30818048e-02 9.75099023e-01 -5.81631159e-01
9.20480913e-01 -3.26514285e-01 2.14716047e-01 -6.22042668e-02 3.21190288e-01 9.45095438e-01 6.02546670e-02 -1.13370743e-01 -2.22601138e-01 1.35014563e-02 9.74815661e-01 -5.81693080e-01
9.21605387e-01 -3.25881887e-01 2.10817734e-01 -5.57523493e-02 3.20698852e-01 9.45321498e-01 5.93184108e-02 -1.11695963e-01 -2.18621312e-01 1.29408574e-02 9.75723474e-01 -5.82858254e-01
9.22995277e-01 -3.24620951e-01 2.06640920e-01 -4.98857737e-02 3.19550038e-01 9.45766207e-01 5.84219137e-02 -1.10037932e-01 -2.14398964e-01 1.21089827e-02 9.76670581e-01 -5.83773309e-01
9.24573036e-01 -3.23661612e-01 2.01016050e-01 -4.35979543e-02 3.18890864e-01 9.46099264e-01 5.66031305e-02 -1.07892020e-01 -2.08501387e-01 1.17684726e-02 9.77950743e-01 -5.83840923e-01
9.25854328e-01 -3.22574745e-01 1.96821775e-01 -3.83423554e-02 3.18039553e-01 9.46472943e-01 5.51259331e-02 -1.06071424e-01 -2.04068707e-01 1.15585447e-02 9.78887794e-01 -5.83503186e-01
9.26248540e-01 -3.21452351e-01 1.96803349e-01 -3.65498537e-02 3.16919564e-01 9.46856258e-01 5.49934865e-02 -1.05317530e-01 -2.04022260e-01 1.14332143e-02 9.78898939e-01 -5.82690224e-01
9.26951760e-01 -3.20902189e-01 1.94375402e-01 -3.27129599e-02 3.16596220e-01 9.47038825e-01 5.36972744e-02 -1.03813533e-01 -2.01312607e-01 1.17637533e-02 9.79455911e-01 -5.82394094e-01
9.29422976e-01 -3.16782075e-01 1.89265938e-01 -2.56365129e-02 3.12650771e-01 9.48437051e-01 5.21122812e-02 -1.01908700e-01 -1.96015049e-01 1.07398084e-02 9.80541582e-01 -5.81689809e-01
9.29389566e-01 -3.15985576e-01 1.90755324e-01 -2.55821633e-02 3.11666906e-01 9.48709118e-01 5.30441705e-02 -1.02070186e-01 -1.97732503e-01 1.01534420e-02 9.80202887e-01 -5.80593002e-01
9.28998676e-01 -3.15739017e-01 1.93053542e-01 -2.59550111e-02 3.11120436e-01 9.48799636e-01 5.46097084e-02 -1.02491685e-01 -2.00411536e-01 9.33057470e-03 9.79666808e-01 -5.79657636e-01
9.28306605e-01 -3.15903806e-01 1.96089267e-01 -2.58715050e-02 3.10982265e-01 9.48750068e-01 5.62339602e-02 -1.03007062e-01 -2.03804214e-01 8.77794666e-03 9.78971781e-01 -5.79433205e-01
9.23182638e-01 -3.27245531e-01 2.01602583e-01 -2.23814926e-02 3.23119421e-01 9.44815233e-01 5.40089436e-02 -1.03279536e-01 -2.08151365e-01 1.52816101e-02 9.77976719e-01 -5.81242146e-01
9.22083140e-01 -3.29972642e-01 2.02188430e-01 -2.06439375e-02 3.26073147e-01 9.43840638e-01 5.32922406e-02 -1.06105351e-01 -2.08418636e-01 1.67883605e-02 9.77895074e-01 -5.80213330e-01
9.21485201e-01 -3.31874691e-01 2.01801006e-01 -1.89846764e-02 3.28013251e-01 9.43168182e-01 5.32917425e-02 -1.05749475e-01 -2.08018470e-01 1.70858716e-02 9.77975106e-01 -5.84486514e-01
9.21984791e-01 -3.34726109e-01 1.94684209e-01 -1.25056667e-02 3.34442775e-01 9.41752976e-01 3.53301900e-02 -9.52665855e-02 -1.95170376e-01 3.25368516e-02 9.80228963e-01 -5.85491172e-01
9.26243030e-01 -3.31612052e-01 1.79183528e-01 5.12748660e-03 3.32315501e-01 9.42781945e-01 2.69722863e-02 -8.61653491e-02 -1.77875329e-01 3.45625966e-02 9.83445322e-01 -5.85513155e-01
9.29350220e-01 -3.30883505e-01 1.63779564e-01 1.74075508e-02 3.32480092e-01 9.42930685e-01 1.83770270e-02 -7.95322879e-02 -1.60513415e-01 3.73747771e-02 9.86325252e-01 -5.85527188e-01
9.31063378e-01 -3.27369152e-01 1.61089518e-01 2.09028045e-02 3.29656271e-01 9.44009698e-01 1.30908094e-02 -7.55555722e-02 -1.56355581e-01 4.09158254e-02 9.86852424e-01 -5.80977575e-01
9.36421732e-01 -3.17946472e-01 1.48404475e-01 2.69090278e-02 3.19495598e-01 9.47484892e-01 1.39273342e-02 -7.05377335e-02 -1.45039125e-01 3.43727446e-02 9.88828153e-01 -5.82608256e-01
9.36910277e-01 -3.16270047e-01 1.48902358e-01 2.63969380e-02 3.17863427e-01 9.48038333e-01 1.36104260e-02 -7.02123208e-02 -1.45469690e-01 3.45788932e-02 9.88757717e-01 -5.81624064e-01
9.36734679e-01 -3.15245206e-01 1.52145228e-01 2.36058104e-02 3.16856508e-01 9.48366992e-01 1.41817134e-02 -7.12439771e-02 -1.48760208e-01 3.49237303e-02 9.88255878e-01 -5.81437737e-01
