1.00000000e+00 0.00000000e+00 0.00000000e+00 0.00000000e+00 0.00000000e+00 1.00000000e+00 0.00000000e+00 0.00000000e+00 0.00000000e+00 0.00000000e+00 1.00000000e+00 0.00000000e+00
9.99999016e-01 -3.19280951e-04 1.35506472e-03 -1.03529320e-03 3.21245182e-04 9.99998928e-01 -1.44959418e-03 6.25978490e-04 -1.35460034e-03 1.45002799e-03 9.99998029e-01 -1.74821077e-03
9.99999286e-01 -6.04006304e-04 1.04542071e-03 -1.16476660e-03 6.06935944e-04 9.99995909e-01 -2.80430158e-03 1.18323049e-03 -1.04372260e-03 2.80493389e-03 9.99995508e-01 -1.54443279e-03
9.99997784e-01 -6.65586184e-04 -1.99163747e-03 4.89427570e-04 6.58760337e-04 9.99993925e-01 -3.42595039e-03 1.29405137e-03 1.99390553e-03 3.42463071e-03 9.99992098e-01 1.61681703e-03
9.99985458e-01 -6.99242680e-04 -5.34269401e-03 2.33253262e-03 6.77259565e-04 9.99991315e-01 -4.11531248e-03 1.36557695e-03 5.34552514e-03 4.11163425e-03 9.99977198e-01 4.97810171e-03
9.99982290e-01 -8.03483799e-04 -5.89618642e-03 2.45660332e-03 7.72319801e-04 9.99985710e-01 -5.28582960e-03 1.81206915e-03 5.90034949e-03 5.28118206e-03 9.99968582e-01 5.58162803e-03
9.99932351e-01 -2.18376512e-03 -1.14249055e-02 5.53641503e-03 2.01682773e-03 9.99891363e-01 -1.46028730e-02 6.79381178e-03 1.14555531e-02 1.45788425e-02 9.99828047e-01 8.52491744e-03
9.99921453e-01 -2.40439722e-03 -1.23016366e-02 6.06613259e-03 2.18701531e-03 9.99841771e-01 -1.76540110e-02 8.91404182e-03 1.23421368e-02 1.76257187e-02 9.99768450e-01 1.13116193e-02
9.99919431e-01 -2.92926867e-03 -1.23516322e-02 6.41348942e-03 2.68358035e-03 9.99799159e-01 -1.98610298e-02 1.02139236e-02 1.24073290e-02 1.98262812e-02 9.99726431e-01 1.29297572e-02
9.99885690e-01 -3.53858258e-03 -1.47024182e-02 7.65355244e-03 3.20139498e-03 9.99732789e-01 -2.28947374e-02 1.20176066e-02 1.47795032e-02 2.28450493e-02 9.99629768e-01 1.57787936e-02
9.99864324e-01 -3.84576714e-03 -1.60215615e-02 8.24216166e-03 3.45381004e-03 9.99695834e-01 -2.44206066e-02 1.26156721e-02 1.61106036e-02 2.43619543e-02 9.99573373e-01 1.69847895e-02
9.99866793e-01 -4.06760670e-03 -1.58086622e-02 7.78508541e-03 3.66039736e-03 9.99662947e-01 -2.57027437e-02 1.32907551e-02 1.59078814e-02 2.56414513e-02 9.99544606e-01 1.54850256e-02
9.99866817e-01 -4.30361657e-03 -1.57428964e-02 7.39933893e-03 3.87858526e-03 9.99629816e-01 -2.69299022e-02 1.39466917e-02 1.58529630e-02 2.68652529e-02 9.99513353e-01 1.40048099e-02
9.99868390e-01 -4.61363089e-03 -1.55540922e-02 6.85526312e-03 4.17549279e-03 9.99596855e-01 -2.80844106e-02 1.45591900e-02 1.56773915e-02 2.80157666e-02 9.99484507e-01 1.26056771e-02
9.99866495e-01 -4.86912091e-03 -1.55961048e-02 6.54314696e-03 4.40980030e-03 9.99559399e-01 -2.93511809e-02 1.52242261e-02 1.57321472e-02 2.92784851e-02 9.99447425e-01 1.13184039e-02
9.99863299e-01 -5.11237231e-03 -1.57205304e-02 6.18788558e-03 4.62925681e-03 9.99520421e-01 -3.06158116e-02 1.58903747e-02 1.58695109e-02 3.05388509e-02 9.99407503e-01 1.01646832e-02
9.99860845e-01 -5.37499681e-03 -1.57868800e-02 5.79717615e-03 4.86634981e-03 9.99473238e-01 -3.20831683e-02 1.66454459e-02 1.59510115e-02 3.20018785e-02 9.99360420e-01 9.18163920e-03
9.99859861e-01 -5.61446400e-03 -1.57643278e-02 5.36971371e-03 5.08312110e-03 9.99424126e-01 -3.35455037e-02 1.73977735e-02 1.59435900e-02 3.34606701e-02 9.99312761e-01 8.05511456e-03
9.99856159e-01 -5.88280648e-03 -1.59019092e-02 5.01952671e-03 5.32240977e-03 9.99371047e-01 -3.50563277e-02 1.81780836e-02 1.60981380e-02 3.49666490e-02 9.99258702e-01 6.89525933e-03
9.99851605e-01 -6.10070153e-03 -1.61023058e-02 4.78199967e-03 5.50921773e-03 9.99317410e-01 -3.65250252e-02 1.89408204e-02 1.63141438e-02 3.64308959e-02 9.99202859e-01 5.70690749e-03
9.99847689e-01 -6.32503812e-03 -1.62560632e-02 4.53752265e-03 5.70342340e-03 9.99261092e-01 -3.80048942e-02 1.97050962e-02 1.64844356e-02 3.79063937e-02 9.99145141e-01 4.53971181e-03
9.99842386e-01 -6.54968298e-03 -1.64921220e-02 4.32133777e-03 5.89414237e-03 9.99202415e-01 -3.94883440e-02 2.04801274e-02 1.67376070e-02 3.93849146e-02 9.99083745e-01 3.34794488e-03
9.99837035e-01 -6.77868819e-03 -1.67195030e-02 4.11184353e-03 6.08919416e-03 9.99142370e-01 -4.09505743e-02 2.12493033e-02 1.69827577e-02 4.08420965e-02 9.99021076e-01 2.14302047e-03
9.99831474e-01 -6.99413315e-03 -1.69621047e-02 3.90990538e-03 6.26931628e-03 9.99080161e-01 -4.24145969e-02 2.20194469e-02 1.72431583e-02 4.23011103e-02 9.98955929e-01 9.30909696e-04
9.99825350e-01 -7.20083241e-03 -1.72345916e-02 3.72782237e-03 6.43861092e-03 9.99015763e-01 -4.38803492e-02 2.27978921e-02 1.75336065e-02 4.37617196e-02 9.98887972e-01 -3.03519467e-04
9.99819919e-01 -7.43663339e-03 -1.74455184e-02 3.47798216e-03 6.63906089e-03 9.98949321e-01 -4.53385970e-02 2.35691996e-02 1.77643578e-02 4.52146142e-02 9.98819169e-01 -1.51840967e-03
9.99816221e-01 -7.62970517e-03 -1.75722843e-02 3.23776225e-03 6.79926379e-03 9.98878818e-01 -4.68429312e-02 2.43536795e-02 1.79099829e-02 4.67148490e-02 9.98747517e-01 -2.71209007e-03
9.99828710e-01 -7.73057282e-03 -1.68010293e-02 2.52618801e-03 6.91156900e-03 9.98810072e-01 -4.82702495e-02 2.50950892e-02 1.71541967e-02 4.81458648e-02 9.98692818e-01 -3.89756310e-03
9.99844474e-01 -7.49285222e-03 -1.59508309e-02 1.91621713e-03 6.70338396e-03 9.98776715e-01 -4.89846697e-02 2.55329546e-02 1.62983565e-02 4.88701320e-02 9.98671952e-01 -4.96699574e-03
9.99853229e-01 -7.28689421e-03 -1.54902861e-02 1.42512291e-03 6.51052280e-03 9.98747954e-01 -4.95926961e-02 2.59304475e-02 1.58322715e-02 4.94845714e-02 9.98649200e-01 -6.01083016e-03
9.99862418e-01 -7.01510840e-03 -1.50173047e-02 9.44346577e-04 6.25356639e-03 9.98720753e-01 -5.01707833e-02 2.63272037e-02 1.53500501e-02 5.00699723e-02 9.98627568e-01 -7.07723667e-03
9.99873629e-01 -6.69922167e-03 -1.44024779e-02 4.08137604e-04 5.96054556e-03 9.98694163e-01 -5.07331128e-02 2.67166202e-02 1.47235450e-02 5.06408593e-02 9.98608225e-01 -8.16435869e-03
9.99884512e-01 -6.38238834e-03 -1.37766989e-02 -1.36318898e-04 5.66788155e-03 9.98667263e-01 -5.12935790e-02 2.71053710e-02 1.40857150e-02 5.12095764e-02 9.98588427e-01 -9.25353919e-03
9.99894674e-01 -6.07641618e-03 -1.31641284e-02 -6.76891745e-04 5.38590247e-03 9.98639116e-01 -5.18691661e-02 2.74990953e-02 1.34613930e-02 5.17928091e-02 9.98566963e-01 -1.03382442e-02
9.99904562e-01 -5.76264821e-03 -1.25387909e-02 -1.22969554e-03 5.09766763e-03 9.98611135e-01 -5.24343900e-02 2.78887941e-02 1.28235374e-02 5.23654757e-02 9.98545493e-01 -1.14366856e-02
9.99913955e-01 -5.45349942e-03 -1.19118311e-02 -1.78934677e-03 4.81488170e-03 9.98582813e-01 -5.29980083e-02 2.82771260e-02 1.21839741e-02 5.29361044e-02 9.98523416e-01 -1.25316613e-02
9.99923003e-01 -5.15660087e-03 -1.12659003e-02 -2.36051042e-03 4.54607097e-03 9.98554016e-01 -5.35619021e-02 2.86603076e-02 1.15258065e-02 5.35065758e-02 9.98500813e-01 -1.36235447e-02
9.99924414e-01 -5.45782389e-03 -1.09993955e-02 -2.12980290e-03 4.84860408e-03 9.98492428e-01 -5.46719307e-02 2.90084047e-02 1.12812026e-02 5.46144775e-02 9.98443624e-01 -1.20912937e-02
9.99924306e-01 -5.53319664e-03 -1.09713998e-02 -2.14367558e-03 4.90958613e-03 9.98414408e-01 -5.60738317e-02 2.95953223e-02 1.12642702e-02 5.60157336e-02 9.98366208e-01 -1.14268169e-02
9.99922375e-01 -5.47585471e-03 -1.11721178e-02 -1.40090826e-03 4.82813633e-03 9.98350849e-01 -5.72015026e-02 2.98935282e-02 1.14669191e-02 5.71431359e-02 9.98300004e-01 -9.91351791e-03
9.99918284e-01 -5.53161237e-03 -1.15059225e-02 -6.39108550e-04 4.85684962e-03 9.98312323e-01 -5.78678668e-02 3.00458883e-02 1.18066052e-02 5.78072694e-02 9.98257827e-01 -8.96661808e-03
9.99903631e-01 -5.64486925e-03 -1.26638834e-02 8.71385833e-05 4.89307827e-03 9.98267686e-01 -5.86299334e-02 3.03155238e-02 1.29729022e-02 5.85623343e-02 9.98199331e-01 -8.01136829e-03
9.99882668e-01 -5.54687521e-03 -1.42629714e-02 9.18089137e-04 4.69048232e-03 9.98223688e-01 -5.93907962e-02 3.04796484e-02 1.45670675e-02 5.93169411e-02 9.98132820e-01 -6.40073715e-03
9.99864080e-01 -5.10906342e-03 -1.56635189e-02 1.77779895e-03 4.15065358e-03 9.98152187e-01 -6.06206292e-02 3.08188343e-02 1.59442882e-02 6.05473869e-02 9.98037931e-01 -4.42241679e-03
9.99863641e-01 -5.13446408e-03 -1.56832039e-02 1.98505825e-03 4.16154086e-03 9.98101404e-01 -6.14505361e-02 3.10159893e-02 1.59689409e-02 6.13769018e-02 9.97986879e-01 -2.40360999e-03
9.99868684e-01 -5.00390890e-03 -1.54020526e-02 2.06763187e-03 4.03238506e-03 9.98038359e-01 -6.24745629e-02 3.12858215e-02 1.56844535e-02 6.24042610e-02 9.97927707e-01 -4.64918605e-04
9.99885308e-01 -4.55709313e-03 -1.44325444e-02 2.11142400e-03 3.63385505e-03 9.97984010e-01 -6.33614362e-02 3.15382737e-02 1.46921889e-02 6.33017312e-02 9.97886313e-01 1.45498951e-03
9.99891319e-01 -4.25885788e-03 -1.41047966e-02 1.99284463e-03 3.34516735e-03 9.97932731e-01 -6.41802042e-02 3.17929688e-02 1.43489683e-02 6.41260531e-02 9.97838701e-01 2.37273382e-03
9.99876408e-01 -3.46127111e-03 -1.53284749e-02 2.65258130e-03 2.48449200e-03 9.97992121e-01 -6.32897498e-02 3.07621618e-02 1.55167558e-02 6.32438472e-02 9.97877575e-01 6.63520722e-03
9.99877666e-01 -3.26408378e-03 -1.52881566e-02 2.70638041e-03 2.27951226e-03 9.97948503e-01 -6.39811047e-02 3.08015297e-02 1.54656283e-02 6.39384314e-02 9.97834102e-01 9.12361295e-03
9.99875447e-01 -2.53860016e-03 -1.55715576e-02 2.83120650e-03 1.53031828e-03 9.97921436e-01 -6.44248224e-02 3.05819360e-02 1.57027351e-02 6.43929696e-02 9.97801209e-01 1.15566459e-02
9.99836281e-01 -1.13573937e-03 -1.80551118e-02 3.91828361e-03 -6.58162054e-06 9.98004547e-01 -6.31429260e-02 2.93162831e-02 1.80907928e-02 6.31327053e-02 9.97841332e-01 1.48528291e-02
9.99769888e-01 -6.63825340e-05 -2.14497913e-02 5.20522524e-03 -1.24279767e-03 9.98136105e-01 -6.10154875e-02 2.78649679e-02 2.14138572e-02 6.10280999e-02 9.97906506e-01 1.79242864e-02
9.99738419e-01 -5.32117423e-04 -2.28640355e-02 5.89432565e-03 -8.40975026e-04 9.98197920e-01 -6.00030830e-02 2.71244743e-02 2.28547563e-02 6.00066087e-02 9.97936530e-01 2.00521216e-02
9.99671534e-01 -5.45068440e-04 -2.56222512e-02 7.26138158e-03 -9.76535371e-04 9.98237690e-01 -5.93359881e-02 2.64577170e-02 2.56094334e-02 5.93415113e-02 9.97909437e-01 2.20417441e-02
9.99559883e-01 4.54859792e-04 -2.96616146e-02 8.98647472e-03 -2.18805921e-03 9.98289444e-01 -5.84261382e-02 2.54256303e-02 2.95842956e-02 5.84653169e-02 9.97851240e-01 2.50366308e-02
9.99468739e-01 2.01906908e-04 -3.25901885e-02 1.06113006e-02 -2.12401378e-03 9.98258484e-01 -5.89542215e-02 2.50041247e-02 3.25215256e-02 5.89921152e-02 9.97728798e-01 2.76369101e-02
9.99365652e-01 2.93826420e-04 -3.56111589e-02 1.21701143e-02 -2.43634962e-03 9.98187279e-01 -6.01359111e-02 2.47776221e-02 3.55289331e-02 6.01845148e-02 9.97555035e-01 3.08784183e-02
9.99256995e-01 5.61761593e-04 -3.85375152e-02 1.35142577e-02 -2.88890453e-03 9.98172702e-01 -6.03573390e-02 2.36585094e-02 3.84331888e-02 6.04238135e-02 9.97432874e-01 3.57105604e-02
9.99214825e-01 7.34105748e-04 -3.96142199e-02 1.41507676e-02 -3.19817207e-03 9.98060281e-01 -6.21740862e-02 2.40289038e-02 3.94917363e-02 6.22519490e-02 9.97279113e-01 3.83400976e-02
9.99022377e-01 2.38935812e-03 -4.41430305e-02 1.60944219e-02 -5.14105028e-03 9.98042543e-01 -6.23278899e-02 2.27086021e-02 4.39077002e-02 6.24938880e-02 9.97079280e-01 4.38955121e-02
9.98877764e-01 3.44308018e-03 -4.72372850e-02 1.76861164e-02 -6.41227359e-03 9.98002414e-01 -6.28502184e-02 2.15398520e-02 4.69265305e-02 6.30825769e-02 9.96904634e-01 5.03676095e-02
9.98744608e-01 2.94822018e-03 -5.00044038e-02 1.99413753e-02 -6.07319096e-03 9.98029158e-01 -6.24576113e-02 1.99602722e-02 4.97217202e-02 6.26828850e-02 9.96794308e-01 5.59918137e-02
9.98769982e-01 3.84348850e-03 -4.94340204e-02 1.93375438e-02 -6.94054702e-03 9.98012559e-01 -6.26321388e-02 1.91400114e-02 4.90950545e-02 6.28981935e-02 9.96811808e-01 6.08961139e-02
9.98743350e-01 4.69948767e-03 -4.98958059e-02 1.90546553e-02 -7.83739968e-03 9.97990267e-01 -6.28811660e-02 1.80516545e-02 4.95000239e-02 6.31931924e-02 9.96773161e-01 6.63785426e-02
9.98771706e-01 3.98405245e-03 -4.93874616e-02 1.88443601e-02 -7.19801618e-03 9.97854706e-01 -6.50705234e-02 1.86650767e-02 4.90222724e-02 6.53460844e-02 9.96657923e-01 6.90059064e-02
9.98710087e-01 4.83479422e-03 -5.05440963e-02 1.89987659e-02 -8.09252980e-03 9.97888213e-01 -6.44487817e-02 1.74196899e-02 5.01257682e-02 6.47746752e-02 9.96640308e-01 7.45262947e-02
9.98671456e-01 5.66695654e-03 -5.12165354e-02 1.89786494e-02 -8.99193096e-03 9.97849662e-01 -6.49245882e-02 1.69212978e-02 5.07384845e-02 6.52988642e-02 9.96575110e-01 7.92293367e-02
9.98625868e-01 4.92754891e-03 -5.21734918e-02 1.92645691e-02 -8.36962007e-03 9.97787020e-01 -6.59620929e-02 1.69755416e-02 5.17330096e-02 6.63081173e-02 9.96457343e-01 8.23814213e-02
9.98570044e-01 4.30206234e-03 -5.32852712e-02 1.96176429e-02 -7.86492501e-03 9.97733015e-01 -6.68358676e-02 1.68310919e-02 5.28769477e-02 6.71593753e-02 9.96340287e-01 8.59846997e-02
9.98558321e-01 3.48554685e-03 -5.35643824e-02 1.97025615e-02 -7.11859698e-03 9.97674574e-01 -6.77855544e-02 1.67424977e-02 5.32035559e-02 6.80691253e-02 9.96261202e-01 8.94233020e-02
9.98538482e-01 2.72081916e-03 -5.39763263e-02 1.98288942e-02 -6.44508480e-03 9.97599696e-01 -6.89445836e-02 1.66665387e-02 5.36591867e-02 6.91916980e-02 9.96159382e-01 9.32895814e-02
9.98519266e-01 2.57389735e-03 -5.43376071e-02 1.95773906e-02 -6.35925805e-03 9.97554308e-01 -6.96062691e-02 1.57824862e-02 5.40255586e-02 6.98487445e-02 9.96093735e-01 9.96144039e-02
9.98445954e-01 2.65892669e-03 -5.56645392e-02 1.94251513e-02 -6.59551085e-03 9.97478932e-01 -7.06560457e-02 1.49417256e-02 5.53363430e-02 7.09133741e-02 9.95946533e-01 1.05902100e-01
9.98502900e-01 2.22344989e-03 -5.46533923e-02 1.86161339e-02 -6.18814329e-03 9.97350624e-01 -7.24807398e-02 1.51920251e-02 5.43474438e-02 7.27104245e-02 9.95871436e-01 1.08635363e-01
9.98714123e-01 8.47156104e-04 -5.06885548e-02 1.86348808e-02 -4.43446650e-03 9.97487668e-01 -7.07010654e-02 1.26514769e-02 5.05013211e-02 7.08349219e-02 9.96208989e-01 1.14883006e-01
9.98609370e-01 -5.96698054e-03 -5.23793777e-02 2.73685890e-02 2.22467363e-03 9.97458391e-01 -7.12156847e-02 1.03189357e-02 5.26712020e-02 7.10001165e-02 9.96084840e-01 1.14360701e-01
9.98246289e-01 -9.98832989e-03 -5.83481308e-02 3.72762564e-02 6.06238931e-03 9.97729222e-01 -6.70782403e-02 7.83155725e-03 5.88856460e-02 6.66068630e-02 9.96040335e-01 1.13060315e-01
9.97645006e-01 -2.06317769e-02 -6.54116163e-02 4.84883673e-02 1.64954995e-02 9.97867326e-01 -6.31557627e-02 4.86818517e-03 6.65751382e-02 6.19280243e-02 9.95857936e-01 1.10686347e-01
9.96997265e-01 -2.76030076e-02 -7.23491438e-02 5.73735113e-02 2.34400552e-02 9.98054618e-01 -5.77703632e-02 1.48815611e-03 7.38030455e-02 5.59010143e-02 9.95705035e-01 1.10445533e-01
9.97187988e-01 -3.18177463e-02 -6.78500524e-02 5.69062282e-02 2.78044084e-02 9.97853074e-01 -5.92956615e-02 8.91535561e-04 6.95910500e-02 5.72423767e-02 9.95932104e-01 1.14437061e-01
9.97054870e-01 -3.40448236e-02 -6.87206837e-02 5.66344397e-02 2.98307270e-02 9.97664620e-01 -6.14435941e-02 1.12954894e-04 7.06520428e-02 5.92126295e-02 9.95742230e-01 1.19150175e-01
9.96571169e-01 -3.34424789e-02 -7.56798635e-02 5.75056686e-02 2.84575058e-02 9.97412696e-01 -6.60152036e-02 1.46814378e-03 7.76917787e-02 6.36351756e-02 9.94944721e-01 1.20136937e-01
9.96123269e-01 -3.29767971e-02 -8.15533346e-02 5.83072098e-02 2.72925590e-02 9.97183490e-01 -6.98581277e-02 2.72184804e-03 8.36273470e-02 6.73614941e-02 9.94217973e-01 1.21335083e-01
9.95386856e-01 -3.21570210e-02 -9.03932123e-02 6.06562002e-02 2.54836381e-02 9.96929984e-01 -7.40345404e-02 3.20401851e-03 9.24964518e-02 7.13894477e-02 9.93150738e-01 1.23776544e-01
9.94782876e-01 -3.21760967e-02 -9.68080959e-02 6.27861959e-02 2.47373924e-02 9.96717810e-01 -7.70819327e-02 3.79065718e-03 9.89705701e-02 7.42849928e-02 9.92313966e-01 1.26979860e-01
9.94085055e-01 -3.14013658e-02 -1.03966130e-01 6.47833352e-02 2.31655226e-02 9.96565913e-01 -7.94973192e-02 3.96058469e-03 1.06105440e-01 7.66186564e-02 9.91398852e-01 1.30855915e-01
9.93811289e-01 -3.08546994e-02 -1.06710397e-01 6.62147954e-02 2.20643243e-02 9.96338781e-01 -8.25969640e-02 3.89071644e-03 1.08868225e-01 7.97312964e-02 9.90853705e-01 1.34700108e-01
9.93403706e-01 -3.05630965e-02 -1.10521447e-01 6.82406810e-02 2.10387461e-02 9.96043755e-01 -8.63380805e-02 4.22917090e-03 1.12722970e-01 8.34433294e-02 9.90116762e-01 1.38391076e-01
9.93040841e-01 -3.09729226e-02 -1.13624549e-01 6.96102312e-02 2.07932413e-02 9.95751247e-01 -8.97058266e-02 4.58184920e-03 1.15920254e-01 8.67189239e-02 9.89465879e-01 1.43369235e-01
9.92732305e-01 -3.20306361e-02 -1.16002342e-01 7.00623272e-02 2.12492899e-02 9.95438221e-01 -9.30123992e-02 5.60828249e-03 1.18452422e-01 8.98714473e-02 9.88884499e-01 1.46777121e-01
9.92439336e-01 -3.26341566e-02 -1.18317980e-01 7.02015620e-02 2.13364590e-02 9.95198384e-01 -9.55248986e-02 6.52336085e-03 1.20867252e-01 9.22781804e-02 9.88370494e-01 1.50165187e-01
9.92038025e-01 -3.34908362e-02 -1.21403795e-01 7.04333297e-02 2.14468282e-02 9.94837483e-01 -9.91885645e-02 7.30102046e-03 1.24098977e-01 9.57950972e-02 9.87635119e-01 1.55498178e-01
9.91818253e-01 -3.36848866e-02 -1.23133143e-01 6.88851438e-02 2.11065297e-02 9.94553743e-01 -1.02065014e-01 7.68421522e-03 1.25900604e-01 9.86310321e-02 9.87127786e-01 1.56909955e-01
9.91615691e-01 -3.35054049e-02 -1.24801831e-01 6.84201080e-02 2.05252435e-02 9.94378409e-01 -1.03875823e-01 8.71829654e-03 1.27580671e-01 1.00443316e-01 9.86729241e-01 1.55153673e-01
9.91265295e-01 -3.30574783e-02 -1.27671760e-01 6.92855893e-02 1.96212141e-02 9.94268160e-01 -1.05098912e-01 9.66531941e-03 1.30414287e-01 1.01675839e-01 9.86232454e-01 1.52147636e-01
9.91741901e-01 -3.52706120e-02 -1.23303929e-01 6.76044468e-02 2.20948271e-02 9.94052788e-01 -1.06634695e-01 6.30282772e-03 1.26331693e-01 1.03029723e-01 9.86623334e-01 1.47607711e-01
9.91366905e-01 -3.55122425e-02 -1.26215485e-01 6.85817571e-02 2.15325053e-02 9.93648785e-01 -1.10446643e-01 7.35692733e-03 1.29336082e-01 1.06775420e-01 9.85835476e-01 1.46042159e-01
9.91209081e-01 -3.52160601e-02 -1.27531095e-01 6.94458695e-02 2.08171010e-02 9.93430705e-01 -1.12526328e-01 9.24710986e-03 1.30656046e-01 1.08882306e-01 9.85430880e-01 1.41662787e-01
9.91510557e-01 -3.52850646e-02 -1.25146400e-01 6.92356009e-02 2.10730717e-02 9.93357952e-01 -1.13119649e-01 1.05798236e-02 1.28306603e-01 1.09522118e-01 9.85668708e-01 1.35108203e-01
9.91357600e-01 -3.84952851e-02 -1.25411755e-01 6.63504679e-02 2.41818557e-02 9.93219000e-01 -1.13716403e-01 1.23856846e-02 1.28938881e-01 1.09700938e-01 9.85566329e-01 1.31440442e-01
9.90890739e-01 -3.80488973e-02 -1.29181099e-01 6.86685984e-02 2.33183940e-02 9.93243372e-01 -1.13684011e-01 1.35511827e-02 1.32633821e-01 1.09636145e-01 9.85083087e-01 1.26414135e-01
9.90370716e-01 -3.83224958e-02 -1.33030788e-01 7.07567844e-02 2.31205913e-02 9.93212720e-01 -1.13991837e-01 1.52806845e-02 1.36496330e-01 1.09818437e-01 9.84534963e-01 1.22773111e-01
9.90059859e-01 -3.82842079e-02 -1.35335518e-01 7.19555728e-02 2.29129675e-02 9.93289470e-01 -1.13363289e-01 1.63775610e-02 1.38767376e-01 1.09135519e-01 9.84293372e-01 1.18329253e-01
9.89720474e-01 -3.98001217e-02 -1.37365585e-01 7.20930560e-02 2.43537026e-02 9.93370469e-01 -1.12349062e-01 1.75771346e-02 1.40926422e-01 1.07848820e-01 9.84128463e-01 1.14485356e-01
9.89127040e-01 -4.41730044e-02 -1.40272612e-01 7.16148427e-02 2.85310814e-02 9.93340876e-01 -1.11625311e-01 1.96952487e-02 1.44269335e-01 1.06409494e-01 9.83800756e-01 1.08920718e-01
9.89001044e-01 -4.55469649e-02 -1.40721008e-01 7.11772143e-02 2.98003433e-02 9.93256227e-01 -1.12045992e-01 2.10749193e-02 1.44875371e-01 1.06620077e-01 9.83688876e-01 1.05557264e-01
9.88683790e-01 -4.50544517e-02 -1.43088829e-01 7.27786819e-02 2.89356815e-02 9.93197029e-01 -1.12794934e-01 2.18967896e-02 1.47197311e-01 1.07378163e-01 9.83261597e-01 1.02764731e-01
9.88340181e-01 -4.67598057e-02 -1.44903670e-01 7.17397171e-02 3.02308198e-02 9.92993197e-01 -1.14240186e-01 2.33268909e-02 1.49230212e-01 1.08527627e-01 9.82828825e-01 9.98741752e-02
9.87837982e-01 -4.87492073e-02 -1.47646653e-01 7.01832528e-02 3.13964961e-02 9.92557859e-01 -1.17657591e-01 2.56203070e-02 1.52283569e-01 1.11591059e-01 9.82017106e-01 9.71534464e-02
9.87391180e-01 -5.17280932e-02 -1.49608552e-01 6.90880574e-02 3.37780202e-02 9.92184097e-01 -1.20124565e-01 2.78834802e-02 1.54653050e-01 1.13556470e-01 9.81421301e-01 9.44719396e-02
9.87097646e-01 -5.27070663e-02 -1.51195237e-01 6.90224296e-02 3.41897238e-02 9.91872413e-01 -1.22557291e-01 2.95826450e-02 1.56426029e-01 1.15806708e-01 9.80877200e-01 9.18864550e-02
9.86734278e-01 -5.38331441e-02 -1.53157590e-01 6.99490184e-02 3.34655197e-02 9.90606964e-01 -1.32581777e-01 2.78719128e-02 1.58856286e-01 1.25697502e-01 9.79267682e-01 8.71722731e-02
9.87159098e-01 -5.24708173e-02 -1.50875869e-01 7.02258172e-02 3.25113517e-02 9.90738218e-01 -1.31836575e-01 2.86885333e-02 1.56396075e-01 1.25238517e-01 9.79722385e-01 8.05228382e-02
9.87628316e-01 -5.20761653e-02 -1.47912909e-01 6.91805225e-02 3.22321234e-02 9.90521992e-01 -1.33519246e-01 2.99816503e-02 1.53464171e-01 1.27099860e-01 9.79946307e-01 7.79682062e-02
9.87546848e-01 -5.30131915e-02 -1.48123752e-01 6.92000458e-02 3.26649375e-02 9.90091339e-01 -1.36573207e-01 3.19983611e-02 1.53896240e-01 1.30034009e-01 9.79493469e-01 7.72381825e-02
9.87073531e-01 -5.29415445e-02 -1.51270910e-01 7.13535019e-02 3.20823753e-02 9.90031285e-01 -1.37145434e-01 3.35517649e-02 1.57023637e-01 1.30519513e-01 9.78932402e-01 7.31775108e-02
9.86179857e-01 -5.46848662e-02 -1.56392594e-01 7.36393179e-02 3.33577367e-02 9.90163950e-01 -1.35877571e-01 3.56663315e-02 1.62284762e-01 1.28782839e-01 9.78304179e-01 6.88515817e-02
9.85816736e-01 -5.54922747e-02 -1.58384718e-01 7.48441713e-02 3.35373166e-02 9.89854997e-01 -1.38066644e-01 3.75134691e-02 1.64439551e-01 1.30796636e-01 9.77676947e-01 6.61092794e-02
9.84986882e-01 -5.74452505e-02 -1.62790228e-01 7.61804450e-02 3.47223415e-02 9.89663974e-01 -1.39138797e-01 3.99848719e-02 1.69100507e-01 1.31397453e-01 9.76800941e-01 6.80439480e-02
9.84565028e-01 -5.88208054e-02 -1.64838012e-01 7.63792381e-02 3.55053164e-02 9.89375837e-01 -1.40978295e-01 4.20038342e-02 1.71379216e-01 1.32949695e-01 9.76193594e-01 7.09005853e-02
9.84311769e-01 -6.00562845e-02 -1.65901369e-01 7.62452172e-02 3.64871267e-02 9.89247693e-01 -1.41625241e-01 4.27234174e-02 1.72623049e-01 1.33350157e-01 9.75919738e-01 7.12682953e-02
9.84005129e-01 -6.19195209e-02 -1.67031638e-01 7.53746719e-02 3.82706085e-02 9.89232941e-01 -1.41256769e-01 4.29236926e-02 1.73979776e-01 1.32605006e-01 9.75780335e-01 7.45438387e-02
9.85720972e-01 -6.66315677e-02 -1.54641872e-01 6.23853726e-02 4.45107813e-02 9.88816945e-01 -1.42336692e-01 4.50714273e-02 1.62396639e-01 1.33421045e-01 9.77663825e-01 7.46628161e-02
9.87302495e-01 -6.45557830e-02 -1.45141673e-01 4.87295215e-02 4.44002079e-02 9.89429347e-01 -1.38050998e-01 4.42818639e-02 1.52519442e-01 1.29853783e-01 9.79732721e-01 7.23618325e-02
9.88593716e-01 -6.48264696e-02 -1.35940608e-01 3.46472478e-02 4.63608994e-02 9.89780478e-01 -1.34852197e-01 4.39564949e-02 1.43293380e-01 1.27011706e-01 9.81496517e-01 6.66537292e-02
9.90724230e-01 -4.59197619e-02 -1.27893247e-01 2.00903651e-02 2.91566470e-02 9.91086995e-01 -1.29985683e-01 4.48663082e-02 1.32722271e-01 1.25051030e-01 9.83233132e-01 5.84153213e-02
9.92380134e-01 -3.94518610e-02 -1.16726022e-01 4.87509867e-03 2.44796637e-02 9.91597198e-01 -1.27025913e-01 4.62365169e-02 1.20756621e-01 1.23200586e-01 9.85007515e-01 5.24024814e-02
9.92444293e-01 -3.95906033e-02 -1.16131902e-01 2.45514223e-03 2.44147319e-02 9.91304577e-01 -1.29302026e-01 4.76477385e-02 1.20241243e-01 1.25489739e-01 9.84781568e-01 5.23690775e-02
9.92543359e-01 -3.97480865e-02 -1.15227971e-01 8.39394094e-04 2.44779832e-02 9.91076529e-01 -1.31026707e-01 4.87629278e-02 1.19407810e-01 1.27229149e-01 9.84659786e-01 5.26217206e-02
9.92685223e-01 -3.97532846e-02 -1.13997266e-01 -4.27938649e-04 2.47265035e-02 9.91163262e-01 -1.30322106e-01 4.83402354e-02 1.18170643e-01 1.26550092e-01 9.84896497e-01 5.45705635e-02
9.92638451e-01 -4.07668037e-02 -1.14046657e-01 3.24953135e-04 2.57986624e-02 9.91208599e-01 -1.29768503e-01 4.80929816e-02 1.18334278e-01 1.25870971e-01 9.84963896e-01 5.55889975e-02
9.92596642e-01 -4.19122421e-02 -1.13995160e-01 2.65783391e-03 2.69571921e-02 9.91186637e-01 -1.29700580e-01 4.68516246e-02 1.18426526e-01 1.25667387e-01 9.84978800e-01 5.67175491e-02
9.92611838e-01 -4.16398914e-02 -1.13962733e-01 6.81734258e-03 2.66476790e-02 9.91149566e-01 -1.30047433e-01 4.60929306e-02 1.18369279e-01 1.26049796e-01 9.84936816e-01 5.52947820e-02
9.92541724e-01 -4.10734745e-02 -1.14776322e-01 1.08367455e-02 2.61259624e-02 9.91323184e-01 -1.28824324e-01 4.50801800e-02 1.19071699e-01 1.24864891e-01 9.85003068e-01 5.37713529e-02
9.92543076e-01 -4.07306936e-02 -1.14886896e-01 1.44768177e-02 2.58454137e-02 9.91411800e-01 -1.28197444e-01 4.43760275e-02 1.19121808e-01 1.24272202e-01 9.85071936e-01 5.24911025e-02
9.92422409e-01 -4.04449311e-02 -1.16024241e-01 1.64598404e-02 2.55050516e-02 9.91514038e-01 -1.27472782e-01 4.34387340e-02 1.20195303e-01 1.23547663e-01 9.85032657e-01 5.23935052e-02
9.92415863e-01 -4.07997726e-02 -1.15956167e-01 1.59555388e-02 2.57782315e-02 9.91412050e-01 -1.28209299e-01 4.39218466e-02 1.20191258e-01 1.24247820e-01 9.84945102e-01 5.30043456e-02
9.92421821e-01 -4.07322951e-02 -1.15928711e-01 1.50559300e-02 2.55685803e-02 9.91262294e-01 -1.29403416e-01 4.46781538e-02 1.20186666e-01 1.25458664e-01 9.84792151e-01 5.33736264e-02
9.92391517e-01 -4.04316294e-02 -1.16292512e-01 1.41130736e-02 2.51311913e-02 9.91176394e-01 -1.30145035e-01 4.51994176e-02 1.20528371e-01 1.26232288e-01 9.84651525e-01 5.38834222e-02
9.92377711e-01 -4.04707362e-02 -1.16396605e-01 1.34264214e-02 2.50946731e-02 9.91110469e-01 -1.30653068e-01 4.54941968e-02 1.20649524e-01 1.26736288e-01 9.84571924e-01 5.43984390e-02
9.92302392e-01 -4.09235452e-02 -1.16879491e-01 1.38574442e-02 2.55067842e-02 9.91123407e-01 -1.30474894e-01 4.52218434e-02 1.21181504e-01 1.26489358e-01 9.84538332e-01 5.59143655e-02
9.92171755e-01 -4.14562284e-02 -1.17797637e-01 1.49926911e-02 2.60320748e-02 9.91227130e-01 -1.29580267e-01 4.45811740e-02 1.22136135e-01 1.25499387e-01 9.84547071e-01 5.74912533e-02
9.91840274e-01 -4.12906696e-02 -1.20613578e-01 1.77147580e-02 2.55975832e-02 9.91330470e-01 -1.28874260e-01 4.33508573e-02 1.24889236e-01 1.24735289e-01 9.84298750e-01 5.98426168e-02
9.91258415e-01 -4.17686655e-02 -1.25147606e-01 2.16397886e-02 2.55618024e-02 9.91391124e-01 -1.28414237e-01 4.21615987e-02 1.29433931e-01 1.24092711e-01 9.83792750e-01 6.16621165e-02
9.91212261e-01 -4.25209749e-02 -1.25259883e-01 2.17760300e-02 2.61886954e-02 9.91264965e-01 -1.29259238e-01 4.25939844e-02 1.29661977e-01 1.24842967e-01 9.83667778e-01 6.37255654e-02
9.91103162e-01 -4.37632101e-02 -1.25694899e-01 2.25517518e-02 2.73442062e-02 9.91202555e-01 -1.29498323e-01 4.28995461e-02 1.30256389e-01 1.24909184e-01 9.83580829e-01 6.51645841e-02
9.90733120e-01 -4.49700082e-02 -1.28161640e-01 2.48424573e-02 2.84072896e-02 9.91335369e-01 -1.28246770e-01 4.24940404e-02 1.32818445e-01 1.23417620e-01 9.83426451e-01 6.73591036e-02
9.91141658e-01 -3.98096335e-02 -1.26701522e-01 2.36533351e-02 2.36747087e-02 9.91697790e-01 -1.26392583e-01 4.10937854e-02 1.30681282e-01 1.22273357e-01 9.83855595e-01 6.52327581e-02
9.91254931e-01 -3.20868140e-02 -1.27999674e-01 2.35245700e-02 1.58285047e-02 9.91895325e-01 -1.26068093e-01 3.95170326e-02 1.31007423e-01 1.22939602e-01 9.83729177e-01 6.57923934e-02
9.91845248e-01 -3.16847224e-02 -1.23446081e-01 2.07549343e-02 1.61090893e-02 9.92002683e-01 -1.25185036e-01 3.86923697e-02 1.26425312e-01 1.22175605e-01 9.84423691e-01 6.62117829e-02
9.92190784e-01 -3.25618684e-02 -1.20403586e-01 1.81719992e-02 1.73898611e-02 9.92007419e-01 -1.24975936e-01 3.81415381e-02 1.23510718e-01 1.21906199e-01 9.84826979e-01 6.85338480e-02
9.92117670e-01 -3.41032094e-02 -1.20579356e-01 1.75271281e-02 1.91777909e-02 9.92241241e-01 -1.22840101e-01 3.72435104e-02 1.23833069e-01 1.19559418e-01 9.85074165e-01 7.14190589e-02
9.91380040e-01 -3.51963970e-02 -1.26201174e-01 2.07978455e-02 1.95689616e-02 9.92214431e-01 -1.22994824e-01 3.80574576e-02 1.29547619e-01 1.19465012e-01 9.84350421e-01 7.06298729e-02
9.90878767e-01 -3.57158216e-02 -1.29936605e-01 2.29498750e-02 1.96442578e-02 9.92221124e-01 -1.22928507e-01 3.86114899e-02 1.33316358e-01 1.19254761e-01 9.83872591e-01 7.01642366e-02
9.90589347e-01 -3.83925479e-02 -1.31372066e-01 2.48358277e-02 2.21796000e-02 9.92193509e-01 -1.22719835e-01 3.91860743e-02 1.35058068e-01 1.18651210e-01 9.83707951e-01 7.12914903e-02
9.90164058e-01 -3.86800903e-02 -1.34458010e-01 2.63894082e-02 2.23535459e-02 9.92415674e-01 -1.20878246e-01 3.87922463e-02 1.38113848e-01 1.16683703e-01 9.83519012e-01 7.24786981e-02
9.89899290e-01 -4.22706768e-02 -1.35323829e-01 2.66077422e-02 2.59437008e-02 9.92408711e-01 -1.20216338e-01 3.95859765e-02 1.39378202e-01 1.15491289e-01 9.83481393e-01 7.40585286e-02
9.89496028e-01 -4.31066342e-02 -1.37983357e-01 2.74887336e-02 2.62897335e-02 9.92248674e-01 -1.21456034e-01 4.07473683e-02 1.42149388e-01 1.16552738e-01 9.82959429e-01 7.53287872e-02
9.89132092e-01 -4.36272798e-02 -1.40407846e-01 2.80858678e-02 2.64830050e-02 9.92209612e-01 -1.21732630e-01 4.12334515e-02 1.44624908e-01 1.16691247e-01 9.82581803e-01 7.72186679e-02
9.88839546e-01 -4.44876676e-02 -1.42187433e-01 2.82445756e-02 2.73915362e-02 9.92395161e-01 -1.20007169e-01 4.03937868e-02 1.46444985e-01 1.14773116e-01 9.82538174e-01 8.01857997e-02
9.88556426e-01 -4.55197898e-02 -1.43820305e-01 2.84482582e-02 2.82704959e-02 9.92398010e-01 -1.19779811e-01 4.04042656e-02 1.48179356e-01 1.14343239e-01 9.82328288e-01 8.20757306e-02
9.88388586e-01 -4.57659568e-02 -1.44892026e-01 2.82028217e-02 2.84474292e-02 9.92436565e-01 -1.19417878e-01 4.01766735e-02 1.49261443e-01 1.13909463e-01 9.82214863e-01 8.41769344e-02
9.88813452e-01 -4.18475839e-02 -1.43167856e-01 2.69168928e-02 2.53061672e-02 9.92989120e-01 -1.15466691e-01 3.65074235e-02 1.46996141e-01 1.10551987e-01 9.82939905e-01 8.29715649e-02
9.89706555e-01 -3.35078084e-02 -1.39134940e-01 2.35700174e-02 1.75466685e-02 9.93280301e-01 -1.14396849e-01 3.33904052e-02 1.42033211e-01 1.10777951e-01 9.83643866e-01 8.59395035e-02
9.90364755e-01 -3.38862939e-02 -1.34274799e-01 2.03485977e-02 1.85531029e-02 9.93326050e-01 -1.13839694e-01 3.27426436e-02 1.37236288e-01 1.10251606e-01 9.84383659e-01 8.73534547e-02
9.89459864e-01 -3.91565484e-02 -1.39414414e-01 2.30568880e-02 2.32239452e-02 9.93194880e-01 -1.14126835e-01 3.28504695e-02 1.42934525e-01 1.09686165e-01 9.83635642e-01 9.10703744e-02
9.88792370e-01 -4.03754100e-02 -1.43735619e-01 2.49075751e-02 2.39950740e-02 9.93200044e-01 -1.13922457e-01 3.25299907e-02 1.47357915e-01 1.09196708e-01 9.83037199e-01 9.30891710e-02
9.88044560e-01 -4.14897073e-02 -1.48482433e-01 2.74390707e-02 2.47439501e-02 9.93298503e-01 -1.12899166e-01 3.17173139e-02 1.52171557e-01 1.07875359e-01 9.82449577e-01 9.46665632e-02
9.87786795e-01 -4.28132985e-02 -1.49815931e-01 2.75153138e-02 2.59915819e-02 9.93313048e-01 -1.12490504e-01 3.11428858e-02 1.53630227e-01 1.07222673e-01 9.82294027e-01 9.76347648e-02
9.88481740e-01 -4.66903090e-02 -1.43959569e-01 2.01094580e-02 3.06036274e-02 9.93237110e-01 -1.11999662e-01 3.19789227e-02 1.48215302e-01 1.06303929e-01 9.83225407e-01 9.44380081e-02
9.89269612e-01 -4.92336323e-02 -1.37557968e-01 1.12733149e-02 3.40771677e-02 9.93298391e-01 -1.10442073e-01 3.21460845e-02 1.42073599e-01 1.04569391e-01 9.84317440e-01 9.08658404e-02
9.90504287e-01 -4.49127693e-02 -1.29940800e-01 3.85493481e-03 3.06844462e-02 9.93513390e-01 -1.09498851e-01 3.18383474e-02 1.34015851e-01 1.04471911e-01 9.85457178e-01 8.72418405e-02
9.90908983e-01 -4.11951770e-02 -1.28073857e-01 1.08728062e-03 2.75690084e-02 9.93941278e-01 -1.06401195e-01 2.93588793e-02 1.31681130e-01 1.01903024e-01 9.86040761e-01 9.01424029e-02
9.91394949e-01 -3.63746695e-02 -1.25751793e-01 -2.80025416e-03 2.35941745e-02 9.94538839e-01 -1.01667575e-01 2.63564212e-02 1.28763196e-01 9.78257065e-02 9.86838709e-01 9.26022362e-02
9.91938391e-01 -3.17849146e-02 -1.22672492e-01 -8.03206508e-03 1.98349061e-02 9.95044597e-01 -9.74334740e-02 2.37957874e-02 1.25161552e-01 9.42148039e-02 9.87653059e-01 9.34179308e-02
9.92232955e-01 -3.03087528e-02 -1.20647228e-01 -1.20953977e-02 1.89175662e-02 9.95348546e-01 -9.44666764e-02 2.13169394e-02 1.22949240e-01 9.14505985e-02 9.88190630e-01 9.67756409e-02
9.92521258e-01 -2.84281819e-02 -1.18718120e-01 -1.50828734e-02 1.75402883e-02 9.95626060e-01 -9.17697343e-02 1.88937981e-02 1.20807730e-01 8.90010679e-02 9.88678272e-01 1.01183748e-01
9.92542077e-01 -2.73025155e-02 -1.18808421e-01 -1.60912945e-02 1.67997819e-02 9.95932971e-01 -8.85205412e-02 1.76460421e-02 1.20742091e-01 8.58644134e-02 9.88963618e-01 1.02774978e-01
9.92841327e-01 -2.54075534e-02 -1.16710149e-01 -1.88068788e-02 1.52427129e-02 9.96076685e-01 -8.71755943e-02 1.67638395e-02 1.18467205e-01 8.47725585e-02 9.89332912e-01 1.06469413e-01
9.93059727e-01 -2.34922662e-02 -1.15244355e-01 -2.08753036e-02 1.35678040e-02 9.96189527e-01 -8.61570232e-02 1.61261265e-02 1.16829278e-01 8.39954617e-02 9.89593919e-01 1.09349117e-01
9.93152372e-01 -2.27105791e-02 -1.14600525e-01 -2.15711931e-02 1.27553855e-02 9.96138682e-01 -8.68656198e-02 1.67414906e-02 1.16130825e-01 8.48090302e-02 9.89606700e-01 1.13163059e-01
9.93437824e-01 -2.22520616e-02 -1.12190869e-01 -2.33616673e-02 1.23883890e-02 9.96056028e-01 -8.78610284e-02 1.78786328e-02 1.13703520e-01 8.58946162e-02 9.89794902e-01 1.17844420e-01
9.93593656e-01 -2.08637463e-02 -1.11071967e-01 -2.52869005e-02 1.08556973e-02 9.95886744e-01 -8.99576772e-02 1.88277335e-02 1.12491988e-01 8.81756220e-02 9.89732794e-01 1.20366837e-01
9.93830023e-01 -1.90383819e-02 -1.09270647e-01 -2.76002391e-02 9.03944461e-03 9.95784348e-01 -9.12820799e-02 1.88230281e-02 1.10547902e-01 8.97311307e-02 9.89812042e-01 1.24317224e-01
9.93940534e-01 -1.83632845e-02 -1.08377266e-01 -2.91683910e-02 8.13357537e-03 9.95531013e-01 -9.40873508e-02 1.97768067e-02 1.09620721e-01 9.26357410e-02 9.89647572e-01 1.28052619e-01
9.94049781e-01 -1.80168568e-02 -1.07429275e-01 -3.10929883e-02 7.49947250e-03 9.95206380e-01 -9.75120019e-02 2.11280789e-02 1.08671195e-01 9.61261201e-02 9.89419433e-01 1.31450731e-01
9.94225114e-01 -1.61457886e-02 -1.06096088e-01 -3.34627079e-02 5.46032164e-03 9.94948282e-01 -1.00243441e-01 2.17671303e-02 1.07178660e-01 9.90852259e-02 9.89290337e-01 1.35207343e-01
9.94266694e-01 -1.53678356e-02 -1.05821996e-01 -3.48824932e-02 4.52555618e-03 9.94780118e-01 -1.01944865e-01 2.21265792e-02 1.06836315e-01 1.00881473e-01 9.89145872e-01 1.39354499e-01
9.94396126e-01 -1.44964586e-02 -1.04723310e-01 -3.68698616e-02 3.49458540e-03 9.94520676e-01 -1.04485124e-01 2.28751055e-02 1.05664185e-01 1.03533624e-01 9.88997756e-01 1.43219148e-01
9.94132131e-01 -9.04772819e-03 -1.07797229e-01 -3.77439357e-02 -2.13838691e-03 9.94658128e-01 -1.03205242e-01 1.71577134e-02 1.08155185e-01 1.02830138e-01 9.88801896e-01 1.45485926e-01
9.94326645e-01 -1.09007884e-02 -1.05813522e-01 -4.00167269e-02 -3.11777433e-04 9.94432831e-01 -1.05375142e-01 1.68555065e-02 1.06373133e-01 1.04810275e-01 9.88787333e-01 1.49558421e-01
9.94265967e-01 -1.18625351e-02 -1.06279304e-01 -3.99926451e-02 5.43452290e-04 9.94376438e-01 -1.05904850e-01 1.74718936e-02 1.06937961e-01 1.05239803e-01 9.88680763e-01 1.48610402e-01
9.94713143e-01 -1.22760837e-02 -1.01960335e-01 -4.36808137e-02 1.35896747e-03 9.94316563e-01 -1.06458414e-01 1.69797001e-02 1.02687765e-01 1.05756991e-01 9.89076111e-01 1.55723420e-01
9.94924685e-01 -1.84127726e-02 -9.89277508e-02 -4.73922229e-02 7.00057899e-03 9.93400127e-01 -1.14489687e-01 2.09406388e-02 1.00382929e-01 1.13216027e-01 9.88486910e-01 1.61304603e-01
9.94750744e-01 -2.15236285e-02 -1.00042743e-01 -4.80357748e-02 9.62967994e-03 9.92981017e-01 -1.17883912e-01 2.29357193e-02 1.01877855e-01 1.16301688e-01 9.87975587e-01 1.63979141e-01
9.95018775e-01 -2.37561013e-02 -9.68202516e-02 -5.07715059e-02 1.17724959e-02 9.92397554e-01 -1.22512051e-01 2.53724331e-02 9.89946114e-02 1.20761936e-01 9.87733532e-01 1.68048343e-01
9.95361532e-01 -2.50726836e-02 -9.28854113e-02 -5.34605289e-02 1.32022640e-02 9.91908261e-01 -1.26271503e-01 2.74633278e-02 9.52997902e-02 1.24459459e-01 9.87637970e-01 1.72276717e-01
9.95664559e-01 -2.63210778e-02 -8.92200918e-02 -5.48271435e-02 1.46581849e-02 9.91544702e-01 -1.28938359e-01 2.93071250e-02 9.18595248e-02 1.27071514e-01 9.87631300e-01 1.73776786e-01
9.95759737e-01 -2.82540179e-02 -8.75508828e-02 -5.47965624e-02 1.66484951e-02 9.91301487e-01 -1.30556653e-01 3.07153111e-02 9.04780906e-02 1.28545436e-01 9.87568058e-01 1.73852181e-01
9.95801251e-01 -2.99273619e-02 -8.65163479e-02 -5.45431009e-02 1.82454730e-02 9.90976713e-01 -1.32789427e-01 3.23180944e-02 8.97097463e-02 1.30653313e-01 9.87361502e-01 1.73943614e-01
9.95814928e-01 -3.18599290e-02 -8.56646355e-02 -5.47241089e-02 2.00881464e-02 9.90652928e-01 -1.34922167e-01 3.38432118e-02 8.91625603e-02 1.32636634e-01 9.87146570e-01 1.73812205e-01
9.95603164e-01 -3.43022693e-02 -8.71698978e-02 -5.38011973e-02 2.20617958e-02 9.90230136e-01 -1.37689171e-01 3.57440986e-02 9.10413364e-02 1.35160611e-01 9.86632626e-01 1.73744976e-01
9.95395374e-01 -3.77328346e-02 -8.81202214e-02 -5.36305374e-02 2.50784074e-02 9.89759233e-01 -1.40529513e-01 3.76736360e-02 9.25204028e-02 1.37672479e-01 9.86147602e-01 1.75134212e-01
9.95118783e-01 -3.88021234e-02 -9.07407274e-02 -5.28720336e-02 2.56304086e-02 9.89526825e-01 -1.42057987e-01 3.84111911e-02 9.53025605e-02 1.39038809e-01 9.85690856e-01 1.75776171e-01
9.94859391e-01 -4.00279688e-02 -9.30234825e-02 -5.18405062e-02 2.63924269e-02 9.89307494e-01 -1.43439255e-01 3.93347289e-02 9.77704339e-02 1.40246738e-01 9.85277935e-01 1.76233106e-01
9.95152012e-01 -2.14336425e-02 -9.59891234e-02 -5.21899095e-02 7.32988239e-03 9.89414110e-01 -1.44937278e-01 3.38776075e-02 9.80795432e-02 1.43531003e-01 9.84774138e-01 1.74268395e-01
9.95708365e-01 -1.72196056e-02 -9.09345813e-02 -5.55985078e-02 3.87621316e-03 9.89436356e-01 -1.44918767e-01 3.35551638e-02 9.24694431e-02 1.43944319e-01 9.85256439e-01 1.73380528e-01
9.95669890e-01 -1.21279657e-02 -9.21696182e-02 -5.39564646e-02 -1.22408702e-03 9.89657876e-01 -1.43445593e-01 3.15814298e-02 9.29561058e-02 1.42937245e-01 9.85357310e-01 1.73569254e-01
9.95485581e-01 -1.00239034e-02 -9.43868596e-02 -5.19019260e-02 -3.46452670e-03 9.89908557e-01 -1.41668409e-01 3.03434568e-02 9.48544422e-02 1.41355826e-01 9.85404545e-01 1.75242095e-01
9.94820924e-01 -9.82294910e-03 -1.01172152e-01 -4.32228686e-02 -5.65739940e-03 9.88426729e-01 -1.51596713e-01 3.51753933e-02 1.01490394e-01 1.51383912e-01 9.83251529e-01 1.73613127e-01
9.94467090e-01 -9.27774267e-03 -1.04642960e-01 -3.92202277e-02 -6.85156139e-03 9.88244424e-01 -1.52732023e-01 3.59080965e-02 1.04829829e-01 1.52603893e-01 9.82712471e-01 1.72989758e-01
9.93956123e-01 -1.28381617e-02 -1.09029384e-01 -2.92906308e-02 -4.31061340e-03 9.87809478e-01 -1.55611436e-01 3.75881417e-02 1.09698020e-01 1.55140880e-01 9.81783413e-01 1.73760708e-01
9.93778418e-01 -1.63483261e-02 -1.10173276e-01 -1.88289154e-02 -1.02691243e-03 9.87782691e-01 -1.55837406e-01 3.85228564e-02 1.11374937e-01 1.54980950e-01 9.81619821e-01 1.73590918e-01
9.93131072e-01 -4.97424146e-02 -1.05912016e-01 2.45672473e-04 3.23509102e-02 9.86586391e-01 -1.60005421e-01 4.25510693e-02 1.12450415e-01 1.55479967e-01 9.81418252e-01 1.74502108e-01
9.92502472e-01 -6.06810494e-02 -1.06102096e-01 1.62893919e-02 4.29933660e-02 9.85906411e-01 -1.61682175e-01 4.54696114e-02 1.14417785e-01 1.55908227e-01 9.81122897e-01 1.74448992e-01
9.91628155e-01 -7.68558755e-02 -1.03767543e-01 3.13523208e-02 5.94391588e-02 9.85068464e-01 -1.61579966e-01 4.79715562e-02 1.14636508e-01 1.54059350e-01 9.81389364e-01 1.75594993e-01
9.90509521e-01 -8.90518827e-02 -1.04697291e-01 4.47641670e-02 7.13276602e-02 9.84162950e-01 -1.62285374e-01 5.11931360e-02 1.17491023e-01 1.53277362e-01 9.81174148e-01 1.74841926e-01
