1.00000000e+00 0.00000000e+00 0.00000000e+00 0.00000000e+00 0.00000000e+00 1.00000000e+00 0.00000000e+00 0.00000000e+00 0.00000000e+00 0.00000000e+00 1.00000000e+00 0.00000000e+00
9.99999330e-01 -5.08642379e-04 1.03304618e-03 -5.42016596e-04 5.09487498e-04 9.99999548e-01 -8.17956908e-04 3.69648683e-04 -1.03262966e-03 8.18482740e-04 9.99999158e-01 -1.79198428e-03
9.99997334e-01 -1.01643866e-03 2.06650684e-03 -1.08607205e-03 1.01981907e-03 9.99998168e-01 -1.63538643e-03 7.40486814e-04 -2.06484075e-03 1.63748966e-03 9.99996579e-01 -3.58310481e-03
9.99994359e-01 -1.52689954e-03 2.98236380e-03 -1.57898369e-03 1.53419235e-03 9.99995877e-01 -2.44454837e-03 1.11085676e-03 -2.97861874e-03 2.44911027e-03 9.99992645e-01 -5.38481020e-03
9.99990726e-01 -2.03314268e-03 3.79415448e-03 -2.02384401e-03 2.04544484e-03 9.99992666e-01 -3.24130520e-03 1.47558502e-03 -3.78753668e-03 3.24903598e-03 9.99987638e-01 -7.18737952e-03
9.99986466e-01 -2.52992755e-03 4.54652964e-03 -2.44022506e-03 2.54835333e-03 9.99988579e-01 -4.05146577e-03 1.84866075e-03 -4.53622760e-03 4.06299718e-03 9.99981590e-01 -8.96876102e-03
9.99980548e-01 -3.03767662e-03 5.44812905e-03 -2.93861877e-03 3.06420555e-03 9.99983503e-01 -4.86761933e-03 2.22723365e-03 -5.43325252e-03 4.88421890e-03 9.99973480e-01 -1.07404184e-02
9.99975173e-01 -3.53817040e-03 6.09772367e-03 -3.30233670e-03 3.57280951e-03 9.99977553e-01 -5.67914041e-03 2.60336304e-03 -6.07749240e-03 5.70078527e-03 9.99965506e-01 -1.25252491e-02
9.99967231e-01 -4.03034628e-03 7.02245921e-03 -3.82633066e-03 4.07595561e-03 9.99970698e-01 -6.49261295e-03 2.98179034e-03 -6.99608510e-03 6.52102351e-03 9.99954505e-01 -1.42670846e-02
9.99960436e-01 -4.50229353e-03 7.67724766e-03 -4.22311627e-03 4.55838887e-03 9.99963041e-01 -7.30491295e-03 3.36077102e-03 -7.64407391e-03 7.33961967e-03 9.99944140e-01 -1.60360413e-02
9.99950921e-01 -4.96696224e-03 8.57975798e-03 -4.75892904e-03 5.03672620e-03 9.99954411e-01 -8.12883492e-03 3.74605322e-03 -8.53898989e-03 8.17164961e-03 9.99930473e-01 -1.77557822e-02
9.99943574e-01 -5.42155863e-03 9.14602607e-03 -5.09010992e-03 5.50311173e-03 9.99945249e-01 -8.91526902e-03 4.11583407e-03 -9.09718965e-03 8.96509702e-03 9.99918758e-01 -1.95402224e-02
9.99932584e-01 -5.87971770e-03 1.00214928e-02 -5.58298659e-03 5.97697936e-03 9.99935189e-01 -9.70311452e-03 4.48825089e-03 -9.96379111e-03 9.76235850e-03 9.99902994e-01 -2.12813306e-02
9.99920213e-01 -6.34244976e-03 1.09335350e-02 -6.10420729e-03 6.45717622e-03 9.99924252e-01 -1.04898662e-02 4.85857551e-03 -1.08661752e-02 1.05596288e-02 9.99885483e-01 -2.30272261e-02
9.99907147e-01 -6.79546142e-03 1.18188674e-02 -6.62492510e-03 6.92908396e-03 9.99912280e-01 -1.13018953e-02 5.24521832e-03 -1.17410283e-02 1.13827403e-02 9.99866555e-01 -2.47702623e-02
9.99894474e-01 -7.25504392e-03 1.25934355e-02 -7.06356995e-03 7.40719290e-03 9.99899789e-01 -1.20772909e-02 5.61518103e-03 -1.25045516e-02 1.21692989e-02 9.99848029e-01 -2.65403585e-02
9.99881138e-01 -7.69761714e-03 1.33672879e-02 -7.51930195e-03 7.86969406e-03 9.99886385e-01 -1.28684236e-02 5.98977973e-03 -1.32667129e-02 1.29720908e-02 9.99828096e-01 -2.82914178e-02
9.99865885e-01 -8.13950273e-03 1.42203968e-02 -8.02533709e-03 8.33396254e-03 9.99871982e-01 -1.36693411e-02 6.36942041e-03 -1.41073154e-02 1.37860204e-02 9.99805668e-01 -3.00296373e-02
9.99850162e-01 -8.58208492e-03 1.50445958e-02 -8.52794949e-03 8.80036705e-03 9.99856257e-01 -1.45032894e-02 6.76826648e-03 -1.49179652e-02 1.46335138e-02 9.99781883e-01 -3.17536877e-02
9.99833433e-01 -9.03584562e-03 1.58702375e-02 -8.99109138e-03 9.27864098e-03 9.99840168e-01 -1.52922911e-02 7.14891539e-03 -1.57295231e-02 1.54369969e-02 9.99757364e-01 -3.34998470e-02
9.99815361e-01 -9.46509737e-03 1.67356561e-02 -9.49366729e-03 9.73447286e-03 9.99823338e-01 -1.60882960e-02 7.52958259e-03 -1.65804239e-02 1.62482373e-02 9.99730723e-01 -3.52344534e-02
9.99795646e-01 -9.88799651e-03 1.76461684e-02 -1.00339680e-02 1.01865720e-02 9.99805290e-01 -1.69111567e-02 7.92200737e-03 -1.74755161e-02 1.70874534e-02 9.99701507e-01 -3.69441975e-02
9.99776417e-01 -1.03148259e-02 1.84743172e-02 -1.05420545e-02 1.06429920e-02 9.99785941e-01 -1.77539390e-02 8.32801925e-03 -1.82872348e-02 1.79465891e-02 9.99671950e-01 -3.86542695e-02
9.99758414e-01 -1.07384269e-02 1.91936452e-02 -1.09675713e-02 1.10948981e-02 9.99766374e-01 -1.85633172e-02 8.71947802e-03 -1.89898202e-02 1.87717819e-02 9.99643705e-01 -4.03873911e-02
9.99740628e-01 -1.11472233e-02 1.98769013e-02 -1.13937682e-02 1.15329086e-02 9.99745648e-01 -1.93957459e-02 9.11760455e-03 -1.96556365e-02 1.96199508e-02 9.99614563e-01 -4.21052873e-02
9.99723768e-01 -1.15633162e-02 2.04794976e-02 -1.18015079e-02 1.19782919e-02 9.99723326e-01 -2.02575130e-02 9.53060654e-03 -2.02395876e-02 2.04972233e-02 9.99585289e-01 -4.38072910e-02
9.99704402e-01 -1.19841031e-02 2.11725574e-02 -1.22393490e-02 1.24316201e-02 9.99699717e-01 -2.11329619e-02 9.95049710e-03 -2.09129389e-02 2.13899203e-02 9.99552755e-01 -4.54911585e-02
9.99685968e-01 -1.24007263e-02 2.17946830e-02 -1.26620569e-02 1.28805546e-02 9.99675042e-01 -2.20150858e-02 1.03750354e-02 -2.15145953e-02 2.22888959e-02 9.99520357e-01 -4.71792474e-02
9.99670056e-01 -1.28164477e-02 2.22800647e-02 -1.30022958e-02 1.33260767e-02 9.99649836e-01 -2.28777611e-02 1.07951817e-02 -2.19790496e-02 2.31671138e-02 9.99490268e-01 -4.88817250e-02
9.99651284e-01 -1.32456712e-02 2.28650432e-02 -1.33960007e-02 1.37887491e-02 9.99623034e-01 -2.37594502e-02 1.12237608e-02 -2.25417110e-02 2.40664394e-02 9.99456522e-01 -5.05581598e-02
9.99632632e-01 -1.36593854e-02 2.34322061e-02 -1.37936360e-02 1.42368064e-02 9.99595101e-01 -2.46549220e-02 1.16573275e-02 -2.30859436e-02 2.49794567e-02 9.99421730e-01 -5.22227766e-02
9.99614060e-01 -1.40837756e-02 2.39672755e-02 -1.41691021e-02 1.46953320e-02 9.99566429e-01 -2.55343992e-02 1.20909139e-02 -2.35972580e-02 2.58767441e-02 9.99386964e-01 -5.39037932e-02
9.99597625e-01 -1.45123667e-02 2.43929297e-02 -1.44895871e-02 1.51560263e-02 9.99536770e-01 -2.64127443e-02 1.25234184e-02 -2.39983121e-02 2.67718097e-02 9.99353837e-01 -5.55915327e-02
9.99577684e-01 -1.49471112e-02 2.49410171e-02 -1.48656161e-02 1.56272395e-02 9.99505671e-01 -2.73011710e-02 1.29605832e-02 -2.45206066e-02 2.76793945e-02 9.99316423e-01 -5.72561089e-02
9.99557257e-01 -1.53737018e-02 2.54939445e-02 -1.52464354e-02 1.60913474e-02 9.99473734e-01 -2.81876624e-02 1.34002917e-02 -2.50471701e-02 2.85854092e-02 9.99277847e-01 -5.89214828e-02
9.99538774e-01 -1.57994322e-02 2.59555801e-02 -1.55960739e-02 1.65527280e-02 9.99441002e-01 -2.90687415e-02 1.38394352e-02 -2.54817908e-02 2.94849629e-02 9.99240761e-01 -6.05973300e-02
9.99521607e-01 -1.62317726e-02 2.63471191e-02 -1.59039790e-02 1.70193347e-02 9.99407242e-01 -2.99480862e-02 1.42805324e-02 -2.58453790e-02 3.03821626e-02 9.99204559e-01 -6.22815723e-02
9.99501641e-01 -1.66745753e-02 2.68245308e-02 -1.62510263e-02 1.74999173e-02 9.99372043e-01 -3.08335668e-02 1.47239942e-02 -2.62935361e-02 3.12876192e-02 9.99164953e-01 -6.39494419e-02
9.99481160e-01 -1.71082665e-02 2.73109819e-02 -1.66044977e-02 1.79727132e-02 9.99335717e-01 -3.17268274e-02 1.51727211e-02 -2.67500343e-02 3.22012089e-02 9.99123828e-01 -6.56151560e-02
9.99462804e-01 -1.75397568e-02 2.77062739e-02 -1.69278140e-02 1.84409779e-02 9.99298646e-01 -3.26143357e-02 1.56223889e-02 -2.71147789e-02 3.31077364e-02 9.99084371e-01 -6.72941872e-02
9.99442439e-01 -1.79732071e-02 2.81607118e-02 -1.72671335e-02 1.89140564e-02 9.99260268e-01 -3.35078136e-02 1.60705962e-02 -2.75376209e-02 3.40217521e-02 9.99042131e-01 -6.89557457e-02
9.99421429e-01 -1.84006409e-02 2.86276691e-02 -1.76349957e-02 1.93829488e-02 9.99220185e-01 -3.44228667e-02 1.65333537e-02 -2.79719256e-02 3.49578251e-02 9.98997757e-01 -7.06151575e-02
9.99399144e-01 -1.88468204e-02 2.91119033e-02 -1.79698152e-02 1.98713937e-02 9.99179457e-01 -3.53155179e-02 1.69871099e-02 -2.84224130e-02 3.58727767e-02 9.98952624e-01 -7.22835727e-02
9.99375397e-01 -1.92825328e-02 2.96371144e-02 -1.83404306e-02 2.03517821e-02 9.99137781e-01 -3.62102669e-02 1.74390712e-02 -2.89133166e-02 3.67908020e-02 9.98905144e-01 -7.39464249e-02
9.99348003e-01 -1.97230570e-02 3.02643785e-02 -1.87726475e-02 2.08419388e-02 9.99094618e-01 -3.71114360e-02 1.78941168e-02 -2.95050078e-02 3.77179914e-02 9.98853253e-01 -7.55907055e-02
9.99319616e-01 -2.01655624e-02 3.09031932e-02 -1.92180078e-02 2.13362469e-02 9.99049517e-01 -3.80329323e-02 1.83623513e-02 -3.01068464e-02 3.86663972e-02 9.98798995e-01 -7.72228321e-02
9.99289562e-01 -2.06219898e-02 3.15658351e-02 -1.96430448e-02 2.18459642e-02 9.99003765e-01 -3.89346255e-02 1.88208823e-02 -3.07314599e-02 3.95965360e-02 9.98743498e-01 -7.88659360e-02
9.99255237e-01 -2.10584855e-02 3.23547787e-02 -2.01375010e-02 2.23418800e-02 9.98957480e-01 -3.98307274e-02 1.92738127e-02 -3.14822538e-02 4.05239134e-02 9.98682915e-01 -8.05044127e-02
9.99217391e-01 -2.14981161e-02 3.32230015e-02 -2.06910248e-02 2.28455726e-02 9.98910027e-01 -4.07252532e-02 1.97253255e-02 -3.23112526e-02 4.14523629e-02 9.98618326e-01 -8.21131848e-02
9.99178733e-01 -2.19391958e-02 3.40863876e-02 -2.12480163e-02 2.33519474e-02 9.98861595e-01 -4.16164499e-02 2.01805523e-02 -3.31345305e-02 4.23782372e-02 9.98552487e-01 -8.37312057e-02
9.99140555e-01 -2.23861903e-02 3.49045538e-02 -2.17483654e-02 2.38633396e-02 9.98812585e-01 -4.24938482e-02 2.06304847e-02 -3.39118088e-02 4.32902491e-02 9.98487262e-01 -8.53522611e-02
9.99098084e-01 -2.28258051e-02 3.58240131e-02 -2.23122738e-02 2.43726592e-02 9.98763365e-01 -4.33537968e-02 2.10739794e-02 -3.47901002e-02 4.41878026e-02 9.98417766e-01 -8.69867968e-02
9.99053745e-01 -2.32562442e-02 3.67711477e-02 -2.29043619e-02 2.48756069e-02 9.98713346e-01 -4.42128293e-02 2.15168933e-02 -3.56955822e-02 4.50856782e-02 9.98345673e-01 -8.86065546e-02
9.99006359e-01 -2.36879181e-02 3.77697141e-02 -2.35248214e-02 2.53839545e-02 9.98661986e-01 -4.50763133e-02 2.19688675e-02 -3.66513815e-02 4.59902483e-02 9.98269798e-01 -9.02293033e-02
9.98959493e-01 -2.41298136e-02 3.87174854e-02 -2.40875858e-02 2.59009041e-02 9.98610537e-01 -4.59141028e-02 2.24094430e-02 -3.75557578e-02 4.68691269e-02 9.98195277e-01 -9.18685659e-02
9.98909420e-01 -2.45590820e-02 3.97263291e-02 -2.47210634e-02 2.64103352e-02 9.98557649e-01 -4.67671256e-02 2.28553629e-02 -3.85204363e-02 4.77652881e-02 9.98116050e-01 -9.34899021e-02
9.98863019e-01 -2.49872291e-02 4.06158848e-02 -2.52742168e-02 2.69139990e-02 9.98504568e-01 -4.76057328e-02 2.32999500e-02 -3.93655754e-02 4.86447229e-02 9.98040565e-01 -9.51458458e-02
9.98815437e-01 -2.54061787e-02 4.15158507e-02 -2.58388428e-02 2.74103564e-02 9.98450883e-01 -4.84412379e-02 2.37445400e-02 -4.02207953e-02 4.95218031e-02 9.97963287e-01 -9.68071782e-02
9.98771118e-01 -2.58191391e-02 4.23197588e-02 -2.63675386e-02 2.78972550e-02 9.98396680e-01 -4.92735179e-02 2.41901794e-02 -4.09796708e-02 5.03935541e-02 9.97888755e-01 -9.84801161e-02
9.98848823e-01 -2.57063712e-02 4.05152785e-02 -2.54531841e-02 2.77492416e-02 9.98329703e-01 -5.06939397e-02 2.47796087e-02 -3.91444140e-02 5.17598337e-02 9.97892488e-01 -9.74412111e-02
9.98941379e-01 -2.55662176e-02 3.82587321e-02 -2.42992725e-02 2.75488076e-02 9.98256380e-01 -5.22238989e-02 2.53641343e-02 -3.68568247e-02 5.32225791e-02 9.97902637e-01 -9.52824021e-02
9.99040275e-01 -2.55055998e-02 3.56262988e-02 -2.29900022e-02 2.74034957e-02 9.98174435e-01 -5.38415205e-02 2.59624018e-02 -3.41879730e-02 5.47661138e-02 9.97914118e-01 -9.29070725e-02
9.99129098e-01 -2.54272144e-02 3.31017013e-02 -2.17529684e-02 2.72351997e-02 9.98095660e-01 -5.53658914e-02 2.65118678e-02 -3.16308392e-02 5.62191849e-02 9.97917647e-01 -9.06041460e-02
9.99229426e-01 -2.52240527e-02 3.00919332e-02 -2.02851666e-02 2.69021584e-02 9.98028052e-01 -5.67305860e-02 2.69599017e-02 -2.86015967e-02 5.74963859e-02 9.97936319e-01 -8.81268096e-02
9.99306211e-01 -2.48858981e-02 2.77315662e-02 -1.91103069e-02 2.64612938e-02 9.97968631e-01 -5.79703097e-02 2.73309680e-02 -2.62325703e-02 5.86638791e-02 9.97933479e-01 -8.56774654e-02
9.99402665e-01 -2.46830896e-02 2.42134966e-02 -1.74930153e-02 2.60843559e-02 9.97896031e-01 -5.93732434e-02 2.77822840e-02 -2.26970232e-02 5.99693442e-02 9.97942538e-01 -8.33772278e-02
9.99474990e-01 -2.45715108e-02 2.11482100e-02 -1.61032300e-02 2.58188972e-02 9.97811808e-01 -6.08851998e-02 2.82836752e-02 -1.96058830e-02 6.13992272e-02 9.97921104e-01 -8.12474136e-02
9.99525753e-01 -2.45070516e-02 1.86808009e-02 -1.49558490e-02 2.56301527e-02 9.97719138e-01 -6.24628475e-02 2.88420565e-02 -1.71074067e-02 6.29119814e-02 9.97872842e-01 -7.93712075e-02
9.99568708e-01 -2.45791734e-02 1.61098360e-02 -1.37123260e-02 2.55645213e-02 9.97615775e-01 -6.41183984e-02 2.94421236e-02 -1.44954474e-02 6.45025494e-02 9.97812626e-01 -7.76718150e-02
9.99607086e-01 -2.46784122e-02 1.33365121e-02 -1.24065266e-02 2.55031984e-02 9.97514930e-01 -6.56923376e-02 3.00499359e-02 -1.16821890e-02 6.60066149e-02 9.97751145e-01 -7.60617368e-02
9.99634106e-01 -2.48151031e-02 1.08202107e-02 -1.12010266e-02 2.54884808e-02 9.97406795e-01 -6.73199836e-02 3.06762957e-02 -9.12160373e-03 6.75711039e-02 9.97673147e-01 -7.44306817e-02
9.99655172e-01 -2.50448703e-02 7.96145404e-03 -9.84277577e-03 2.55348488e-02 9.97294063e-01 -6.89519046e-02 3.12858028e-02 -6.21302747e-03 6.91313863e-02 9.97588544e-01 -7.26563126e-02
9.99680686e-01 -2.49119403e-02 4.36463654e-03 -8.35320598e-03 2.51574002e-02 9.97206226e-01 -7.03465535e-02 3.17810519e-02 -2.59998597e-03 7.04338524e-02 9.97513397e-01 -7.00770864e-02
9.99692433e-01 -2.48013686e-02 1.00937236e-03 -6.89547322e-03 2.48099087e-02 9.97119844e-01 -7.16815119e-02 3.22296662e-02 7.71318320e-04 7.16844670e-02 9.97427368e-01 -6.79310032e-02
9.99695348e-01 -2.45770047e-02 -2.48655540e-03 -5.43346399e-03 2.43303017e-02 9.97040509e-01 -7.29384452e-02 3.26331222e-02 4.27178499e-03 7.28556866e-02 9.97333661e-01 -6.58091457e-02
9.99681652e-01 -2.44325328e-02 -6.37455403e-03 -3.90661356e-03 2.38920909e-02 9.96951455e-01 -7.42877152e-02 3.30851049e-02 8.17013377e-03 7.41117232e-02 9.97216781e-01 -6.37294096e-02
9.99649991e-01 -2.41891803e-02 -1.07628410e-02 -2.23430356e-03 2.33074994e-02 9.96864493e-01 -7.56287597e-02 3.35535430e-02 1.25584623e-02 7.53513902e-02 9.97078275e-01 -6.18095860e-02
9.99602017e-01 -2.40024288e-02 -1.48570821e-02 -6.69926020e-04 2.27904343e-02 9.96773452e-01 -7.69739105e-02 3.40022492e-02 1.66566726e-02 7.66046299e-02 9.96922724e-01 -5.98016856e-02
9.99539698e-01 -2.38837715e-02 -1.87340521e-02 7.99235958e-04 2.23481260e-02 9.96681125e-01 -7.82880303e-02 3.44398420e-02 2.05416516e-02 7.78332763e-02 9.96755074e-01 -5.77387032e-02
9.99462999e-01 -2.36562459e-02 -2.26978897e-02 2.26086803e-03 2.17831479e-02 9.96598350e-01 -7.94924883e-02 3.48618709e-02 2.45011291e-02 7.89553184e-02 9.96577392e-01 -5.57464921e-02
9.99369275e-01 -2.33312415e-02 -2.67924342e-02 3.76172989e-03 2.10998315e-02 9.96512384e-01 -8.07442944e-02 3.52842312e-02 2.85828094e-02 8.01279962e-02 9.96375059e-01 -5.37307020e-02
9.99263518e-01 -2.30615906e-02 -3.06876326e-02 5.22325272e-03 2.04809596e-02 9.96430807e-01 -8.19024151e-02 3.56305840e-02 3.24668493e-02 8.12135281e-02 9.96168164e-01 -5.16601037e-02
9.99145660e-01 -2.28036891e-02 -3.44827552e-02 6.58922887e-03 1.98755799e-02 9.96352676e-01 -8.29951865e-02 3.59353827e-02 3.62495230e-02 8.22388643e-02 9.95953543e-01 -4.96294572e-02
9.99008831e-01 -2.26879023e-02 -3.83110712e-02 7.88368931e-03 1.93984918e-02 9.96265183e-01 -8.41503056e-02 3.62835739e-02 4.00771164e-02 8.33236664e-02 9.95716705e-01 -4.72677127e-02
9.98865127e-01 -2.25019378e-02 -4.19898425e-02 9.10273192e-03 1.88530648e-02 9.96172951e-01 -8.53572537e-02 3.66475297e-02 4.37497807e-02 8.44686942e-02 9.95465584e-01 -4.48762795e-02
9.98720473e-01 -2.25004268e-02 -4.53013670e-02 1.02017163e-02 1.85147638e-02 9.96075973e-01 -8.65547039e-02 3.69500689e-02 4.70710487e-02 8.56051533e-02 9.95216992e-01 -4.24364435e-02
9.98559345e-01 -2.24599017e-02 -4.87426309e-02 1.13168865e-02 1.81219464e-02 9.95984601e-01 -8.76822167e-02 3.72074030e-02 5.05161650e-02 8.66725272e-02 9.94955691e-01 -4.02102171e-02
9.98376635e-01 -2.25466253e-02 -5.23144951e-02 1.25320176e-02 1.78310221e-02 9.95880397e-01 -8.89170428e-02 3.74904772e-02 5.41036740e-02 8.78398170e-02 9.94664694e-01 -3.74084701e-02
9.98184148e-01 -2.28074376e-02 -5.57610454e-02 1.36770241e-02 1.77114217e-02 9.95764017e-01 -9.02341567e-02 3.78460718e-02 5.75827657e-02 8.90826325e-02 9.94358791e-01 -3.53671352e-02
9.98021331e-01 -2.28646805e-02 -5.85806322e-02 1.45951596e-02 1.74522866e-02 9.95672170e-01 -9.12922286e-02 3.81216013e-02 6.04143801e-02 9.00891600e-02 9.94100087e-01 -3.34095189e-02
9.97866989e-01 -2.29560779e-02 -6.11188189e-02 1.54565830e-02 1.72415566e-02 9.95570273e-01 -9.24362242e-02 3.84316063e-02 6.29699586e-02 9.11852102e-02 9.93841492e-01 -3.14279257e-02
9.97700039e-01 -2.29387254e-02 -6.37918652e-02 1.63461697e-02 1.68971070e-02 9.95459469e-01 -9.36845259e-02 3.88012679e-02 6.56511254e-02 9.23910980e-02 9.93556542e-01 -2.94252618e-02
9.97536679e-01 -2.28638890e-02 -6.63229064e-02 1.71617892e-02 1.65028206e-02 9.95349033e-01 -9.49199092e-02 3.91808980e-02 6.81845823e-02 9.35915175e-02 9.93273503e-01 -2.74021345e-02
9.97380563e-01 -2.26543983e-02 -6.87006327e-02 1.78984303e-02 1.59887150e-02 9.95247338e-01 -9.60672471e-02 3.95134652e-02 7.05503718e-02 9.47171071e-02 9.93001544e-01 -2.54269407e-02
9.97207961e-01 -2.23606634e-02 -7.12545323e-02 1.87358226e-02 1.53551247e-02 9.95128751e-01 -9.73898800e-02 3.99339609e-02 7.30850371e-02 9.60237801e-02 9.92692671e-01 -2.35118410e-02
9.97035160e-01 -2.20185240e-02 -7.37359576e-02 1.95852327e-02 1.46578576e-02 9.94988626e-01 -9.89173280e-02 4.04387949e-02 7.55443495e-02 9.75431840e-02 9.92360363e-01 -2.16591179e-02
9.96842913e-01 -2.17307849e-02 -7.63728242e-02 2.04745826e-02 1.39786148e-02 9.94828585e-01 -1.00610464e-01 4.10056026e-02 7.81641089e-02 9.92251847e-02 9.91990617e-01 -1.97074473e-02
9.96611041e-01 -2.13738267e-02 -7.94377267e-02 2.14999342e-02 1.31602297e-02 9.94645046e-01 -1.02517068e-01 4.16900291e-02 8.12034207e-02 1.01124169e-01 9.91554563e-01 -1.76231348e-02
9.96365001e-01 -2.09072472e-02 -8.25858920e-02 2.28744518e-02 1.22573301e-02 9.94514239e-01 -1.03888953e-01 4.23513171e-02 8.43047723e-02 1.02498982e-01 9.91154466e-01 -1.77918952e-02
9.96116159e-01 -2.04537303e-02 -8.56444412e-02 2.42156153e-02 1.13671887e-02 9.94379669e-01 -1.05269105e-01 4.30129473e-02 8.73161320e-02 1.03886672e-01 9.90749144e-01 -1.79583370e-02
9.95858642e-01 -2.00074660e-02 -8.86907263e-02 2.55503909e-02 1.04772097e-02 9.94242806e-01 -1.06645196e-01 4.36725718e-02 9.03137115e-02 1.05274259e-01 9.90333862e-01 -1.81070476e-02
9.95584548e-01 -1.95522138e-02 -9.18145839e-02 2.69094302e-02 9.56045143e-03 9.94102665e-01 -1.08029133e-01 4.43351805e-02 9.33852174e-02 1.06674295e-01 9.89899110e-01 -1.82168073e-02
9.95293424e-01 -1.91255265e-02 -9.50058110e-02 2.83000429e-02 8.65587221e-03 9.93959670e-01 -1.09412771e-01 4.49991476e-02 9.65243991e-02 1.08075395e-01 9.89445954e-01 -1.83299069e-02
9.94995469e-01 -1.87192783e-02 -9.81549241e-02 2.96736300e-02 7.76431835e-03 9.93810614e-01 -1.10824146e-01 4.56733697e-02 9.96218313e-02 1.09507363e-01 9.88981340e-01 -1.84042836e-02
9.94694537e-01 -1.83120923e-02 -1.01233977e-01 3.10499584e-02 6.86980054e-03 9.93658253e-01 -1.12240852e-01 4.63428356e-02 1.02647210e-01 1.10949846e-01 9.88511121e-01 -1.84691752e-02
9.94274354e-01 -1.76372035e-02 -1.05395915e-01 3.40365732e-02 5.54765446e-03 9.93475915e-01 -1.13915476e-01 4.71991100e-02 1.06717319e-01 1.12678475e-01 9.87884363e-01 -1.86215731e-02
9.93838394e-01 -1.71448113e-02 -1.09508987e-01 3.70684901e-02 4.39600061e-03 9.93285478e-01 -1.15613869e-01 4.80554449e-02 1.10755724e-01 1.14420033e-01 9.87239491e-01 -1.86756357e-02
9.93347892e-01 -1.65487427e-02 -1.13960593e-01 4.01878222e-02 3.07502125e-03 9.93080216e-01 -1.17405883e-01 4.89530221e-02 1.15114782e-01 1.16274381e-01 9.86523950e-01 -1.87539819e-02
9.92856598e-01 -1.59121914e-02 -1.18252038e-01 4.33011843e-02 1.72861412e-03 9.92882915e-01 -1.19090196e-01 4.98059839e-02 1.19305259e-01 1.18034994e-01 9.85816771e-01 -1.91987124e-02
9.92320951e-01 -1.52004537e-02 -1.22756115e-01 4.64554560e-02 2.68118837e-04 9.92683506e-01 -1.20752938e-01 5.06621858e-02 1.23693317e-01 1.19792671e-01 9.85063640e-01 -1.98887923e-02
9.91734598e-01 -1.47664967e-02 -1.27457271e-01 4.97465257e-02 -9.37729937e-04 9.92495965e-01 -1.22281370e-01 5.14896499e-02 1.28306335e-01 1.21390101e-01 9.84277705e-01 -2.04899623e-02
9.91107313e-01 -1.43987000e-02 -1.32287355e-01 5.31373972e-02 -2.09842483e-03 9.92314773e-01 -1.23729049e-01 5.22862011e-02 1.33052070e-01 1.22906272e-01 9.83459141e-01 -2.09178077e-02
9.90510270e-01 -1.40321555e-02 -1.36724452e-01 5.64451829e-02 -3.20184186e-03 9.92149929e-01 -1.25021097e-01 5.30008398e-02 1.37405293e-01 1.24272355e-01 9.82688636e-01 -2.14741971e-02
9.89896170e-01 -1.35039557e-02 -1.41153207e-01 5.96936696e-02 -4.47937022e-03 9.91981086e-01 -1.26314964e-01 5.36903601e-02 1.41726875e-01 1.25670882e-01 9.81896700e-01 -2.18963832e-02
9.89284919e-01 -1.32002468e-02 -1.45403170e-01 6.28499988e-02 -5.53257090e-03 9.91800775e-01 -1.27681439e-01 5.43912077e-02 1.45896218e-01 1.27117681e-01 9.81099452e-01 -2.22476684e-02
9.88704205e-01 -1.28652311e-02 -1.49330029e-01 6.59326161e-02 -6.58960166e-03 9.91615925e-01 -1.29059878e-01 5.50900057e-02 1.49738226e-01 1.28585981e-01 9.80328937e-01 -2.25558932e-02
9.88106417e-01 -1.22042483e-02 -1.53289812e-01 6.90452484e-02 -7.95746955e-03 9.91453032e-01 -1.30228790e-01 5.56861545e-02 1.53568800e-01 1.29899607e-01 9.79562883e-01 -2.29567184e-02
9.87308922e-01 -1.17011239e-02 -1.58382937e-01 7.29052631e-02 -9.31555011e-03 9.91299137e-01 -1.31305942e-01 5.61803894e-02 1.58541092e-01 1.31114859e-01 9.78608371e-01 -2.30393271e-02
9.86663424e-01 -1.09973611e-02 -1.62404840e-01 7.60340818e-02 -1.07438288e-02 9.91140780e-01 -1.32388028e-01 5.67425606e-02 1.62421765e-01 1.32367182e-01 9.77803065e-01 -2.32958665e-02
9.86024158e-01 -1.04325889e-02 -1.66278332e-01 7.90643876e-02 -1.20310737e-02 9.90974262e-01 -1.33519121e-01 5.72754707e-02 1.66170275e-01 1.33653496e-01 9.76997908e-01 -2.35248743e-02
9.85208135e-01 -9.91312314e-03 -1.71077785e-01 8.23511457e-02 -1.34513337e-02 9.90772457e-01 -1.34874278e-01 5.79226599e-02 1.70835958e-01 1.35180370e-01 9.75982602e-01 -2.34820736e-02
9.84396330e-01 -9.61584182e-03 -1.75705049e-01 8.56787079e-02 -1.46253314e-02 9.90581163e-01 -1.36150752e-01 5.85542849e-02 1.75359095e-01 1.36595958e-01 9.74982743e-01 -2.35012170e-02
9.83560451e-01 -9.26482506e-03 -1.80343600e-01 8.89941479e-02 -1.58649240e-02 9.90389065e-01 -1.37403673e-01 5.91711768e-02 1.79883124e-01 1.38005874e-01 9.73959448e-01 -2.35042045e-02
9.82616826e-01 -9.06232854e-03 -1.85426008e-01 9.24459206e-02 -1.70671760e-02 9.90169385e-01 -1.38835511e-01 5.98651897e-02 1.84861091e-01 1.39586731e-01 9.72801352e-01 -2.35034812e-02
9.81568773e-01 -8.52297789e-03 -1.90921048e-01 9.60901252e-02 -1.86969599e-02 9.89931039e-01 -1.40317121e-01 6.05816361e-02 1.90194358e-01 1.41300468e-01 9.71524981e-01 -2.35124667e-02
9.80445243e-01 -7.79397853e-03 -1.96639584e-01 9.98751335e-02 -2.05329569e-02 9.89711227e-01 -1.41605298e-01 6.12155841e-02 1.95719829e-01 1.42873756e-01 9.70196547e-01 -2.33832173e-02
9.79353264e-01 -7.02989488e-03 -2.02035701e-01 1.03572460e-01 -2.23655930e-02 9.89493294e-01 -1.42845203e-01 6.18285981e-02 2.00916904e-01 1.44414491e-01 9.68905224e-01 -2.32862774e-02
9.78252074e-01 -6.49780598e-03 -2.07319210e-01 1.07236172e-01 -2.39904701e-02 9.89257788e-01 -1.44206189e-01 6.24671403e-02 2.06028906e-01 1.46043621e-01 9.67586583e-01 -2.31504702e-02
9.77023496e-01 -6.05458594e-03 -2.13046978e-01 1.11070890e-01 -2.56182672e-02 9.89014106e-01 -1.45590900e-01 6.31040490e-02 2.11587695e-01 1.47703553e-01 9.66133921e-01 -2.29348776e-02
9.75738150e-01 -5.53292235e-03 -2.18872043e-01 1.15069391e-01 -2.73346507e-02 9.88781320e-01 -1.46854261e-01 6.37037041e-02 2.17228859e-01 1.49274031e-01 9.64639437e-01 -2.27449550e-02
9.74371265e-01 -5.22813687e-03 -2.24886203e-01 1.19081789e-01 -2.88638513e-02 9.88560834e-01 -1.48041188e-01 6.42393798e-02 2.23087401e-01 1.50738093e-01 9.63073421e-01 -2.23765000e-02
9.72896085e-01 -4.71934874e-03 -2.31195670e-01 1.23319382e-01 -3.05971502e-02 9.88374951e-01 -1.48931492e-01 6.46863113e-02 2.29210594e-01 1.51968722e-01 9.61440790e-01 -2.20431770e-02
9.71059914e-01 -4.03562998e-03 -2.38802838e-01 1.28413640e-01 -3.26806610e-02 9.88208533e-01 -1.49591633e-01 6.50245641e-02 2.36590418e-01 1.53066606e-01 9.59476896e-01 -2.13323585e-02
9.69548675e-01 -3.66430664e-03 -2.44872154e-01 1.32657878e-01 -3.42523979e-02 9.88031925e-01 -1.50404213e-01 6.54764973e-02 2.42492347e-01 1.54211590e-01 9.57818675e-01 -2.10918084e-02
9.67939745e-01 -3.28461464e-03 -2.51161910e-01 1.37051899e-01 -3.59027874e-02 9.87839267e-01 -1.51282463e-01 6.59129006e-02 2.48604196e-01 1.55449647e-01 9.56050092e-01 -2.06313589e-02
9.66317669e-01 -2.54992186e-03 -2.57340510e-01 1.41427505e-01 -3.78413800e-02 9.87674962e-01 -1.51881546e-01 6.62731376e-02 2.54555753e-01 1.56503860e-01 9.54310415e-01 -2.02718215e-02
9.64804168e-01 -1.93130728e-03 -2.62963372e-01 1.45547738e-01 -3.96093649e-02 9.87498281e-01 -1.52578005e-01 6.66730595e-02 2.59970245e-01 1.57623619e-01 9.52665067e-01 -1.99255941e-02
9.63388188e-01 -1.29367112e-03 -2.68108342e-01 1.49519333e-01 -4.13214490e-02 9.87325087e-01 -1.53243477e-01 6.70598109e-02 2.64908017e-01 1.58711492e-01 9.51122968e-01 -1.96607901e-02
9.61996483e-01 -6.01130858e-04 -2.73062200e-01 1.53488028e-01 -4.29972558e-02 9.87189982e-01 -1.53652249e-01 6.73317105e-02 2.69656318e-01 1.59553762e-01 9.49646515e-01 -1.94381877e-02
9.60773816e-01 2.80028458e-04 -2.77334053e-01 1.57132232e-01 -4.48221485e-02 9.87010637e-01 -1.54281592e-01 6.76497936e-02 2.73688134e-01 1.60660327e-01 9.48305625e-01 -1.91397034e-02
9.59650848e-01 1.15913768e-03 -2.81192915e-01 1.60719278e-01 -4.65108800e-02 9.86872755e-01 -1.54663456e-01 6.78604000e-02 2.77322016e-01 1.61501360e-01 9.47106267e-01 -1.89876298e-02
9.58561866e-01 2.07285653e-03 -2.84877918e-01 1.64265630e-01 -4.81278966e-02 9.86779885e-01 -1.54761378e-01 6.79940416e-02 2.80790652e-01 1.62058838e-01 9.45988410e-01 -1.89308836e-02
9.57961720e-01 2.26514503e-03 -2.86888107e-01 1.66743217e-01 -4.85361580e-02 9.86835605e-01 -1.54277711e-01 6.80414975e-02 2.82761594e-01 1.61716495e-01 9.45459762e-01 -1.96207573e-02
9.58157990e-01 2.30178219e-03 -2.86231642e-01 1.66907130e-01 -4.83920235e-02 9.86877393e-01 -1.54055694e-01 6.82417279e-02 2.82120577e-01 1.61460929e-01 9.45694935e-01 -2.12233319e-02
9.58358462e-01 2.36599419e-03 -2.85559159e-01 1.67053492e-01 -4.82727880e-02 9.86918454e-01 -1.53830054e-01 6.84385294e-02 2.81459273e-01 1.61208980e-01 9.45934954e-01 -2.28191418e-02
9.58558017e-01 2.40841831e-03 -2.84888209e-01 1.67201023e-01 -4.81297900e-02 9.86961651e-01 -1.53597691e-01 6.86373291e-02 2.80803427e-01 1.60943819e-01 9.46175009e-01 -2.44326986e-02
9.58757029e-01 2.45294716e-03 -2.84217344e-01 1.67323343e-01 -4.79938500e-02 9.87002088e-01 -1.53380405e-01 6.88416599e-02 2.80146480e-01 1.60695140e-01 9.46412006e-01 -2.60536886e-02
9.59320455e-01 2.30400941e-03 -2.82311014e-01 1.67525721e-01 -4.72091116e-02 9.87197302e-01 -1.52364409e-01 6.91523593e-02 2.78345214e-01 1.59493863e-01 9.47146424e-01 -3.00427417e-02
9.59951870e-01 2.26267027e-03 -2.80156741e-01 1.67411593e-01 -4.64964269e-02 9.87387981e-01 -1.51344552e-01 6.93939503e-02 2.76280547e-01 1.58309694e-01 9.47949255e-01 -3.35248031e-02
9.60687986e-01 2.14942312e-03 -2.77622882e-01 1.67036858e-01 -4.56277558e-02 9.87596520e-01 -1.50244360e-01 6.96059923e-02 2.73856041e-01 1.57005188e-01 9.48869283e-01 -3.70930131e-02
9.61511112e-01 1.88924828e-03 -2.74760340e-01 1.66493344e-01 -4.45668813e-02 9.87808172e-01 -1.49167592e-01 6.98422484e-02 2.71128272e-01 1.55671442e-01 9.49871857e-01 -4.08013098e-02
9.62384068e-01 1.53158061e-03 -2.71689013e-01 1.65879768e-01 -4.33905915e-02 9.88016707e-01 -1.48129619e-01 7.00844287e-02 2.68205989e-01 1.54346274e-01 9.50917145e-01 -4.44961991e-02
9.63332495e-01 1.31215166e-03 -2.68307834e-01 1.65415115e-01 -4.22754868e-02 9.88240723e-01 -1.46952964e-01 7.03237408e-02 2.64959488e-01 1.52907359e-01 9.52059031e-01 -4.86776334e-02
9.64081564e-01 1.61003490e-03 -2.65601991e-01 1.65397701e-01 -4.16668811e-02 9.88518230e-01 -1.45250136e-01 7.03604957e-02 2.62318154e-01 1.51099736e-01 9.53078480e-01 -5.32884918e-02
9.64604651e-01 2.12533537e-03 -2.63692341e-01 1.65842542e-01 -4.13346656e-02 9.88826159e-01 -1.43235207e-01 7.02698846e-02 2.60441056e-01 1.49064930e-01 9.53913358e-01 -5.81174425e-02
9.65236333e-01 2.12387087e-03 -2.61370598e-01 1.66006769e-01 -4.05384111e-02 9.89084557e-01 -1.41670347e-01 7.03774555e-02 2.58216321e-01 1.47340873e-01 9.54785617e-01 -6.26275868e-02
9.65828468e-01 1.76784001e-03 -2.59176602e-01 1.66217104e-01 -3.93870015e-02 9.89364895e-01 -1.40028279e-01 7.04546312e-02 2.56172266e-01 1.45451450e-01 9.55625570e-01 -6.69913714e-02
9.66221069e-01 1.17368662e-03 -2.57712471e-01 1.66806095e-01 -3.81004516e-02 9.89652750e-01 -1.38339913e-01 7.05274540e-02 2.54883076e-01 1.43485869e-01 9.56267206e-01 -7.13951366e-02
9.66666453e-01 6.44529655e-04 -2.56038745e-01 1.67289898e-01 -3.68633768e-02 9.89929577e-01 -1.36684592e-01 7.06399423e-02 2.53371828e-01 1.41566834e-01 9.56954569e-01 -7.59845181e-02
9.67199728e-01 2.83067243e-04 -2.54017552e-01 1.67674489e-01 -3.58034101e-02 9.90169294e-01 -1.35222011e-01 7.07808295e-02 2.51481712e-01 1.39881354e-01 9.57700719e-01 -8.05929444e-02
9.67707912e-01 1.13186579e-06 -2.52074750e-01 1.68053167e-01 -3.48985060e-02 9.90371751e-01 -1.33969949e-01 7.09792257e-02 2.49647170e-01 1.38440778e-01 9.58389782e-01 -8.50677521e-02
9.68262299e-01 -2.67632891e-04 -2.49936690e-01 1.68477254e-01 -3.40214759e-02 9.90551656e-01 -1.32860919e-01 7.12715874e-02 2.47610373e-01 1.37147400e-01 9.59103870e-01 -9.00188934e-02
9.68897909e-01 -9.72810644e-04 -2.47459552e-01 1.68854791e-01 -3.26680612e-02 9.90738582e-01 -1.31802620e-01 7.16634638e-02 2.45295565e-01 1.35787273e-01 9.59891888e-01 -9.54003807e-02
9.69547160e-01 -1.51110438e-03 -2.44900859e-01 1.69059944e-01 -3.15659309e-02 9.90870010e-01 -1.31081485e-01 7.21361633e-02 2.42862603e-01 1.34820164e-01 9.60646617e-01 -1.00232951e-01
9.70170294e-01 -2.27533607e-03 -2.42414553e-01 1.69302233e-01 -3.02642050e-02 9.90997608e-01 -1.30422400e-01 7.26443456e-02 2.40528599e-01 1.33868385e-01 9.61366687e-01 -1.04925696e-01
9.70831346e-01 -3.07931184e-03 -2.39744668e-01 1.69495841e-01 -2.89032498e-02 9.91123652e-01 -1.29772072e-01 7.31654396e-02 2.38015812e-01 1.32916153e-01 9.62123968e-01 -1.09658207e-01
9.71491856e-01 -3.45069649e-03 -2.37048873e-01 1.69592204e-01 -2.80365875e-02 9.91206220e-01 -1.29330590e-01 7.37409277e-02 2.35410201e-01 1.32289610e-01 9.62851106e-01 -1.14403300e-01
9.72131346e-01 -3.91774591e-03 -2.34405197e-01 1.69681800e-01 -2.71089021e-02 9.91275803e-01 -1.28994498e-01 7.43314422e-02 2.32865185e-01 1.31754019e-01 9.63543135e-01 -1.19067032e-01
9.72672881e-01 -4.48784802e-03 -2.32137581e-01 1.69946998e-01 -2.61186140e-02 9.91353087e-01 -1.28604386e-01 7.48808601e-02 2.30707077e-01 1.31153063e-01 9.64144113e-01 -1.23543924e-01
9.73118497e-01 -5.11250734e-03 -2.30249510e-01 1.70328253e-01 -2.51148644e-02 9.91436747e-01 -1.28158655e-01 7.53614957e-02 2.28932655e-01 1.30496192e-01 9.64656086e-01 -1.27691987e-01
9.73623883e-01 -5.94925591e-03 -2.28082843e-01 1.70587990e-01 -2.38699336e-02 9.91519380e-01 -1.27756831e-01 7.58581732e-02 2.26908231e-01 1.29831368e-01 9.65223973e-01 -1.31798448e-01
9.74120653e-01 -6.73862394e-03 -2.25929704e-01 1.70813595e-01 -2.27132521e-02 9.91578917e-01 -1.27505702e-01 7.64024240e-02 2.24885955e-01 1.29337482e-01 9.65763424e-01 -1.35848284e-01
9.74580639e-01 -7.42777867e-03 -2.23915410e-01 1.71070893e-01 -2.16873739e-02 9.91629905e-01 -1.27287815e-01 7.69252559e-02 2.22986284e-01 1.28908322e-01 9.66261189e-01 -1.39761613e-01
9.74942639e-01 -8.16017492e-03 -2.22308248e-01 1.71588311e-01 -2.06933344e-02 9.91668503e-01 -1.27152295e-01 7.75051978e-02 2.21493282e-01 1.28566436e-01 9.66650045e-01 -1.43770901e-01
9.75322404e-01 -8.78298240e-03 -2.20612077e-01 1.72024532e-01 -1.98529659e-02 9.91673129e-01 -1.27250024e-01 7.81458153e-02 2.19892315e-01 1.28489552e-01 9.67025681e-01 -1.47733640e-01
9.75678005e-01 -9.69222634e-03 -2.18995721e-01 1.72534950e-01 -1.87445029e-02 9.91675394e-01 -1.27400402e-01 7.88179331e-02 2.18407078e-01 1.28406685e-01 9.67373207e-01 -1.51700569e-01
9.76063171e-01 -1.05117614e-02 -2.17234341e-01 1.72915439e-01 -1.77285965e-02 9.91662893e-01 -1.27642595e-01 7.94934234e-02 2.16764612e-01 1.28438449e-01 9.67738313e-01 -1.55398633e-01
9.76521288e-01 -1.18695198e-02 -2.15094803e-01 1.73223867e-01 -1.60231821e-02 9.91714063e-01 -1.27470068e-01 8.01199874e-02 2.14825189e-01 1.27923698e-01 9.68238789e-01 -1.59803910e-01
9.77073464e-01 -1.26610382e-02 -2.12526878e-01 1.73117979e-01 -1.48764155e-02 9.91731415e-01 -1.27474229e-01 8.08210382e-02 2.12383180e-01 1.27713284e-01 9.68805135e-01 -1.64172895e-01
9.77503609e-01 -1.33709164e-02 -2.10495731e-01 1.73333449e-01 -1.38754395e-02 9.91751358e-01 -1.27432108e-01 8.15095679e-02 2.10462957e-01 1.27486030e-01 9.69253997e-01 -1.68315056e-01
9.77897076e-01 -1.40952940e-02 -2.08612505e-01 1.73597642e-01 -1.28806812e-02 9.91770121e-01 -1.27390584e-01 8.22159773e-02 2.08690906e-01 1.27261918e-01 9.69666511e-01 -1.72675305e-01
9.78155051e-01 -1.47438171e-02 -2.07354446e-01 1.74303806e-01 -1.20297967e-02 9.91796359e-01 -1.27269359e-01 8.29436451e-02 2.07529476e-01 1.26983565e-01 9.69952223e-01 -1.77227377e-01
9.78281344e-01 -1.50223091e-02 -2.06737687e-01 1.75349113e-01 -1.16387494e-02 9.91817170e-01 -1.27143490e-01 8.36191001e-02 2.06955635e-01 1.26788244e-01 9.70100341e-01 -1.81593080e-01
9.78236097e-01 -1.51618122e-02 -2.06941330e-01 1.76808284e-01 -1.14943202e-02 9.91836812e-01 -1.27003136e-01 8.43200373e-02 2.07177289e-01 1.26617679e-01 9.70075275e-01 -1.86105808e-01
9.78149318e-01 -1.51389174e-02 -2.07352659e-01 1.78391759e-01 -1.15500279e-02 9.91849287e-01 -1.26900571e-01 8.50302572e-02 2.07583389e-01 1.26522620e-01 9.70000826e-01 -1.90823360e-01
9.78063109e-01 -1.48186688e-02 -2.07782212e-01 1.80065580e-01 -1.18817729e-02 9.91875074e-01 -1.26668136e-01 8.56538347e-02 2.07970724e-01 1.26358230e-01 9.69939284e-01 -1.95588580e-01
9.77770299e-01 -1.41027075e-02 -2.09205413e-01 1.82339154e-01 -1.28065587e-02 9.91857427e-01 -1.26716324e-01 8.63692143e-02 2.09288660e-01 1.26578634e-01 9.69627025e-01 -2.00411918e-01
9.77314099e-01 -1.30985877e-02 -2.11391023e-01 1.85002817e-01 -1.41023880e-02 9.91847380e-01 -1.26657482e-01 8.69983380e-02 2.11326338e-01 1.26765235e-01 9.69160578e-01 -2.04975625e-01
9.77063398e-01 -1.20934050e-02 -2.12606336e-01 1.86923788e-01 -1.52310404e-02 9.91861574e-01 -1.26415176e-01 8.73642913e-02 2.12404526e-01 1.26753830e-01 9.68926322e-01 -2.08515494e-01
9.77042275e-01 -1.17325131e-02 -2.12723502e-01 1.87649016e-01 -1.58607717e-02 9.91707021e-01 -1.27545156e-01 8.80353486e-02 2.12455495e-01 1.27990941e-01 9.68752499e-01 -2.09924645e-01
9.77004362e-01 -1.13782062e-02 -2.12916639e-01 1.88421341e-01 -1.64979621e-02 9.91548457e-01 -1.28691752e-01 8.87090806e-02 2.12581133e-01 1.29245071e-01 9.68558371e-01 -2.11273550e-01
9.76960914e-01 -1.10198985e-02 -2.13134547e-01 1.89196566e-01 -1.71455991e-02 9.91386447e-01 -1.29850142e-01 8.93861004e-02 2.12729310e-01 1.30512816e-01 9.68355816e-01 -2.12607286e-01
9.76954114e-01 -1.06641443e-02 -2.13183740e-01 1.89857603e-01 -1.77666746e-02 9.91223755e-01 -1.31003292e-01 9.00638378e-02 2.12709509e-01 1.31771753e-01 9.68189632e-01 -2.13969304e-01
9.76911964e-01 -1.03122851e-02 -2.13393902e-01 1.90629403e-01 -1.84185712e-02 9.91051311e-01 -1.32212402e-01 9.07562327e-02 2.12847391e-01 1.33090276e-01 9.67978954e-01 -2.15230578e-01
9.78345730e-01 -1.00911477e-02 -2.06731961e-01 1.86632411e-01 -1.78474600e-02 9.90978597e-01 -1.32834281e-01 9.11847347e-02 2.06207081e-01 1.33647478e-01 9.69338576e-01 -2.17370376e-01
9.79622128e-01 -9.96156572e-03 -2.00602753e-01 1.82947039e-01 -1.72286449e-02 9.90921375e-01 -1.33341560e-01 9.15975161e-02 2.00109543e-01 1.34080448e-01 9.70555924e-01 -2.19629745e-01
9.80860689e-01 -9.85634273e-03 -1.94461685e-01 1.79336949e-01 -1.65415199e-02 9.90890337e-01 -1.33658592e-01 9.19842161e-02 1.94007301e-01 1.34317142e-01 9.71761403e-01 -2.22147408e-01
9.82102736e-01 -9.88089834e-03 -1.88087285e-01 1.75715981e-01 -1.57019656e-02 9.90852331e-01 -1.34041221e-01 9.23971651e-02 1.87690882e-01 1.34595574e-01 9.72962697e-01 -2.24592976e-01
9.83256558e-01 -9.94391593e-03 -1.81955737e-01 1.72207324e-01 -1.48865337e-02 9.90790397e-01 -1.34591049e-01 9.28857873e-02 1.81618070e-01 1.35046206e-01 9.74052185e-01 -2.27024169e-01
9.84358858e-01 -1.00351049e-02 -1.75889799e-01 1.68634868e-01 -1.40278805e-02 9.90742984e-01 -1.35031560e-01 9.33548752e-02 1.75616357e-01 1.35386850e-01 9.75104920e-01 -2.29520463e-01
9.85390811e-01 -1.01408717e-02 -1.70007081e-01 1.65206033e-01 -1.31793652e-02 9.90692797e-01 -1.35484412e-01 9.38184092e-02 1.69798448e-01 1.35745656e-01 9.76084988e-01 -2.31975085e-01
9.86410764e-01 -1.01774572e-02 -1.63983383e-01 1.61748064e-01 -1.23790451e-02 9.90639764e-01 -1.35946778e-01 9.42757771e-02 1.63831790e-01 1.36129293e-01 9.77050797e-01 -2.34363919e-01
9.87399857e-01 -1.02559850e-02 -1.57913468e-01 1.58349308e-01 -1.15132911e-02 9.90598044e-01 -1.36326411e-01 9.47013185e-02 1.57826674e-01 1.36426753e-01 9.77997345e-01 -2.36842145e-01
9.88300287e-01 -1.03929890e-02 -1.52167030e-01 1.55133382e-01 -1.06535630e-02 9.90535944e-01 -1.36846623e-01 9.51722872e-02 1.52148900e-01 1.36866654e-01 9.78835296e-01 -2.39159648e-01
9.89139079e-01 -1.04426975e-02 -1.46611925e-01 1.51941486e-01 -9.89115856e-03 9.90483714e-01 -1.37281113e-01 9.56284972e-02 1.46650059e-01 1.37240258e-01 9.79621918e-01 -2.41443823e-01
9.90014743e-01 -1.06341860e-02 -1.40562867e-01 1.48532250e-01 -8.91032650e-03 9.90436515e-01 -1.37688113e-01 9.60576343e-02 1.40682554e-01 1.37565707e-01 9.80451076e-01 -2.43706080e-01
9.90863982e-01 -1.07954440e-02 -1.34432956e-01 1.45076771e-01 -7.94354981e-03 9.90390000e-01 -1.38081265e-01 9.64830373e-02 1.34631467e-01 1.37887609e-01 9.81255115e-01 -2.45981228e-01
9.91708716e-01 -1.08430987e-02 -1.28048669e-01 1.41034485e-01 -7.01884085e-03 9.90377072e-01 -1.38223988e-01 9.67255901e-02 1.28315011e-01 1.37976666e-01 9.82088556e-01 -2.47934326e-01
9.92514588e-01 -1.10690695e-02 -1.21624062e-01 1.37391991e-01 -5.94606242e-03 9.90324119e-01 -1.38652792e-01 9.70954676e-02 1.21981779e-01 1.38338087e-01 9.82844436e-01 -2.49852831e-01
9.93284167e-01 -1.13122965e-02 -1.15146250e-01 1.33676646e-01 -4.86095969e-03 9.90250836e-01 -1.39217046e-01 9.75149698e-02 1.15598326e-01 1.38841799e-01 9.83544638e-01 -2.51744827e-01
9.94036240e-01 -1.15094535e-02 -1.08441289e-01 1.29831248e-01 -3.79090038e-03 9.90167532e-01 -1.39841339e-01 9.79350618e-02 1.08984337e-01 1.39418441e-01 9.84217944e-01 -2.53476079e-01
9.94690564e-01 -1.16034904e-02 -1.02254873e-01 1.26205270e-01 -2.88119057e-03 9.90094492e-01 -1.40379034e-01 9.83227538e-02 1.02870678e-01 1.39928309e-01 9.84803382e-01 -2.55186396e-01
9.95350293e-01 -1.15358127e-02 -9.56278388e-02 1.22361871e-01 -2.07307925e-03 9.90007580e-01 -1.41004725e-01 9.87421433e-02 9.62987027e-02 1.40547336e-01 9.85379601e-01 -2.56898478e-01
9.95995888e-01 -1.15236376e-02 -8.86530322e-02 1.18384003e-01 -1.14061283e-03 9.89939491e-01 -1.41492563e-01 9.91275696e-02 8.93914652e-02 1.41027126e-01 9.85961701e-01 -2.58753733e-01
9.96541015e-01 -1.14749081e-02 -8.23062958e-02 1.14619396e-01 -3.40696116e-04 9.89849182e-01 -1.42126937e-01 9.95467023e-02 8.31015407e-02 1.41663354e-01 9.86420591e-01 -2.60339326e-01
9.97087676e-01 -1.15668140e-02 -7.53815556e-02 1.10563044e-01 6.86538304e-04 9.89753545e-01 -1.42790262e-01 9.99542564e-02 7.62606217e-02 1.42322646e-01 9.86878195e-01 -2.61825979e-01
