1.00000000e+00 0.00000000e+00 0.00000000e+00 0.00000000e+00 0.00000000e+00 1.00000000e+00 0.00000000e+00 0.00000000e+00 0.00000000e+00 0.00000000e+00 1.00000000e+00 0.00000000e+00
9.99918475e-01 -9.56234988e-03 8.46629903e-03 -5.50651862e-03 9.59655207e-03 9.99945897e-01 -4.00842012e-03 2.41135227e-03 -8.42751024e-03 4.08934051e-03 9.99956121e-01 -2.68116468e-03
9.99189962e-01 -1.60598919e-02 3.68989696e-02 -3.12210867e-02 1.62370672e-02 9.99858002e-01 -4.50699799e-03 5.16329852e-03 -3.68213452e-02 5.10247821e-03 9.99308828e-01 -1.38176236e-02
9.96950437e-01 -2.56327023e-02 7.37072464e-02 -6.32731347e-02 2.62035301e-02 9.99633536e-01 -6.78782991e-03 9.98541909e-03 -7.35062421e-02 8.69852007e-03 9.97256796e-01 -2.67869490e-02
9.97176511e-01 -6.49116226e-03 7.48120236e-02 -6.66781999e-02 7.11839804e-03 9.99941619e-01 -8.12056293e-03 1.93298995e-02 -7.47549442e-02 8.63017644e-03 9.97164551e-01 -4.74398559e-02
9.97439273e-01 -6.57229467e-03 7.12156000e-02 -5.93213461e-02 7.16053389e-03 9.99942215e-01 -8.00783027e-03 2.55620826e-02 -7.11588562e-02 8.49726621e-03 9.97428751e-01 -6.44150068e-02
9.94274722e-01 1.57235441e-02 1.05691176e-01 -9.60418631e-02 -1.29851118e-02 9.99563150e-01 -2.65481579e-02 4.72510065e-02 -1.06062439e-01 2.50237510e-02 9.94044501e-01 -7.44886778e-02
9.90574548e-01 4.64780519e-02 1.28848404e-01 -1.22330399e-01 -3.85176326e-02 9.97231820e-01 -6.36003632e-02 8.05987947e-02 -1.31447745e-01 5.80379668e-02 9.89622713e-01 -9.19988844e-02
9.83712833e-01 8.93659437e-02 1.55957626e-01 -1.53134643e-01 -7.67565737e-02 9.93412126e-01 -8.50922205e-02 1.09336488e-01 -1.62534529e-01 7.17355380e-02 9.84091795e-01 -9.81414577e-02
9.75574975e-01 1.32871854e-01 1.74924353e-01 -1.65664079e-01 -1.13739583e-01 9.86805199e-01 -1.15233450e-01 1.44917560e-01 -1.87927529e-01 9.25230554e-02 9.77815337e-01 -9.73271115e-02
9.61762036e-01 1.87684013e-01 1.99470542e-01 -1.89165514e-01 -1.62460462e-01 9.77268699e-01 -1.36207523e-01 1.76979310e-01 -2.20500273e-01 9.85931589e-02 9.70391230e-01 -9.46201416e-02
9.44796574e-01 2.39190729e-01 2.23935743e-01 -2.11092080e-01 -2.07602409e-01 9.65750053e-01 -1.55653591e-01 2.09183533e-01 -2.53496852e-01 1.00571395e-01 9.62093962e-01 -9.16820020e-02
9.30981899e-01 2.73736516e-01 2.41538825e-01 -2.30666946e-01 -2.39800855e-01 9.57418924e-01 -1.60762037e-01 2.32895239e-01 -2.75260305e-01 9.17453420e-02 9.56982003e-01 -8.86423323e-02
9.19479226e-01 2.98934006e-01 2.55335848e-01 -2.48303300e-01 -2.66097460e-01 9.51317597e-01 -1.55521104e-01 2.51494765e-01 -2.89396068e-01 7.50542140e-02 9.54262410e-01 -8.48737476e-02
9.07992681e-01 3.21376464e-01 2.68824135e-01 -2.65535442e-01 -2.91547957e-01 9.45425358e-01 -1.45500653e-01 2.68382989e-01 -3.00913696e-01 5.37384074e-02 9.52136047e-01 -8.15163871e-02
8.98521247e-01 3.34709630e-01 2.83952484e-01 -2.79803417e-01 -3.09061549e-01 9.41810695e-01 -1.32186830e-01 2.82115798e-01 -3.11673754e-01 3.10138862e-02 9.49682842e-01 -7.48922088e-02
8.91385484e-01 3.41426433e-01 2.98093766e-01 -2.87250089e-01 -3.20470719e-01 9.39857121e-01 -1.18181498e-01 2.90655290e-01 -3.20515906e-01 9.81495317e-03 9.47192228e-01 -6.46645871e-02
8.83963424e-01 3.48948596e-01 3.11196940e-01 -2.93886745e-01 -3.32998628e-01 9.37078023e-01 -1.04864365e-01 2.97541409e-01 -3.28208137e-01 -1.09318896e-02 9.44542123e-01 -5.29389623e-02
8.72644725e-01 3.61599463e-01 3.28233205e-01 -3.04932900e-01 -3.51893278e-01 9.31627238e-01 -9.07834343e-02 3.02517395e-01 -3.38618306e-01 -3.62813725e-02 9.40224009e-01 -4.20061880e-02
8.57860722e-01 3.73318959e-01 3.53140102e-01 -3.20776137e-01 -3.69228706e-01 9.25740685e-01 -8.16950924e-02 3.07245508e-01 -3.57414585e-01 -6.03064523e-02 9.31996655e-01 -3.00085431e-02
8.47304617e-01 3.76101915e-01 3.74996267e-01 -3.31893881e-01 -3.75742293e-01 9.23500105e-01 -7.72329792e-02 3.10050424e-01 -3.75356686e-01 -7.54620975e-02 9.23803341e-01 -1.94636600e-02
8.42761399e-01 3.73886957e-01 3.87248822e-01 -3.38500070e-01 -3.77738444e-01 9.23308644e-01 -6.93862510e-02 3.08159427e-01 -3.83492911e-01 -8.78027209e-02 9.19360426e-01 -1.33669718e-02
8.53598314e-01 3.83652131e-01 3.52392981e-01 -3.17668379e-01 -3.92783225e-01 9.18357103e-01 -4.83853157e-02 2.96606516e-01 -3.42185858e-01 -9.71124375e-02 9.34600277e-01 -2.29973685e-02
8.67573112e-01 3.98110986e-01 2.98034282e-01 -2.78910232e-01 -4.05982706e-01 9.13094591e-01 -3.78930102e-02 2.89890094e-01 -2.87219248e-01 -8.81218141e-02 9.53802567e-01 -3.15394570e-02
8.78076931e-01 4.17690078e-01 2.33486148e-01 -2.35156614e-01 -4.22972244e-01 9.05662598e-01 -2.94843820e-02 2.83521852e-01 -2.23775109e-01 -7.28686086e-02 9.71912873e-01 -3.90221619e-02
8.86428518e-01 4.33303689e-01 1.62764446e-01 -1.88535702e-01 -4.35481529e-01 8.99878905e-01 -2.39465363e-02 2.76871628e-01 -1.56844494e-01 -4.96540207e-02 9.86374210e-01 -4.57522488e-02
8.90611133e-01 4.45830329e-01 8.97052356e-02 -1.40832937e-01 -4.46057411e-01 8.94810498e-01 -1.86168951e-02 2.68510483e-01 -8.85692279e-02 -2.34332653e-02 9.95794294e-01 -5.02428227e-02
8.90618409e-01 4.54212937e-01 2.21203804e-02 -9.68615999e-02 -4.54032301e-01 8.90891769e-01 -1.28886920e-02 2.58973428e-01 -2.55611276e-02 1.43554928e-03 9.99672172e-01 -4.98488387e-02
8.84518624e-01 4.64909041e-01 -3.85512376e-02 -6.15519419e-02 -4.65492643e-01 8.85021158e-01 -7.32840899e-03 2.49439254e-01 3.07115828e-02 2.44274471e-02 9.99229704e-01 -4.07643188e-02
8.76404786e-01 4.70773806e-01 -1.01422476e-01 -3.19449993e-02 -4.73029156e-01 8.81044182e-01 2.04628010e-03 2.37682135e-01 9.03209979e-02 4.61824392e-02 9.94841283e-01 -3.09907940e-02
8.54783296e-01 4.97259263e-01 -1.48588947e-01 -1.66348361e-02 -5.04447924e-01 8.63348681e-01 -1.26891325e-02 2.52795176e-01 1.21974266e-01 8.58018657e-02 9.88817650e-01 -5.30661505e-02
8.29028966e-01 5.35314674e-01 -1.61706979e-01 -2.70026978e-02 -5.44836992e-01 8.38349385e-01 -1.79638868e-02 2.61026788e-01 1.25950589e-01 1.02996549e-01 9.86675354e-01 -6.26387689e-02
8.20643519e-01 5.37864322e-01 -1.92992786e-01 -6.67378137e-03 -5.50426037e-01 8.34765450e-01 -1.40572781e-02 2.47811020e-01 1.53542790e-01 1.17764294e-01 9.81099489e-01 -4.88401008e-02
8.14658447e-01 5.35982152e-01 -2.21483018e-01 -1.70735442e-03 -5.52983513e-01 8.32994047e-01 -1.81624994e-02 2.46328294e-01 1.74759252e-01 1.37272719e-01 9.74995094e-01 -4.62241379e-02
8.08177463e-01 5.31024771e-01 -2.54680059e-01 7.06669774e-03 -5.53485030e-01 8.32610900e-01 -2.03276926e-02 2.40532550e-01 2.01254875e-01 1.57390012e-01 9.66811733e-01 -3.46761602e-02
7.93437997e-01 5.33723132e-01 -2.92567651e-01 1.63637288e-02 -5.64309733e-01 8.25183294e-01 -2.50381304e-02 2.34373011e-01 2.28058498e-01 1.84965017e-01 9.55916988e-01 -2.56228610e-02
7.84907784e-01 5.37881898e-01 -3.07575749e-01 7.33340714e-03 -5.74979556e-01 8.17282180e-01 -3.80543997e-02 2.36541212e-01 2.30907404e-01 2.06719008e-01 9.50762313e-01 -2.15934789e-02
7.76291772e-01 5.44013108e-01 -3.18466340e-01 -6.84783880e-03 -5.87438870e-01 8.07568449e-01 -5.24266402e-02 2.41727013e-01 2.28662587e-01 2.27777930e-01 9.46483257e-01 -2.08195526e-02
7.77418953e-01 5.42966671e-01 -3.17501165e-01 -2.78452932e-02 -5.90626270e-01 8.03757410e-01 -7.16549264e-02 2.52153876e-01 2.16287678e-01 2.43230469e-01 9.45546687e-01 -2.60156618e-02
7.80664412e-01 5.38125289e-01 -3.17780210e-01 -4.72397934e-02 -5.89792916e-01 8.02535842e-01 -8.98906348e-02 2.62607927e-01 2.06657585e-01 2.57598984e-01 9.43893718e-01 -3.00190857e-02
7.83561180e-01 5.35808003e-01 -3.14549872e-01 -6.60628490e-02 -5.90533817e-01 7.99622372e-01 -1.08966187e-01 2.73311701e-01 1.93136153e-01 2.71134072e-01 9.42965886e-01 -3.98185452e-02
7.89028003e-01 5.30078410e-01 -3.10566790e-01 -8.70005758e-02 -5.87434982e-01 7.98961371e-01 -1.28766202e-01 2.88441651e-01 1.79874662e-01 2.84037999e-01 9.41789532e-01 -4.89422986e-02
7.96622682e-01 5.23612941e-01 -3.02029448e-01 -1.12045966e-01 -5.81889805e-01 7.99579272e-01 -1.48583520e-01 3.05916824e-01 1.63696207e-01 2.94112924e-01 9.41648095e-01 -5.69681289e-02
8.00180520e-01 5.20987691e-01 -2.97124621e-01 -1.36076824e-01 -5.80461235e-01 7.97379167e-01 -1.65079123e-01 3.22982515e-01 1.50916759e-01 3.04562473e-01 9.40460481e-01 -6.35234150e-02
7.98706456e-01 5.27535616e-01 -2.89437939e-01 -1.59919478e-01 -5.87067617e-01 7.88690556e-01 -1.82534324e-01 3.40901818e-01 1.31983576e-01 3.15711017e-01 9.39631341e-01 -7.24686290e-02
7.99040585e-01 5.32262012e-01 -2.79698783e-01 -1.81518799e-01 -5.89865021e-01 7.84100830e-01 -1.92989760e-01 3.58357014e-01 1.16590896e-01 3.19191199e-01 9.40491208e-01 -8.42870568e-02
7.97719866e-01 5.37465983e-01 -2.73447268e-01 -2.07125681e-01 -5.94069317e-01 7.78301035e-01 -2.03295343e-01 3.77818454e-01 1.03559924e-01 3.24619376e-01 9.40158391e-01 -8.81706433e-02
7.96308807e-01 5.43031270e-01 -2.66475860e-01 -2.30435105e-01 -5.97955674e-01 7.73193978e-01 -2.11234223e-01 3.96644209e-01 9.13307061e-02 3.27548422e-01 9.40409981e-01 -9.39682230e-02
7.92247048e-01 5.51010288e-01 -2.62168608e-01 -2.51669055e-01 -6.04390026e-01 7.67736016e-01 -2.12823743e-01 4.13180810e-01 8.40081759e-02 3.27061060e-01 9.41261866e-01 -1.00194694e-01
7.89048716e-01 5.58524909e-01 -2.55836126e-01 -2.73353765e-01 -6.09689027e-01 7.63047188e-01 -2.14564949e-01 4.29600220e-01 7.53751288e-02 3.25282680e-01 9.42608073e-01 -1.06574574e-01
7.83501429e-01 5.67769972e-01 -2.52513098e-01 -2.93199372e-01 -6.17245865e-01 7.57971887e-01 -2.10917110e-01 4.44018459e-01 7.16453874e-02 3.21116529e-01 9.44325859e-01 -1.13683989e-01
7.76272446e-01 5.80048166e-01 -2.46871067e-01 -3.12565945e-01 -6.27147874e-01 7.50302286e-01 -2.09121703e-01 4.59490396e-01 6.39272272e-02 3.17160071e-01 9.46215096e-01 -1.23730194e-01
7.71023949e-01 5.91907388e-01 -2.34878350e-01 -3.35320274e-01 -6.34957128e-01 7.42668056e-01 -2.12775673e-01 4.77037337e-01 4.84931164e-02 3.13192823e-01 9.48450758e-01 -1.31585593e-01
7.67538967e-01 6.01405371e-01 -2.21800955e-01 -3.57684213e-01 -6.40228172e-01 7.36256649e-01 -2.19166484e-01 4.95833563e-01 3.14944882e-02 3.10222047e-01 9.50142372e-01 -1.39048163e-01
7.62429108e-01 6.12869259e-01 -2.07589349e-01 -3.80873756e-01 -6.46953904e-01 7.28122463e-01 -2.26469216e-01 5.14872435e-01 1.23544077e-02 3.06967466e-01 9.51639933e-01 -1.44434891e-01
7.59720023e-01 6.21599919e-01 -1.90890614e-01 -4.04951254e-01 -6.50170329e-01 7.21549777e-01 -2.38000924e-01 5.35322013e-01 -1.02043140e-02 3.04925503e-01 9.52321621e-01 -1.46798152e-01
7.60103507e-01 6.27025786e-01 -1.70533171e-01 -4.31670477e-01 -6.48715588e-01 7.17064469e-01 -2.54924821e-01 5.59100328e-01 -3.75611953e-02 3.04396822e-01 9.51804531e-01 -1.48260754e-01
7.57307447e-01 6.35852184e-01 -1.48921603e-01 -4.57301533e-01 -6.49385040e-01 7.09053520e-01 -2.74849406e-01 5.83471557e-01 -6.91702377e-02 3.04853030e-01 9.49884328e-01 -1.48929573e-01
7.54223466e-01 6.43592861e-01 -1.30136192e-01 -4.80298094e-01 -6.49540120e-01 7.02272227e-01 -2.91395588e-01 6.04639983e-01 -9.61491167e-02 3.04306141e-01 9.47709444e-01 -1.48385809e-01
7.49277264e-01 6.53504163e-01 -1.07312939e-01 -5.04216492e-01 -6.50000026e-01 6.94660593e-01 -3.08134085e-01 6.25143397e-01 -1.26820862e-01 3.00631351e-01 9.45271043e-01 -1.47407655e-01
7.42903112e-01 6.64324821e-01 -8.22660594e-02 -5.29617040e-01 -6.50016292e-01 6.86564290e-01 -3.25742717e-01 6.46521190e-01 -1.59918047e-01 2.95469627e-01 9.41872638e-01 -1.45585132e-01
7.34851232e-01 6.75859415e-01 -5.66386013e-02 -5.54935435e-01 -6.50175556e-01 6.78226539e-01 -3.42462448e-01 6.66409929e-01 -1.93042694e-01 2.88484035e-01 9.37822813e-01 -1.42131164e-01
7.25234034e-01 6.87822152e-01 -3.06023407e-02 -5.79325531e-01 -6.50550206e-01 6.70026480e-01 -3.57559755e-01 6.83084528e-01 -2.25433162e-01 2.79222900e-01 9.33388808e-01 -1.38065940e-01
7.15177143e-01 6.98929196e-01 -4.45244871e-03 -6.04875049e-01 -6.49667524e-01 6.62393965e-01 -3.73050063e-01 7.01002615e-01 -2.57786318e-01 2.69689538e-01 9.27800605e-01 -1.33386014e-01
7.04274296e-01 7.09673129e-01 1.90263814e-02 -6.29319598e-01 -6.49537729e-01 6.54950322e-01 -3.86187601e-01 7.16632606e-01 -2.86528292e-01 2.59623714e-01 9.22224089e-01 -1.28098943e-01
6.92457919e-01 7.20307870e-01 4.07293376e-02 -6.53264333e-01 -6.50010714e-01 6.47382136e-01 -3.97973020e-01 7.30979281e-01 -3.13030522e-01 2.49105139e-01 9.16492631e-01 -1.21579545e-01
6.79103859e-01 7.30621580e-01 7.07837629e-02 -6.81034191e-01 -6.46046274e-01 6.40688609e-01 -4.14900495e-01 7.48960970e-01 -3.48485576e-01 2.36031005e-01 9.07109392e-01 -1.16407171e-01
6.63954454e-01 7.43671536e-01 7.82135952e-02 -6.97514136e-01 -6.53651945e-01 6.28000945e-01 -4.22319802e-01 7.60272372e-01 -3.63185408e-01 2.29276701e-01 9.03066350e-01 -1.05667736e-01
6.69484480e-01 7.39732217e-01 6.77275756e-02 -6.80883486e-01 -6.56096432e-01 6.31608609e-01 -4.13047332e-01 7.55223075e-01 -3.48321733e-01 2.32093024e-01 9.08187765e-01 -1.20392397e-01
6.68785876e-01 7.39981111e-01 7.17887529e-02 -6.89721241e-01 -6.53874741e-01 6.31405840e-01 -4.16862721e-01 7.65207857e-01 -3.53798375e-01 2.31851110e-01 9.06130227e-01 -1.17756962e-01
6.58174567e-01 7.47134195e-01 9.27198671e-02 -7.16406040e-01 -6.49964163e-01 6.26041443e-01 -4.30834970e-01 7.82160911e-01 -3.79938011e-01 2.23300077e-01 8.97654983e-01 -1.06002040e-01
6.45789292e-01 7.55809872e-01 1.08203039e-01 -7.41087358e-01 -6.49253087e-01 6.18177114e-01 -4.43088685e-01 7.97643771e-01 -4.01779435e-01 2.15890820e-01 8.89924006e-01 -9.24133127e-02
6.34903717e-01 7.63033259e-01 1.21151942e-01 -7.65130829e-01 -6.47994682e-01 6.11316223e-01 -4.54307683e-01 8.13167912e-01 -4.20714023e-01 2.09935871e-01 8.82568365e-01 -7.75351329e-02
6.23412732e-01 7.70166060e-01 1.34911576e-01 -7.90927963e-01 -6.47615252e-01 6.05290092e-01 -4.62837478e-01 8.29734755e-01 -4.38122332e-01 2.01168036e-01 8.76116745e-01 -6.19770866e-02
6.12063027e-01 7.74796618e-01 1.58333351e-01 -8.21429825e-01 -6.42723811e-01 6.04027983e-01 -4.71228739e-01 8.43660242e-01 -4.60744168e-01 1.86657114e-01 8.67683321e-01 -4.34872771e-02
6.02155142e-01 7.76843610e-01 1.84183702e-01 -8.52448192e-01 -6.33329985e-01 6.05251201e-01 -4.82249296e-01 8.59767279e-01 -4.86109612e-01 1.73739873e-01 8.56453370e-01 -2.28762485e-02
5.96616453e-01 7.76464292e-01 2.02860459e-01 -8.77381868e-01 -6.24284232e-01 6.07877672e-01 -4.90667024e-01 8.72921978e-01 -5.04299720e-01 1.66097473e-01 8.47404179e-01 -5.46979719e-03
5.88457262e-01 7.78411007e-01 2.18620037e-01 -8.97382177e-01 -6.18426672e-01 6.07512426e-01 -4.98475006e-01 8.81378699e-01 -5.20832794e-01 1.58130800e-01 8.38885168e-01 1.18556834e-02
5.79869066e-01 7.79874480e-01 2.35686354e-01 -9.23529342e-01 -6.11332783e-01 6.07736410e-01 -5.06881585e-01 8.93305780e-01 -5.38539153e-01 1.49842181e-01 8.29170309e-01 3.27387892e-02
5.69449425e-01 7.82238121e-01 2.52648480e-01 -9.47571054e-01 -6.02970003e-01 6.06378593e-01 -5.18394075e-01 9.04918338e-01 -5.58708223e-01 1.42859777e-01 8.16967980e-01 5.43867595e-02
5.57195234e-01 7.85372872e-01 2.69672547e-01 -9.72480103e-01 -5.93305701e-01 6.03748364e-01 -5.32425102e-01 9.19975896e-01 -5.80966569e-01 1.36666492e-01 8.02371857e-01 7.81918237e-02
5.43636608e-01 7.90978846e-01 2.80735034e-01 -9.91949854e-01 -5.88954542e-01 5.97806105e-01 -5.43838851e-01 9.31989046e-01 -5.97990077e-01 1.30310567e-01 7.90839749e-01 9.79644456e-02
5.35769365e-01 7.90354056e-01 2.97139923e-01 -1.01396350e+00 -5.76123490e-01 5.99446472e-01 -5.55649141e-01 9.43004423e-01 -6.17278983e-01 1.26510525e-01 7.76506444e-01 1.22552968e-01
5.25199677e-01 7.92582032e-01 3.09805545e-01 -1.03461178e+00 -5.64261194e-01 5.96865030e-01 -5.70404886e-01 9.56004724e-01 -6.37004686e-01 1.24765247e-01 7.60696492e-01 1.47812562e-01
5.20210031e-01 7.91770338e-01 3.20127759e-01 -1.05283230e+00 -5.50594324e-01 5.97467035e-01 -5.82991747e-01 9.68210002e-01 -6.52861242e-01 1.27017663e-01 7.46752448e-01 1.70597950e-01
5.10621842e-01 7.93589277e-01 3.30880469e-01 -1.06965973e+00 -5.39694779e-01 5.95406709e-01 -5.95164432e-01 9.78088805e-01 -6.69324456e-01 1.25329536e-01 7.32323527e-01 1.92762263e-01
5.03744697e-01 7.92873749e-01 3.42918386e-01 -1.08893544e+00 -5.25243853e-01 5.96279684e-01 -6.07099480e-01 9.90954546e-01 -6.85828402e-01 1.25707402e-01 7.16824650e-01 2.14376156e-01
4.94096147e-01 7.92251270e-01 3.58060639e-01 -1.11151967e+00 -5.10989353e-01 5.97831770e-01 -6.17646645e-01 1.00400929e+00 -7.03391213e-01 1.22211693e-01 7.00218238e-01 2.38093368e-01
4.84880717e-01 7.91759711e-01 3.71493917e-01 -1.13169233e+00 -4.95761772e-01 5.98760551e-01 -6.29051938e-01 1.01736057e+00 -7.20493761e-01 1.20842719e-01 6.82851512e-01 2.63163446e-01
4.75982593e-01 7.91549394e-01 3.83263076e-01 -1.14994470e+00 -4.79664046e-01 5.98928159e-01 -6.41254785e-01 1.02951599e+00 -7.37131784e-01 1.21388650e-01 6.64757022e-01 2.90149158e-01
4.64979538e-01 7.92152265e-01 3.95334370e-01 -1.16896396e+00 -4.64332011e-01 5.98404869e-01 -6.52922355e-01 1.04137946e+00 -7.53783816e-01 1.20029193e-01 6.46067535e-01 3.17356621e-01
4.51809972e-01 7.94613070e-01 4.05534474e-01 -1.18665703e+00 -4.51747604e-01 5.95769052e-01 -6.64065901e-01 1.05335357e+00 -7.69280253e-01 1.16832423e-01 6.28138842e-01 3.44237658e-01
4.39765664e-01 7.95785265e-01 4.16332093e-01 -1.20323979e+00 -4.35230751e-01 5.94325868e-01 -6.76277421e-01 1.06698708e+00 -7.85608448e-01 1.16203119e-01 6.07714178e-01 3.72177129e-01
4.26793026e-01 7.98366086e-01 4.24805498e-01 -1.21919052e+00 -4.21797862e-01 5.91245973e-01 -6.87397200e-01 1.08129654e+00 -7.99959104e-01 1.14194342e-01 5.89088603e-01 4.00481873e-01
4.15367776e-01 8.01103564e-01 4.30932800e-01 -1.23401803e+00 -4.08980513e-01 5.87616880e-01 -6.98170083e-01 1.09566640e+00 -8.12529851e-01 1.13754304e-01 5.71712720e-01 4.28509140e-01
4.01287212e-01 8.05213114e-01 4.36578423e-01 -1.24858838e+00 -3.97512638e-01 5.82511498e-01 -7.08988081e-01 1.10979127e+00 -8.25198406e-01 1.10962481e-01 5.53836685e-01 4.58348245e-01
3.85794214e-01 8.09422609e-01 4.42716773e-01 -1.26296047e+00 -3.86582150e-01 5.77534304e-01 -7.19032979e-01 1.12311486e+00 -8.37685636e-01 1.06252425e-01 5.35717636e-01 4.89102580e-01
3.70409598e-01 8.14636547e-01 4.46278256e-01 -1.27508872e+00 -3.81172284e-01 5.71445529e-01 -7.26744604e-01 1.13487669e+00 -8.47056381e-01 9.90843436e-02 5.22185702e-01 5.18947509e-01
3.53185383e-01 8.20964525e-01 4.48639718e-01 -1.28712620e+00 -3.79267144e-01 5.64014364e-01 -7.33515011e-01 1.14681880e+00 -8.55229024e-01 8.89125398e-02 5.10566410e-01 5.48676390e-01
3.37729617e-01 8.26657167e-01 4.50085481e-01 -1.29805032e+00 -3.79993576e-01 5.57229286e-01 -7.38309185e-01 1.15858613e+00 -8.61129326e-01 7.83193575e-02 5.02317141e-01 5.76870751e-01
3.22493917e-01 8.32627623e-01 4.50254623e-01 -1.30762279e+00 -3.83436158e-01 5.49805675e-01 -7.42085222e-01 1.17014428e+00 -8.65433136e-01 6.66741405e-02 4.96568414e-01 6.04676379e-01
3.09444192e-01 8.38118968e-01 4.49222824e-01 -1.31591019e+00 -3.89066018e-01 5.42649087e-01 -7.44418947e-01 1.18140400e+00 -8.67681943e-01 5.55788634e-02 4.94003118e-01 6.31214178e-01
2.97911369e-01 8.43298192e-01 4.47322183e-01 -1.32390827e+00 -3.96275479e-01 5.35567217e-01 -7.45743508e-01 1.19305003e+00 -8.68455238e-01 4.49027379e-02 4.93729887e-01 6.57136482e-01
2.87895661e-01 8.47549825e-01 4.45842526e-01 -1.33175598e+00 -4.01133371e-01 5.29469214e-01 -7.47498670e-01 1.20526722e+00 -8.69602202e-01 3.63593900e-02 4.92412353e-01 6.82610263e-01
2.79170320e-01 8.50438662e-01 4.45890325e-01 -1.33997188e+00 -4.02439934e-01 5.25225654e-01 -7.49786609e-01 1.21780243e+00 -8.71840534e-01 2.98741786e-02 4.88877813e-01 7.08549690e-01
2.69406157e-01 8.54356835e-01 4.44403917e-01 -1.34722474e+00 -4.03251982e-01 5.19141301e-01 -7.53578124e-01 1.23086802e+00 -8.74533039e-01 2.38119077e-02 4.84380897e-01 7.34552092e-01
2.62632338e-01 8.56597330e-01 4.44145759e-01 -1.35468013e+00 -4.02282012e-01 5.15597476e-01 -7.56523831e-01 1.24335964e+00 -8.77036708e-01 2.00158548e-02 4.80006181e-01 7.60336599e-01
2.55340919e-01 8.59609638e-01 4.42574806e-01 -1.36148318e+00 -4.01319290e-01 5.10684011e-01 -7.60358175e-01 1.25654140e+00 -8.79627074e-01 1.65368295e-02 4.75376378e-01 7.85375361e-01
2.47161942e-01 8.63272628e-01 4.40081283e-01 -1.36772303e+00 -4.00425647e-01 5.04575145e-01 -7.64894169e-01 1.27039886e+00 -8.82366277e-01 1.28329782e-02 4.70388169e-01 8.10528480e-01
2.39298165e-01 8.67112009e-01 4.36867656e-01 -1.37304548e+00 -3.99423451e-01 4.98019295e-01 -7.69699650e-01 1.28419337e+00 -8.84984355e-01 9.69260874e-03 4.65519854e-01 8.35573013e-01
2.32642492e-01 8.71489159e-01 4.31722450e-01 -1.37631298e+00 -3.96585859e-01 4.90326311e-01 -7.76079613e-01 1.29806819e+00 -8.88029858e-01 9.33415690e-03 4.59690908e-01 8.61416851e-01
2.24293738e-01 8.76379276e-01 4.26206398e-01 -1.37943538e+00 -3.92508264e-01 4.81547580e-01 -7.83612781e-01 1.31301993e+00 -8.91980646e-01 8.46998665e-03 4.51994090e-01 8.88115806e-01
2.14835933e-01 8.80788020e-01 4.21969423e-01 -1.38266324e+00 -3.84600340e-01 4.73444482e-01 -7.92422059e-01 1.32862411e+00 -8.97734943e-01 7.95122849e-03 4.40464135e-01 9.16325689e-01
2.04884806e-01 8.85801007e-01 4.16388044e-01 -1.38455569e+00 -3.76857746e-01 4.64007824e-01 -8.01670021e-01 1.34508588e+00 -9.03327402e-01 7.33102555e-03 4.28889006e-01 9.43269244e-01
1.96925991e-01 8.90701461e-01 4.09721019e-01 -1.38538648e+00 -3.69016429e-01 4.54510587e-01 -8.10707652e-01 1.36072851e+00 -9.08321007e-01 8.45569723e-03 4.18188288e-01 9.67778922e-01
1.91008482e-01 8.95079658e-01 4.02924904e-01 -1.38511071e+00 -3.57911225e-01 4.45731322e-01 -8.20501702e-01 1.37496826e+00 -9.14010590e-01 1.25115140e-02 4.05497363e-01 9.92885386e-01
1.86736218e-01 8.98697880e-01 3.96827454e-01 -1.38451414e+00 -3.45206466e-01 4.38199612e-01 -8.29947876e-01 1.38750957e+00 -9.19761955e-01 1.79939991e-02 3.92063905e-01 1.01809778e+00
1.82902353e-01 9.01572456e-01 3.92063881e-01 -1.38436540e+00 -3.33505332e-01 4.32043068e-01 -8.37921747e-01 1.39840834e+00 -9.24835619e-01 2.25025368e-02 3.79700779e-01 1.04193097e+00
1.75719565e-01 9.04525139e-01 3.88532080e-01 -1.38426761e+00 -3.20272223e-01 4.25729601e-01 -8.46274106e-01 1.40903639e+00 -9.30885793e-01 2.42709564e-02 3.64503145e-01 1.06512293e+00
1.66927111e-01 9.07190240e-01 3.86188374e-01 -1.38476480e+00 -3.08842446e-01 4.20082710e-01 -8.53315142e-01 1.41943627e+00 -9.36350213e-01 2.31701397e-02 3.50301902e-01 1.08797671e+00
1.65546547e-01 9.06689530e-01 3.87954433e-01 -1.38799209e+00 -2.99703037e-01 4.21030436e-01 -8.56102379e-01 1.42836719e+00 -9.39559715e-01 2.54537418e-02 3.41437598e-01 1.10441303e+00
1.65250188e-01 9.06771706e-01 3.87888678e-01 -1.38929385e+00 -2.90451887e-01 4.20598301e-01 -8.59496687e-01 1.43565722e+00 -9.42512666e-01 2.93690613e-02 3.32877351e-01 1.12160019e+00
1.64237598e-01 9.06963480e-01 3.87870393e-01 -1.39109865e+00 -2.83330885e-01 4.20015008e-01 -8.62154712e-01 1.44208354e+00 -9.44854313e-01 3.17026289e-02 3.25952857e-01 1.13596604e+00
1.62000823e-01 9.07488751e-01 3.87582332e-01 -1.39291021e+00 -2.76616292e-01 4.18785926e-01 -8.64928611e-01 1.44832006e+00 -9.47227092e-01 3.29076311e-02 3.18869682e-01 1.14880255e+00
1.59110356e-01 9.08141763e-01 3.87250125e-01 -1.39448072e+00 -2.71282248e-01 4.17365278e-01 -8.67301547e-01 1.45375542e+00 -9.49257562e-01 3.29426436e-02 3.12769712e-01 1.15871656e+00
1.55787985e-01 9.08634917e-01 3.87444100e-01 -1.39622649e+00 -2.67781975e-01 4.16394130e-01 -8.68854745e-01 1.45828266e+00 -9.50801281e-01 3.16066520e-02 3.08185079e-01 1.16560722e+00
