1.00000000e+00 0.00000000e+00 0.00000000e+00 0.00000000e+00 0.00000000e+00 1.00000000e+00 0.00000000e+00 0.00000000e+00 0.00000000e+00 0.00000000e+00 1.00000000e+00 0.00000000e+00
9.99999900e-01 -7.86979729e-05 -3.91809046e-04 1.96397933e-04 7.92673878e-05 9.99998954e-01 1.45349551e-03 -6.02687044e-04 3.91694256e-04 -1.45352643e-03 9.99998866e-01 -1.49999650e-03
9.99999658e-01 -1.56246487e-04 -7.68590097e-04 3.72065933e-04 1.58479775e-04 9.99995791e-01 2.90649227e-03 -1.20741238e-03 7.68132701e-04 -2.90661322e-03 9.99995486e-01 -3.00201162e-03
9.99999257e-01 -2.29935393e-04 -1.15295853e-03 5.64403731e-04 2.34959002e-04 9.99990515e-01 4.35890938e-03 -1.81460816e-03 1.15194525e-03 -4.35917727e-03 9.99989844e-01 -4.51277179e-03
9.99998698e-01 -2.99866377e-04 -1.54096227e-03 7.64744846e-04 3.08817481e-04 9.99983121e-01 5.81182612e-03 -2.42461375e-03 1.53919337e-03 -5.81229489e-03 9.99981935e-01 -6.02727774e-03
9.99998127e-01 -3.72755168e-04 -1.86458255e-03 8.65140876e-04 3.86292861e-04 9.99973603e-01 7.26535675e-03 -3.03679803e-03 1.86182496e-03 -7.26606384e-03 9.99971903e-01 -7.53098407e-03
9.99997631e-01 -4.51162073e-04 -2.11117623e-03 8.36685035e-04 4.69566877e-04 9.99961897e-01 8.72542420e-03 -3.65520337e-03 2.10715903e-03 -8.72639496e-03 9.99959775e-01 -9.00725386e-03
9.99997180e-01 -5.28495883e-04 -2.29012727e-03 7.12393421e-04 5.51803882e-04 9.99948012e-01 1.01889378e-02 -4.27570947e-03 2.28462324e-03 -1.01901732e-02 9.99945525e-01 -1.04639594e-02
9.99996932e-01 -5.98782538e-04 -2.37649067e-03 4.72960475e-04 6.26390066e-04 9.99932235e-01 1.16332340e-02 -4.88766724e-03 2.36936354e-03 -1.16346876e-02 9.99929590e-01 -1.19045913e-02
9.99996606e-01 -6.66170095e-04 -2.48964632e-03 2.70264204e-04 6.98657703e-04 9.99914402e-01 1.30710643e-02 -5.50026261e-03 2.48072547e-03 -1.30727603e-02 9.99911526e-01 -1.33572805e-02
9.99995919e-01 -7.38572127e-04 -2.72207117e-03 2.30747195e-04 7.77999489e-04 9.99894444e-01 1.45118250e-02 -6.11831489e-03 2.71106575e-03 -1.45138853e-02 9.99890996e-01 -1.48430964e-02
9.99995347e-01 -8.09933393e-04 -2.89945639e-03 1.14688890e-04 8.56070380e-04 9.99872509e-01 1.59465528e-02 -6.73470506e-03 2.88617115e-03 -1.59489630e-02 9.99868613e-01 -1.63248417e-02
9.99995300e-01 -8.82257951e-04 -2.89353304e-03 -2.47358598e-04 9.32398716e-04 9.99848661e-01 1.73732140e-02 -7.34418500e-03 2.87776758e-03 -1.73758327e-02 9.99844855e-01 -1.77527586e-02
9.99995336e-01 -9.51752046e-04 -2.85772056e-03 -6.53189151e-04 1.00527766e-03 9.99823026e-01 1.87875114e-02 -7.95002438e-03 2.83933378e-03 -1.87902991e-02 9.99819394e-01 -1.91685359e-02
9.99995187e-01 -1.02671771e-03 -2.88265018e-03 -9.88478951e-04 1.08477068e-03 9.99795200e-01 2.02099159e-02 -8.56259592e-03 2.86130994e-03 -2.02129482e-02 9.99791583e-01 -2.06039039e-02
9.99995273e-01 -1.10352286e-03 -2.82178369e-03 -1.42078469e-03 1.16433174e-03 9.99765174e-01 2.16397134e-02 -9.17753910e-03 2.79724120e-03 -2.16428994e-02 9.99761821e-01 -2.20220394e-02
9.99995548e-01 -1.16452161e-03 -2.69311239e-03 -1.94071314e-03 1.22626920e-03 9.99733754e-01 2.30410807e-02 -9.78375602e-03 2.66556373e-03 -2.30442839e-02 9.99730824e-01 -2.34355227e-02
9.99995724e-01 -1.23606019e-03 -2.59108273e-03 -2.42257397e-03 1.29904486e-03 9.99700237e-01 2.44491381e-02 -1.03954558e-02 2.56008550e-03 -2.44524032e-02 9.99697666e-01 -2.48617745e-02
9.99996316e-01 -1.29434594e-03 -2.32985167e-03 -3.11349361e-03 1.35417114e-03 9.99664627e-01 2.58618929e-02 -1.10115521e-02 2.29559604e-03 -2.58649553e-02 9.99662799e-01 -2.62471964e-02
9.99996718e-01 -1.34046114e-03 -2.10961350e-03 -3.77258409e-03 1.39749762e-03 9.99627130e-01 2.72713021e-02 -1.16270785e-02 2.07227063e-03 -2.72741649e-02 9.99625826e-01 -2.76347650e-02
9.99997180e-01 -1.38664246e-03 -1.85866740e-03 -4.46950689e-03 1.43940170e-03 9.99587325e-01 2.86912796e-02 -1.22484235e-02 1.81811564e-03 -2.86938768e-02 9.99586609e-01 -2.90169669e-02
9.99997603e-01 -1.43459936e-03 -1.58570349e-03 -5.19286171e-03 1.48170169e-03 9.99545431e-01 3.01134314e-02 -1.28718449e-02 1.54178177e-03 -3.01157104e-02 9.99545270e-01 -3.03886779e-02
9.99997833e-01 -1.48214321e-03 -1.36535364e-03 -5.85605328e-03 1.52448581e-03 9.99500983e-01 3.15515271e-02 -1.35049047e-02 1.31790825e-03 -3.15535436e-02 9.99501188e-01 -3.17727734e-02
9.99998130e-01 -1.52811951e-03 -1.07902492e-03 -6.61293556e-03 1.56287315e-03 9.99454880e-01 3.29776845e-02 -1.41357991e-02 1.02804269e-03 -3.29793117e-02 9.99455513e-01 -3.31546491e-02
9.99998306e-01 -1.58355034e-03 -8.33006319e-04 -7.32207531e-03 1.61128262e-03 9.99406248e-01 3.44170651e-02 -1.47741097e-02 7.78010375e-04 -3.44183499e-02 9.99407223e-01 -3.45241385e-02
9.99998467e-01 -1.62009571e-03 -5.28576668e-04 -8.10349214e-03 1.63800033e-03 9.99356127e-01 3.58416173e-02 -1.54101164e-02 4.70169265e-04 -3.58424283e-02 9.99357367e-01 -3.59124292e-02
9.99998504e-01 -1.66566674e-03 -1.38574444e-04 -8.97621313e-03 1.66967330e-03 9.99304389e-01 3.72551799e-02 -1.60436666e-02 7.64230724e-05 -3.72553571e-02 9.99305795e-01 -3.72900254e-02
9.99998428e-01 -1.69632465e-03 2.26480170e-04 -9.82675884e-03 1.68630030e-03 9.99250920e-01 3.86626119e-02 -1.66745104e-02 -2.91895163e-04 -3.86621715e-02 9.99252331e-01 -3.86821281e-02
9.99998173e-01 -1.73462435e-03 6.77830392e-04 -1.07609932e-02 1.70608660e-03 9.99196254e-01 4.00494658e-02 -1.72991787e-02 -7.46756722e-04 -4.00482375e-02 9.99197511e-01 -4.00553039e-02
9.99997708e-01 -1.77511532e-03 1.09167693e-03 -1.16679119e-02 1.72834634e-03 9.99139261e-01 4.14454979e-02 -1.79290966e-02 -1.16430826e-03 -4.14435198e-02 9.99140164e-01 -4.14416614e-02
9.99997060e-01 -1.78660793e-03 1.56767721e-03 -1.26237763e-02 1.71782134e-03 9.99080720e-01 4.28336701e-02 -1.85578217e-02 -1.64276358e-03 -4.28308545e-02 9.99080975e-01 -4.28378783e-02
9.99996060e-01 -1.78872609e-03 2.09832089e-03 -1.36263037e-02 1.69415763e-03 9.99019676e-01 4.42361012e-02 -1.91958420e-02 -2.17539062e-03 -4.42323774e-02 9.99018895e-01 -4.42094795e-02
9.99994705e-01 -1.80286186e-03 2.66410025e-03 -1.46708433e-02 1.67936409e-03 9.98955960e-01 4.56530776e-02 -1.98440953e-02 -2.74362554e-03 -4.56483659e-02 9.98953823e-01 -4.55829688e-02
9.99993110e-01 -1.81212110e-03 3.19507628e-03 -1.56846537e-02 1.65973966e-03 9.98890396e-01 4.70667889e-02 -2.04934524e-02 -3.27682225e-03 -4.70611679e-02 9.98886645e-01 -4.69586249e-02
9.99991306e-01 -1.80886198e-03 3.71407160e-03 -1.67018266e-02 1.62667875e-03 9.98822746e-01 4.84825411e-02 -2.11473606e-02 -3.79739791e-03 -4.84760861e-02 9.98817129e-01 -4.83387921e-02
9.99989473e-01 -1.82059138e-03 4.17615633e-03 -1.76613169e-02 1.60984907e-03 9.98751782e-01 4.99230892e-02 -2.18122837e-02 -4.26183389e-03 -4.99158478e-02 9.98744323e-01 -4.97037653e-02
9.99987260e-01 -1.83715958e-03 4.66890681e-03 -1.86544537e-02 1.59493448e-03 9.98678666e-01 5.13648876e-02 -2.24793687e-02 -4.75710417e-03 -5.13567942e-02 9.98668997e-01 -5.10594185e-02
9.99984632e-01 -1.85992843e-03 5.18980828e-03 -1.96861268e-02 1.58334588e-03 9.98603942e-01 5.27977578e-02 -2.31444449e-02 -5.28076432e-03 -5.27887387e-02 9.98591665e-01 -5.24218474e-02
9.99981787e-01 -1.88369746e-03 5.70156034e-03 -2.07260754e-02 1.57165099e-03 9.98526242e-01 5.42480976e-02 -2.38198869e-02 -5.79534577e-03 -5.42381597e-02 9.98511141e-01 -5.37916838e-02
9.99978678e-01 -1.90277408e-03 6.21498409e-03 -2.17586566e-02 1.55364325e-03 9.98446051e-01 5.57051926e-02 -2.45011430e-02 -6.31132178e-03 -5.56943616e-02 9.98427844e-01 -5.51423215e-02
9.99975121e-01 -1.91485168e-03 6.75553781e-03 -2.28308703e-02 1.52564298e-03 9.98364162e-01 5.71551587e-02 -2.51807741e-02 -6.85393132e-03 -5.71434461e-02 9.98342369e-01 -5.64932162e-02
9.99971114e-01 -1.93768528e-03 7.32097547e-03 -2.39392811e-02 1.50539747e-03 9.98280538e-01 5.85986215e-02 -2.58576801e-02 -7.42193352e-03 -5.85859220e-02 9.98254744e-01 -5.78287178e-02
9.99966876e-01 -1.95793550e-03 7.87645309e-03 -2.50438826e-02 1.48139387e-03 9.98193767e-01 6.00592462e-02 -2.65433537e-02 -7.97981907e-03 -6.00456003e-02 9.98163729e-01 -5.91596923e-02
9.99962272e-01 -1.97578048e-03 8.43886250e-03 -2.61603561e-02 1.45278830e-03 9.98103791e-01 6.15367613e-02 -2.72384358e-02 -8.54444482e-03 -6.15221893e-02 9.98069130e-01 -6.05070115e-02
9.99957384e-01 -2.00147511e-03 8.99619940e-03 -2.72779664e-02 1.43057453e-03 9.98011012e-01 6.30244387e-02 -2.79393656e-02 -9.10444857e-03 -6.30088901e-02 9.97971470e-01 -6.18458183e-02
9.99951981e-01 -2.03468091e-03 9.57211898e-03 -2.84238532e-02 1.41333699e-03 9.97918299e-01 6.44764222e-02 -2.86283036e-02 -9.68338203e-03 -6.44598032e-02 9.97873381e-01 -6.32017529e-02
9.99946047e-01 -2.06382497e-03 1.01672806e-02 -2.95901864e-02 1.38908960e-03 9.97823437e-01 6.59289389e-02 -2.93203103e-02 -1.02812169e-02 -6.59112645e-02 9.97772595e-01 -6.45588287e-02
9.99939245e-01 -2.10461708e-03 1.08051838e-02 -3.07985865e-02 1.37212228e-03 9.97728122e-01 6.73562245e-02 -3.00031176e-02 -1.09223952e-02 -6.73373158e-02 9.97670520e-01 -6.59007466e-02
9.99931845e-01 -2.14530102e-03 1.14637645e-02 -3.20209727e-02 1.35188979e-03 9.97631351e-01 6.87751079e-02 -3.06856267e-02 -1.15841546e-02 -6.87549300e-02 9.97566384e-01 -6.72191778e-02
9.99923984e-01 -2.15388867e-03 1.21296997e-02 -3.32458340e-02 1.29695724e-03 9.97531000e-01 7.02170547e-02 -3.13790721e-02 -1.22509910e-02 -7.01959908e-02 9.97458093e-01 -6.85436698e-02
9.99915642e-01 -2.16019461e-03 1.27988137e-02 -3.44715553e-02 1.23755295e-03 9.97428328e-01 7.16621457e-02 -3.20761512e-02 -1.29207028e-02 -7.16402651e-02 9.97346988e-01 -6.98605034e-02
9.99906466e-01 -2.16372743e-03 1.34956601e-02 -3.57337286e-02 1.17155999e-03 9.97324287e-01 7.30966269e-02 -3.27710187e-02 -1.36177107e-02 -7.30739839e-02 9.97233666e-01 -7.11754506e-02
9.99896555e-01 -2.15923983e-03 1.42102818e-02 -3.70198298e-02 1.09420275e-03 9.97217993e-01 7.45335638e-02 -3.34686949e-02 -1.43316853e-02 -7.45103128e-02 9.97117327e-01 -7.24987083e-02
9.99885386e-01 -2.16124791e-03 1.49754871e-02 -3.83548813e-02 1.01757843e-03 9.97110411e-01 7.59601814e-02 -3.41656491e-02 -1.50963840e-02 -7.59362444e-02 9.96998456e-01 -7.38311026e-02
9.99873231e-01 -2.16533388e-03 1.57645733e-02 -3.97131860e-02 9.39203241e-04 9.97001838e-01 7.73733164e-02 -3.48590834e-02 -1.58848485e-02 -7.73487122e-02 9.96877612e-01 -7.51703976e-02
9.99860694e-01 -2.18184968e-03 1.65382300e-02 -4.10535088e-02 8.72223394e-04 9.96891348e-01 7.87850203e-02 -3.55543344e-02 -1.66587160e-02 -7.87596314e-02 9.96754507e-01 -7.65083007e-02
9.99847126e-01 -2.18584020e-03 1.73372622e-02 -4.24220194e-02 7.88463592e-04 9.96778555e-01 8.02003832e-02 -3.62539343e-02 -1.74567169e-02 -8.01744681e-02 9.96628026e-01 -7.78255155e-02
9.99832534e-01 -2.17008091e-03 1.81619403e-02 -4.38243295e-02 6.80733297e-04 9.96664108e-01 8.16114349e-02 -3.69517325e-02 -1.82784575e-02 -8.15854173e-02 9.96498809e-01 -7.91329473e-02
9.99817454e-01 -2.15111591e-03 1.89772599e-02 -4.52166051e-02 5.68576857e-04 9.96549010e-01 8.30056096e-02 -3.76441521e-02 -1.90903255e-02 -8.29796767e-02 9.96368450e-01 -8.04538731e-02
9.99801491e-01 -2.13990052e-03 1.98023307e-02 -4.66331383e-02 4.61401986e-04 9.96433475e-01 8.43818780e-02 -3.83299365e-02 -1.99122752e-02 -8.43559978e-02 9.96236796e-01 -8.18064595e-02
9.99785448e-01 -2.11752363e-03 2.05976455e-02 -4.80371652e-02 3.43104274e-04 9.96314855e-01 8.57714178e-02 -3.90212882e-02 -2.07033653e-02 -8.57459591e-02 9.96101957e-01 -8.31509128e-02
9.99768768e-01 -2.09391876e-03 2.13932196e-02 -4.94563850e-02 2.21255987e-04 9.96193894e-01 8.71651806e-02 -3.97150549e-02 -2.14943148e-02 -8.71403066e-02 9.95964145e-01 -8.45154713e-02
9.99749656e-01 -2.10230244e-03 2.22664814e-02 -5.09453716e-02 1.23255129e-04 9.96075227e-01 8.85109125e-02 -4.03906368e-02 -2.23651715e-02 -8.84860295e-02 9.95826265e-01 -8.58825284e-02
9.99727842e-01 -2.09177334e-03 2.32267470e-02 -5.25296099e-02 -3.42011287e-06 9.95956076e-01 8.98418144e-02 -4.10578574e-02 -2.33207529e-02 -8.98174600e-02 9.95685153e-01 -8.72347025e-02
9.99703830e-01 -2.05622056e-03 2.42419240e-02 -5.41855501e-02 -1.62830149e-04 9.95834211e-01 9.11823800e-02 -4.17316426e-02 -2.43284334e-02 -9.11593361e-02 9.95539086e-01 -8.86217706e-02
9.99679517e-01 -2.04000044e-03 2.52254777e-02 -5.58013544e-02 -3.03366785e-04 9.95708401e-01 9.25459081e-02 -4.24188558e-02 -2.53060181e-02 -9.25239177e-02 9.95388824e-01 -8.99855957e-02
9.99654815e-01 -2.02613820e-03 2.61875680e-02 -5.74030260e-02 -4.42018258e-04 9.95581452e-01 9.39014639e-02 -4.31049844e-02 -2.62621174e-02 -9.38806405e-02 9.95237048e-01 -9.13584570e-02
9.99629699e-01 -1.98855522e-03 2.71330570e-02 -5.89993697e-02 -6.05481773e-04 9.95452051e-01 9.52627181e-02 -4.37950047e-02 -2.71990946e-02 -9.52438806e-02 9.95082387e-01 -9.27330438e-02
9.99601276e-01 -1.94203558e-03 2.81639062e-02 -6.07003361e-02 -7.88158540e-04 9.95322462e-01 9.66057659e-02 -4.44789715e-02 -2.82197837e-02 -9.65894541e-02 9.94924236e-01 -9.41028823e-02
9.99571478e-01 -1.88503440e-03 2.92056168e-02 -6.24468664e-02 -9.84778433e-04 9.95192114e-01 9.79375858e-02 -4.51580297e-02 -2.92498189e-02 -9.79243901e-02 9.94763968e-01 -9.54733907e-02
9.99542024e-01 -1.85305161e-03 3.01981380e-02 -6.41595183e-02 -1.15438919e-03 9.95059939e-01 9.92696195e-02 -4.58396475e-02 -3.02329131e-02 -9.92590322e-02 9.94602264e-01 -9.68375653e-02
9.99511182e-01 -1.84452311e-03 3.12036438e-02 -6.58965168e-02 -1.30305870e-03 9.94930969e-01 1.00552191e-01 -4.65006680e-02 -3.12309465e-02 -1.00543710e-01 9.94442405e-01 -9.82194780e-02
9.99479103e-01 -1.83992394e-03 3.22156914e-02 -6.76358416e-02 -1.45037768e-03 9.94802541e-01 1.01813218e-01 -4.71534508e-02 -3.22355827e-02 -1.01806915e-01 9.94281865e-01 -9.96091005e-02
9.99446874e-01 -1.80568819e-03 3.32019324e-02 -6.94030163e-02 -1.62642122e-03 9.94674486e-01 1.03054049e-01 -4.78026721e-02 -3.32112015e-02 -1.03051056e-01 9.94121557e-01 -1.01017653e-01
9.99410974e-01 -1.78839036e-03 3.42671583e-02 -7.12215454e-02 -1.79528803e-03 9.94547943e-01 1.04265153e-01 -4.84452796e-02 -3.42668036e-02 -1.04265261e-01 9.93959109e-01 -1.02425611e-01
9.99374058e-01 -1.77951444e-03 3.53286445e-02 -7.30289628e-02 -1.95900476e-03 9.94416837e-01 1.05505258e-01 -4.91028493e-02 -3.53191526e-02 -1.05508424e-01 9.93791098e-01 -1.03849679e-01
9.99337044e-01 -1.78480186e-03 3.63603660e-02 -7.48033417e-02 -2.10854550e-03 9.94282841e-01 1.06757602e-01 -4.97694052e-02 -3.63430365e-02 -1.06763492e-01 9.93620107e-01 -1.05292864e-01
9.99293632e-01 -1.78646936e-03 3.75349970e-02 -7.67799879e-02 -2.27689278e-03 9.94155435e-01 1.07934278e-01 -5.04044946e-02 -3.75084492e-02 -1.07943493e-01 9.93449326e-01 -1.06757884e-01
9.99247475e-01 -1.81197013e-03 3.87426899e-02 -7.88158927e-02 -2.42744845e-03 9.94028012e-01 1.09098542e-01 -5.10339875e-02 -3.87090073e-02 -1.09110486e-01 9.93275780e-01 -1.08240588e-01
9.99196105e-01 -1.83046007e-03 4.00444096e-02 -8.09600591e-02 -2.59608307e-03 9.93904982e-01 1.10210134e-01 -5.16479135e-02 -4.00020766e-02 -1.10225496e-01 9.93101432e-01 -1.09703622e-01
9.99145133e-01 -1.85318203e-03 4.12953525e-02 -8.30772839e-02 -2.75892950e-03 9.93777523e-01 1.11349620e-01 -5.22758027e-02 -4.12447481e-02 -1.11368366e-01 9.92923061e-01 -1.11131329e-01
9.99090039e-01 -1.87014622e-03 4.26073970e-02 -8.52756748e-02 -2.93575123e-03 9.93652670e-01 1.12453614e-01 -5.28839724e-02 -4.25472648e-02 -1.12476368e-01 9.92743195e-01 -1.12525281e-01
9.99033297e-01 -1.88033805e-03 4.39166776e-02 -8.74992521e-02 -3.12170900e-03 9.93527079e-01 1.13552714e-01 -5.34903839e-02 -4.38459342e-02 -1.13580042e-01 9.92560965e-01 -1.13941042e-01
9.98973424e-01 -1.88564869e-03 4.52577187e-02 -8.97936231e-02 -3.31860187e-03 9.93401416e-01 1.14641240e-01 -5.40915177e-02 -4.51752643e-02 -1.14673751e-01 9.92375559e-01 -1.15364312e-01
9.98909682e-01 -1.87395415e-03 4.66436089e-02 -9.21491816e-02 -3.53878302e-03 9.93278825e-01 1.15691803e-01 -5.46787984e-02 -4.65469226e-02 -1.15730733e-01 9.92189411e-01 -1.16792927e-01
9.98843448e-01 -1.85988616e-03 4.80410072e-02 -9.45419165e-02 -3.76485395e-03 9.93156919e-01 1.16726486e-01 -5.52593147e-02 -4.79293705e-02 -1.16772369e-01 9.92001490e-01 -1.18213827e-01
9.98767569e-01 -1.86324297e-03 4.95929847e-02 -9.71494944e-02 -3.99264123e-03 9.93038952e-01 1.17718114e-01 -5.58218403e-02 -4.94671198e-02 -1.17771062e-01 9.91807873e-01 -1.19616360e-01
9.98687606e-01 -1.87325369e-03 5.11774299e-02 -9.97846194e-02 -4.22015177e-03 9.92921467e-01 1.18696975e-01 -5.63821759e-02 -5.10375370e-02 -1.18757197e-01 9.91610672e-01 -1.21021352e-01
9.98606271e-01 -1.87934841e-03 5.27408849e-02 -1.02437037e-01 -4.45207338e-03 9.92803206e-01 1.19673580e-01 -5.69423087e-02 -5.25862486e-02 -1.19741612e-01 9.91411357e-01 -1.22425897e-01
9.98524784e-01 -1.90067958e-03 5.42604982e-02 -1.05069073e-01 -4.66724675e-03 9.92682656e-01 1.20661109e-01 -5.75078854e-02 -5.40928172e-02 -1.20736379e-01 9.91209581e-01 -1.23804058e-01
9.98441214e-01 -1.92450709e-03 5.57759171e-02 -1.07740694e-01 -4.88190067e-03 9.92562353e-01 1.21638207e-01 -5.80671290e-02 -5.55951948e-02 -1.21720922e-01 9.91005983e-01 -1.25139333e-01
9.98357401e-01 -1.95639511e-03 5.72549694e-02 -1.10388193e-01 -5.08732880e-03 9.92440550e-01 1.22619511e-01 -5.86227071e-02 -5.70620738e-02 -1.22709408e-01 9.90800633e-01 -1.26483088e-01
9.98272667e-01 -2.00125035e-03 5.87123862e-02 -1.13000458e-01 -5.28046690e-03 9.92317101e-01 1.23606262e-01 -5.91881522e-02 -5.85087034e-02 -1.23702818e-01 9.90592690e-01 -1.27841542e-01
9.98184566e-01 -2.02779918e-03 6.01903102e-02 -1.15685599e-01 -5.49679696e-03 9.92193555e-01 1.24584584e-01 -5.97543430e-02 -5.99731042e-02 -1.24689306e-01 9.90381366e-01 -1.29193100e-01
9.98088462e-01 -2.03530669e-03 6.17632950e-02 -1.18504461e-01 -5.74588141e-03 9.92071092e-01 1.25544865e-01 -6.03107618e-02 -6.15291361e-02 -1.25659807e-01 9.90163238e-01 -1.30494402e-01
9.97986892e-01 -2.06011942e-03 6.33823782e-02 -1.21349066e-01 -5.98567026e-03 9.91949795e-01 1.26488679e-01 -6.08634099e-02 -6.31327516e-02 -1.26613473e-01 9.89940785e-01 -1.31819971e-01
9.97882977e-01 -2.03860126e-03 6.49984868e-02 -1.24261369e-01 -6.27161876e-03 9.91832407e-01 1.27392045e-01 -6.14017793e-02 -6.47273412e-02 -1.27530043e-01 9.89720119e-01 -1.33117555e-01
9.97777985e-01 -2.00485294e-03 6.65913551e-02 -1.27192723e-01 -6.56879316e-03 9.91715835e-01 1.28281507e-01 -6.19375730e-02 -6.62969204e-02 -1.28433940e-01 9.89499296e-01 -1.34416391e-01
9.97666409e-01 -1.89854344e-03 6.82453547e-02 -1.30234477e-01 -6.94679642e-03 9.91601835e-01 1.29139665e-01 -6.24624276e-02 -6.79174338e-02 -1.29312446e-01 9.89274918e-01 -1.35695933e-01
9.97544532e-01 -1.78802443e-03 7.00068032e-02 -1.33374350e-01 -7.34588050e-03 9.91486945e-01 1.29996556e-01 -6.29926690e-02 -6.96433103e-02 -1.30191671e-01 9.89039540e-01 -1.37013209e-01
9.97419279e-01 -1.69110309e-03 7.17711806e-02 -1.36528190e-01 -7.73775661e-03 9.91366105e-01 1.30892197e-01 -6.35405847e-02 -7.13729109e-02 -1.31109810e-01 9.88794901e-01 -1.38281804e-01
9.97291923e-01 -1.60277196e-03 7.35215791e-02 -1.39685511e-01 -8.12386792e-03 9.91241876e-01 1.31806202e-01 -6.40969228e-02 -7.30889698e-02 -1.32046600e-01 9.88544840e-01 -1.39541807e-01
9.97154851e-01 -1.44802448e-03 7.53609854e-02 -1.42993364e-01 -8.58743552e-03 9.91122673e-01 1.32670390e-01 -6.46281019e-02 -7.48841350e-02 -1.32940135e-01 9.88290739e-01 -1.40748286e-01
9.97013396e-01 -1.18705134e-03 7.72143916e-02 -1.46344485e-01 -9.15659134e-03 9.91010558e-01 1.33467650e-01 -6.51330223e-02 -7.66787515e-02 -1.33776110e-01 9.88040312e-01 -1.41923027e-01
9.96867276e-01 -9.42369426e-04 7.90816013e-02 -1.49794726e-01 -9.71170915e-03 9.90902378e-01 1.34229444e-01 -6.56141080e-02 -7.84886842e-02 -1.34577019e-01 9.87789357e-01 -1.43053191e-01
9.96715478e-01 -6.56263714e-04 8.09749379e-02 -1.53313192e-01 -1.03170409e-02 9.90788640e-01 1.35021675e-01 -6.61061200e-02 -8.03176991e-02 -1.35413681e-01 9.87527961e-01 -1.44146593e-01
9.96564901e-01 -3.98192200e-04 8.28089250e-02 -1.56778525e-01 -1.08893260e-02 9.90674600e-01 1.35811425e-01 -6.65953871e-02 -8.20908150e-02 -1.36246706e-01 9.87267545e-01 -1.45216551e-01
9.96417185e-01 -2.23151405e-04 8.45679927e-02 -1.60209573e-01 -1.13708081e-02 9.90562135e-01 1.36589657e-01 -6.70735687e-02 -8.38003739e-02 -1.37061964e-01 9.87011001e-01 -1.46226937e-01
9.96264594e-01 -1.15507223e-04 8.63472312e-02 -1.63674873e-01 -1.17943872e-02 9.90444086e-01 1.37407224e-01 -6.75691755e-02 -8.55380192e-02 -1.37912437e-01 9.86743449e-01 -1.47289612e-01
9.96106638e-01 -6.91217684e-05 8.81503573e-02 -1.67194011e-01 -1.21655573e-02 9.90322505e-01 1.38248383e-01 -6.80741477e-02 -8.73068866e-02 -1.38782611e-01 9.86466432e-01 -1.48391884e-01
9.95943353e-01 1.98103390e-04 8.99761331e-02 -1.70757871e-01 -1.27581039e-02 9.90204387e-01 1.39038933e-01 -6.85686617e-02 -8.90672627e-02 -1.39622910e-01 9.86190454e-01 -1.49489539e-01
9.95768438e-01 3.28136775e-04 9.18910937e-02 -1.74441669e-01 -1.32297275e-02 9.90087213e-01 1.39827063e-01 -6.90333158e-02 -9.09343566e-02 -1.40451155e-01 9.85902429e-01 -1.50480037e-01
9.95589599e-01 2.40584941e-04 9.38090652e-02 -1.78191854e-01 -1.34935671e-02 9.89964573e-01 1.40667477e-01 -6.94964759e-02 -9.28338565e-02 -1.41312984e-01 9.85602169e-01 -1.51395134e-01
9.95408788e-01 3.93100651e-04 9.57081007e-02 -1.81867465e-01 -1.39957176e-02 9.89839416e-01 1.41496425e-01 -6.99939859e-02 -9.46800800e-02 -1.42186368e-01 9.85300900e-01 -1.52467792e-01
9.95214843e-01 5.21628945e-04 9.77035511e-02 -1.85624889e-01 -1.44911672e-02 9.89713590e-01 1.42324017e-01 -7.04775543e-02 -9.66243481e-02 -1.43058888e-01 9.84985804e-01 -1.53512213e-01
9.95021094e-01 7.04763074e-04 9.96562964e-02 -1.89373962e-01 -1.50380725e-02 9.89586342e-01 1.43149759e-01 -7.09712503e-02 -9.85176833e-02 -1.43935749e-01 9.84670426e-01 -1.54557936e-01
9.94818113e-01 7.99964893e-04 1.01661664e-01 -1.93157347e-01 -1.55104317e-02 9.89456770e-01 1.43992612e-01 -7.14421040e-02 -1.00474688e-01 -1.44823357e-01 9.84342502e-01 -1.55561334e-01
9.94607782e-01 8.20937626e-04 1.03698919e-01 -1.96972108e-01 -1.59199259e-02 9.89323526e-01 1.44860819e-01 -7.19250363e-02 -1.02472914e-01 -1.45730662e-01 9.84002536e-01 -1.56619279e-01
9.94393234e-01 7.46878046e-04 1.05736908e-01 -2.00784956e-01 -1.62406630e-02 9.89188181e-01 1.45746678e-01 -7.24084197e-02 -1.04484905e-01 -1.46646838e-01 9.83654753e-01 -1.57633463e-01
9.94185542e-01 7.78376375e-04 1.07672042e-01 -2.04478306e-01 -1.66581866e-02 9.89045835e-01 1.46662769e-01 -7.29260827e-02 -1.06378484e-01 -1.47603711e-01 9.83308644e-01 -1.58792087e-01
9.93966189e-01 6.57343271e-04 1.09679205e-01 -2.08255687e-01 -1.69416750e-02 9.88900546e-01 1.47606888e-01 -7.34434428e-02 -1.08364859e-01 -1.48574495e-01 9.82945451e-01 -1.59885939e-01
9.93739588e-01 4.15549149e-04 1.11714674e-01 -2.12075838e-01 -1.71160984e-02 9.88752480e-01 1.48575571e-01 -7.39623404e-02 -1.10396478e-01 -1.49557639e-01 9.82570219e-01 -1.60883763e-01
9.93500177e-01 1.94291874e-04 1.13824777e-01 -2.16013271e-01 -1.73258813e-02 9.88603665e-01 1.49538546e-01 -7.44989823e-02 -1.12498591e-01 -1.50538777e-01 9.82181918e-01 -1.61934586e-01
9.93256507e-01 -1.93951451e-04 1.15932176e-01 -2.20009135e-01 -1.73766798e-02 9.88452387e-01 1.50529516e-01 -7.50262343e-02 -1.14622687e-01 -1.51529025e-01 9.81783985e-01 -1.62892968e-01
9.93000555e-01 -6.33359635e-04 1.18102908e-01 -2.24084078e-01 -1.73917923e-02 9.88299396e-01 1.51528952e-01 -7.55373000e-02 -1.16817065e-01 -1.52522444e-01 9.81371406e-01 -1.63775495e-01
9.92745544e-01 -1.08714204e-03 1.20224260e-01 -2.28065760e-01 -1.73885491e-02 9.88146919e-01 1.52520480e-01 -7.60611198e-02 -1.18965106e-01 -1.53504648e-01 9.80960110e-01 -1.64721063e-01
9.92466151e-01 -1.57044453e-03 1.22503860e-01 -2.32207424e-01 -1.73826843e-02 9.87996638e-01 1.53491664e-01 -7.65752859e-02 -1.21274513e-01 -1.54464828e-01 9.80526497e-01 -1.65629221e-01
9.92188411e-01 -1.97041947e-03 1.24727762e-01 -2.36280316e-01 -1.74530131e-02 9.87847352e-01 1.54441568e-01 -7.71141220e-02 -1.23516372e-01 -1.55412114e-01 9.80096838e-01 -1.66649392e-01
9.91902896e-01 -2.38974906e-03 1.26971292e-01 -2.40416067e-01 -1.75161287e-02 9.87691848e-01 1.55425951e-01 -7.76736501e-02 -1.25780008e-01 -1.56391602e-01 9.79653045e-01 -1.67681134e-01
9.91597746e-01 -2.78295315e-03 1.29324970e-01 -2.44643488e-01 -1.76262053e-02 9.87536217e-01 1.56399580e-01 -7.82308600e-02 -1.28148413e-01 -1.57365092e-01 9.79190084e-01 -1.68703979e-01
9.91270556e-01 -3.06281187e-03 1.31803334e-01 -2.48975123e-01 -1.78664259e-02 9.87386481e-01 1.57314990e-01 -7.88060661e-02 -1.30622725e-01 -1.58296677e-01 9.78712898e-01 -1.69903777e-01
9.90921336e-01 -3.28188752e-03 1.34398596e-01 -2.53401176e-01 -1.81911488e-02 9.87234213e-01 1.58230735e-01 -7.93854761e-02 -1.33202258e-01 -1.59239175e-01 9.78212225e-01 -1.71082693e-01
9.90547586e-01 -3.45726075e-03 1.37121945e-01 -2.57967441e-01 -1.85833880e-02 9.87082231e-01 1.59130847e-01 -7.99463764e-02 -1.35900859e-01 -1.60174957e-01 9.77688157e-01 -1.72149155e-01
9.90133437e-01 -3.68525024e-03 1.40075391e-01 -2.62846277e-01 -1.89643267e-02 9.86931894e-01 1.60016019e-01 -8.04950890e-02 -1.38834632e-01 -1.61093733e-01 9.77124872e-01 -1.73152506e-01
9.89695243e-01 -3.89689852e-03 1.43132902e-01 -2.67887749e-01 -1.93714658e-02 9.86794807e-01 1.60810599e-01 -8.10062484e-02 -1.41869536e-01 -1.61926270e-01 9.76551137e-01 -1.74130833e-01
9.89254165e-01 -4.12890907e-03 1.46143899e-01 -2.72858210e-01 -1.97475499e-02 9.86666922e-01 1.61547656e-01 -8.14972576e-02 -1.44862445e-01 -1.62697763e-01 9.75983339e-01 -1.75134355e-01
9.88797354e-01 -4.39070195e-03 1.49195768e-01 -2.77911139e-01 -2.01020935e-02 9.86542836e-01 1.62260050e-01 -8.19797528e-02 -1.47900535e-01 -1.63441544e-01 9.75403217e-01 -1.76164232e-01
9.88318208e-01 -4.68001342e-03 1.52328592e-01 -2.83097581e-01 -2.04411229e-02 9.86425534e-01 1.62929495e-01 -8.24564785e-02 -1.51023403e-01 -1.64140052e-01 9.74807215e-01 -1.77228546e-01
9.87806844e-01 -4.93336383e-03 1.55602153e-01 -2.88412593e-01 -2.08451280e-02 9.86305829e-01 1.63601646e-01 -8.29477260e-02 -1.54278492e-01 -1.64850477e-01 9.74177395e-01 -1.78314128e-01
9.87284288e-01 -5.12431657e-03 1.58878123e-01 -2.93777112e-01 -2.13096536e-02 9.86191776e-01 1.64228071e-01 -8.34321521e-02 -1.57525936e-01 -1.65525527e-01 9.73543037e-01 -1.79393543e-01
9.86736659e-01 -5.28529022e-03 1.62239178e-01 -2.99189410e-01 -2.18247155e-02 9.86074854e-01 1.64861167e-01 -8.39195318e-02 -1.60851402e-01 -1.66215486e-01 9.72881448e-01 -1.80428368e-01
9.86157711e-01 -5.55386784e-03 1.65712978e-01 -3.04737978e-01 -2.22626691e-02 9.85953120e-01 1.65529333e-01 -8.44117213e-02 -1.64304642e-01 -1.66927353e-01 9.72182239e-01 -1.81383720e-01
9.85555853e-01 -5.85170403e-03 1.69245552e-01 -3.10418366e-01 -2.26789329e-02 9.85839150e-01 1.66150287e-01 -8.48849787e-02 -1.67821247e-01 -1.67588807e-01 9.71467477e-01 -1.82293187e-01
9.84932412e-01 -6.26183967e-03 1.72822521e-01 -3.16199582e-01 -2.29851903e-02 9.85737453e-01 1.66710867e-01 -8.53353545e-02 -1.71401636e-01 -1.68171402e-01 9.70741453e-01 -1.83158193e-01
9.84272168e-01 -6.58347089e-03 1.76532045e-01 -3.22107014e-01 -2.33920508e-02 9.85647930e-01 1.67182873e-01 -8.57511074e-02 -1.75099172e-01 -1.68683009e-01 9.69992489e-01 -1.83947736e-01
9.83620182e-01 -6.97397911e-03 1.80114982e-01 -3.27876828e-01 -2.37269202e-02 9.85546284e-01 1.67734313e-01 -8.61867158e-02 -1.78681503e-01 -1.69260533e-01 9.69238369e-01 -1.84733645e-01
9.82951096e-01 -7.44378048e-03 1.83713033e-01 -3.33662279e-01 -2.39938595e-02 9.85442171e-01 1.68307128e-01 -8.66346570e-02 -1.82291484e-01 -1.69845758e-01 9.68463488e-01 -1.85537569e-01
9.82264197e-01 -7.83929036e-03 1.87334851e-01 -3.39503395e-01 -2.43442812e-02 9.85335828e-01 1.68878646e-01 -8.70858690e-02 -1.85911699e-01 -1.70444083e-01 9.67669853e-01 -1.86339113e-01
9.81534526e-01 -8.19998157e-03 1.91105796e-01 -3.45565261e-01 -2.47620674e-02 9.85226584e-01 1.69454161e-01 -8.75448149e-02 -1.89672102e-01 -1.71057389e-01 9.66831502e-01 -1.87104353e-01
9.80794684e-01 -8.46222790e-03 1.94855996e-01 -3.51565196e-01 -2.52886421e-02 9.85107044e-01 1.70070075e-01 -8.79989105e-02 -1.93393267e-01 -1.71731574e-01 9.65974411e-01 -1.87787634e-01
9.80037707e-01 -8.79181941e-03 1.98613905e-01 -3.57645568e-01 -2.57527390e-02 9.84990279e-01 1.70675465e-01 -8.84575354e-02 -1.97133404e-01 -1.72383341e-01 9.65101893e-01 -1.88452054e-01
9.79231196e-01 -9.16603566e-03 2.02536149e-01 -3.63922518e-01 -2.62024284e-02 9.84877499e-01 1.71256678e-01 -8.89222687e-02 -2.01043135e-01 -1.73006917e-01 9.64183345e-01 -1.89058411e-01
9.78400685e-01 -9.45246955e-03 2.06497914e-01 -3.70259301e-01 -2.67461639e-02 9.84767731e-01 1.71803016e-01 -8.93670112e-02 -2.04976535e-01 -1.73615310e-01 9.63245375e-01 -1.89593467e-01
9.77541979e-01 -9.78724787e-03 2.10510174e-01 -3.76693066e-01 -2.72587495e-02 9.84656224e-01 1.72360606e-01 -8.98236335e-02 -2.08967179e-01 -1.74228059e-01 9.62276812e-01 -1.90122989e-01
9.76688227e-01 -1.01889640e-02 2.14417875e-01 -3.82986433e-01 -2.76731798e-02 9.84560850e-01 1.72838844e-01 -9.02563090e-02 -2.12868587e-01 -1.74743367e-01 9.61327798e-01 -1.90628963e-01
9.75804304e-01 -1.04809455e-02 2.18391316e-01 -3.89443654e-01 -2.82347800e-02 9.84445813e-01 1.73402301e-01 -9.07019914e-02 -2.16811932e-01 -1.75373031e-01 9.60331322e-01 -1.91055731e-01
9.74881864e-01 -1.08240719e-02 2.22456256e-01 -3.95989073e-01 -2.87575829e-02 9.84339175e-01 1.73921029e-01 -9.11325102e-02 -2.20855028e-01 -1.75949855e-01 9.59303964e-01 -1.91411023e-01
9.73961188e-01 -1.11295483e-02 2.26438410e-01 -4.02473461e-01 -2.93065624e-02 9.84232967e-01 1.74429505e-01 -9.15510269e-02 -2.24809571e-01 -1.76523785e-01 9.58279395e-01 -1.91764737e-01
9.73026183e-01 -1.14283761e-02 2.30408407e-01 -4.08914600e-01 -2.98675647e-02 9.84124553e-01 1.74945386e-01 -9.19633654e-02 -2.28750003e-01 -1.77108266e-01 9.57238496e-01 -1.92042323e-01
9.72066474e-01 -1.17849808e-02 2.34406477e-01 -4.15449533e-01 -3.03777610e-02 9.84019615e-01 1.75446838e-01 -9.23910542e-02 -2.32728314e-01 -1.77666827e-01 9.56175397e-01 -1.92341679e-01
9.71098046e-01 -1.23226419e-02 2.38359298e-01 -4.21923762e-01 -3.06770762e-02 9.83938525e-01 1.75848778e-01 -9.27977526e-02 -2.36697938e-01 -1.78078671e-01 9.55123733e-01 -1.92634488e-01
9.70100334e-01 -1.28129683e-02 2.42362439e-01 -4.28438287e-01 -3.10527279e-02 9.83844690e-01 1.76307242e-01 -9.32009919e-02 -2.40706142e-01 -1.78561835e-01 9.54031170e-01 -1.92786374e-01
9.69079217e-01 -1.31320473e-02 2.46396827e-01 -4.34927704e-01 -3.16158863e-02 9.83742737e-01 1.76775314e-01 -9.35808595e-02 -2.44712642e-01 -1.79099439e-01 9.52910474e-01 -1.92801753e-01
9.68027506e-01 -1.33767951e-02 2.50483895e-01 -4.41461136e-01 -3.22790641e-02 9.83631053e-01 1.77276376e-01 -9.39445853e-02 -2.48755248e-01 -1.79693896e-01 9.51751145e-01 -1.92702581e-01
9.66969565e-01 -1.35471701e-02 2.54528352e-01 -4.47929420e-01 -3.30097758e-02 9.83520611e-01 1.77753842e-01 -9.42933152e-02 -2.52742074e-01 -1.80284586e-01 9.50588328e-01 -1.92593105e-01
9.65899325e-01 -1.35463446e-02 2.58560184e-01 -4.54432891e-01 -3.39062114e-02 9.83412018e-01 1.78185401e-01 -9.46052109e-02 -2.56685084e-01 -1.80876054e-01 9.49418740e-01 -1.92365294e-01
9.64789088e-01 -1.35288101e-02 2.62673456e-01 -4.61014815e-01 -3.48455796e-02 9.83298388e-01 1.78630607e-01 -9.49026638e-02 -2.60703183e-01 -1.81493967e-01 9.48205208e-01 -1.92055637e-01
9.63658395e-01 -1.33910316e-02 2.66798668e-01 -4.67596291e-01 -3.59242209e-02 9.83173641e-01 1.79102883e-01 -9.52059332e-02 -2.64707944e-01 -1.82178633e-01 9.46963524e-01 -1.91695101e-01
9.62507598e-01 -1.34212649e-02 2.70919356e-01 -4.74140588e-01 -3.68362391e-02 9.83054627e-01 1.79570116e-01 -9.54827364e-02 -2.68738754e-01 -1.82817358e-01 9.45704232e-01 -1.91255419e-01
9.61351856e-01 -1.35405755e-02 2.74986554e-01 -4.80640712e-01 -3.76670138e-02 9.82929121e-01 1.80084093e-01 -9.57613155e-02 -2.72730906e-01 -1.83482199e-01 9.44431779e-01 -1.90758626e-01
9.60171168e-01 -1.34987088e-02 2.79083119e-01 -4.87187089e-01 -3.86595694e-02 9.82806383e-01 1.80542795e-01 -9.60364978e-02 -2.76721953e-01 -1.84141324e-01 9.43141623e-01 -1.90293858e-01
9.58982393e-01 -1.35273756e-02 2.83139688e-01 -4.93709578e-01 -3.95876482e-02 9.82679693e-01 1.81030656e-01 -9.63253424e-02 -2.80684675e-01 -1.84814141e-01 9.41838155e-01 -1.89894416e-01
9.57761830e-01 -1.36543172e-02 2.87235351e-01 -5.00266844e-01 -4.04344493e-02 9.82552543e-01 1.81532967e-01 -9.66334934e-02 -2.84702720e-01 -1.85479644e-01 9.40500369e-01 -1.89532123e-01
9.56509250e-01 -1.37516639e-02 2.91374839e-01 -5.06868765e-01 -4.13210273e-02 9.82426872e-01 1.82012904e-01 -9.69253314e-02 -2.88757635e-01 -1.86137020e-01 9.39133319e-01 -1.89101209e-01
9.55234186e-01 -1.39238055e-02 2.95520007e-01 -5.13557379e-01 -4.21266344e-02 9.82311102e-01 1.82452416e-01 -9.72115670e-02 -2.92833216e-01 -1.86734145e-01 9.37751744e-01 -1.88683230e-01
9.53928137e-01 -1.39861536e-02 2.99706148e-01 -5.20256589e-01 -4.30576840e-02 9.82190705e-01 1.82882585e-01 -9.74890572e-02 -2.96926633e-01 -1.87361593e-01 9.36338314e-01 -1.88215274e-01
9.52607217e-01 -1.39754866e-02 3.03878839e-01 -5.26909892e-01 -4.40882842e-02 9.82053294e-01 1.83374140e-01 -9.77856520e-02 -3.00988181e-01 -1.88081134e-01 9.34896125e-01 -1.87740696e-01
9.51265609e-01 -1.39759262e-02 3.08052798e-01 -5.33549323e-01 -4.51241854e-02 9.81909487e-01 1.83891241e-01 -9.81027239e-02 -3.05050260e-01 -1.88830156e-01 9.33427348e-01 -1.87276991e-01
9.49913350e-01 -1.39614266e-02 3.12198234e-01 -5.40230273e-01 -4.61604489e-02 9.81774254e-01 1.84355401e-01 -9.84022823e-02 -3.09082298e-01 -1.89532985e-01 9.31957331e-01 -1.86844421e-01
9.48555080e-01 -1.40568929e-02 3.16296783e-01 -5.46895133e-01 -4.70957821e-02 9.81634263e-01 1.84863419e-01 -9.87089375e-02 -3.13086629e-01 -1.90249501e-01 9.30473488e-01 -1.86407670e-01
9.47168476e-01 -1.42219793e-02 3.20417791e-01 -5.53596661e-01 -4.79622799e-02 9.81501801e-01 1.85343299e-01 -9.90096877e-02 -3.17126863e-01 -1.90919428e-01 9.28966791e-01 -1.85946945e-01
9.45740277e-01 -1.43775473e-02 3.24602172e-01 -5.60395782e-01 -4.88843773e-02 9.81352256e-01 1.85893384e-01 -9.93388790e-02 -3.21222049e-01 -1.91674963e-01 9.27402870e-01 -1.85345110e-01
9.44272885e-01 -1.45525256e-02 3.28838614e-01 -5.67282351e-01 -4.98031244e-02 9.81203449e-01 1.86434190e-01 -9.96531919e-02 -3.25370964e-01 -1.92422081e-01 9.25800408e-01 -1.84650513e-01
9.42751103e-01 -1.47011421e-02 3.33169855e-01 -5.74262737e-01 -5.07714435e-02 9.81054872e-01 1.86954175e-01 -9.99447074e-02 -3.29606646e-01 -1.93166903e-01 9.24145533e-01 -1.83856932e-01
9.41163956e-01 -1.49492558e-02 3.37616429e-01 -5.81410433e-01 -5.16738199e-02 9.80906786e-01 1.87483164e-01 -1.00245095e-01 -3.33973291e-01 -1.93898460e-01 9.22422993e-01 -1.82995925e-01
9.39501043e-01 -1.51939490e-02 3.42205911e-01 -5.88697547e-01 -5.26051685e-02 9.80764179e-01 1.87969653e-01 -1.00520902e-01 -3.38479609e-01 -1.94599614e-01 9.20631053e-01 -1.81911450e-01
9.37745983e-01 -1.53760767e-02 3.46978417e-01 -5.96080665e-01 -5.36154786e-02 9.80635024e-01 1.88357697e-01 -1.00722232e-01 -3.43155697e-01 -1.95235214e-01 9.18763525e-01 -1.80722369e-01
9.36004772e-01 -1.54940900e-02 3.51643278e-01 -6.03333895e-01 -5.46462263e-02 9.80519790e-01 1.88661160e-01 -1.00849420e-01 -3.47716634e-01 -1.95803846e-01 9.16925881e-01 -1.79363116e-01
9.34234651e-01 -1.57635640e-02 3.56307646e-01 -6.10556557e-01 -5.56042541e-02 9.80368487e-01 1.89166749e-01 -1.01070514e-01 -3.52295058e-01 -1.96538471e-01 9.15019061e-01 -1.77966253e-01
9.32390158e-01 -1.58217487e-02 3.61104125e-01 -6.17961864e-01 -5.67538045e-02 9.80240030e-01 1.89490597e-01 -1.01167491e-01 -3.56967138e-01 -1.97173331e-01 9.13069610e-01 -1.76455387e-01
9.30508384e-01 -1.60373528e-02 3.65916500e-01 -6.25385298e-01 -5.77526493e-02 9.80118143e-01 1.89818876e-01 -1.01259029e-01 -3.61685965e-01 -1.97760831e-01 9.11083346e-01 -1.74857436e-01
9.28554003e-01 -1.60712103e-02 3.70846458e-01 -6.32924326e-01 -5.89566600e-02 9.79993907e-01 1.90089905e-01 -1.01296682e-01 -3.66482622e-01 -1.98372737e-01 9.09031190e-01 -1.73078807e-01
9.26560412e-01 -1.60712966e-02 3.75799746e-01 -6.40512602e-01 -6.02235547e-02 9.79858675e-01 1.90389675e-01 -1.01372696e-01 -3.71290851e-01 -1.99039664e-01 9.06931765e-01 -1.71424006e-01
9.24585139e-01 -1.59874559e-02 3.80637165e-01 -6.48011313e-01 -6.15518361e-02 9.79723083e-01 1.90662470e-01 -1.01424969e-01 -3.75967635e-01 -1.99712737e-01 9.04854717e-01 -1.69714744e-01
9.22553265e-01 -1.59928744e-02 3.85535587e-01 -6.55554890e-01 -6.28227356e-02 9.79583586e-01 1.90964749e-01 -1.01497033e-01 -3.80718802e-01 -2.00395688e-01 9.02714642e-01 -1.67982408e-01
9.20483959e-01 -1.61153853e-02 3.90445303e-01 -6.63135938e-01 -6.39832784e-02 9.79449249e-01 1.91268320e-01 -1.01572486e-01 -3.85504105e-01 -2.01041529e-01 9.00537546e-01 -1.66232691e-01
9.18444907e-01 -1.62782227e-02 3.95211202e-01 -6.70624360e-01 -6.50319069e-02 9.79341187e-01 1.91467719e-01 -1.01611501e-01 -3.90163775e-01 -2.01554034e-01 8.98413662e-01 -1.64475778e-01
9.16316586e-01 -1.64267015e-02 4.00115042e-01 -6.78208787e-01 -6.61413738e-02 9.79226405e-01 1.91674701e-01 -1.01642448e-01 -3.94952204e-01 -2.02099002e-01 8.96196256e-01 -1.62630799e-01
9.14122799e-01 -1.64713653e-02 4.05100226e-01 -6.85881738e-01 -6.73420367e-02 9.79125714e-01 1.91770975e-01 -1.01628441e-01 -3.99803186e-01 -2.02582623e-01 8.93933287e-01 -1.60721512e-01
9.11901083e-01 -1.65342841e-02 4.10074394e-01 -6.93567481e-01 -6.85538944e-02 9.79012279e-01 1.91920479e-01 -1.01627155e-01 -4.04641568e-01 -2.03124815e-01 8.91630255e-01 -1.58828863e-01
9.09654196e-01 -1.64880194e-02 4.15036620e-01 -7.01286653e-01 -6.99040254e-02 9.78881708e-01 1.92099549e-01 -1.01617589e-01 -4.09439523e-01 -2.03757017e-01 8.89292637e-01 -1.56747000e-01
9.07385856e-01 -1.64739448e-02 4.19973295e-01 -7.08948240e-01 -7.12666456e-02 9.78730504e-01 1.92369223e-01 -1.01628492e-01 -4.14210176e-01 -2.04483322e-01 8.86913521e-01 -1.54606102e-01
9.05114666e-01 -1.66606821e-02 4.24838664e-01 -7.16584352e-01 -7.24522753e-02 9.78571449e-01 1.92735106e-01 -1.01730822e-01 -4.18946512e-01 -2.05228022e-01 8.84513631e-01 -1.52560961e-01
9.02760547e-01 -1.67653458e-02 4.29814432e-01 -7.24323654e-01 -7.37801467e-02 9.78394912e-01 1.93127474e-01 -1.01851479e-01 -4.23766513e-01 -2.06059750e-01 8.82020698e-01 -1.50485978e-01
9.00366494e-01 -1.69206417e-02 4.34801094e-01 -7.32236073e-01 -7.51246140e-02 9.78192876e-01 1.93631919e-01 -1.02043865e-01 -4.28596146e-01 -2.07004078e-01 8.79462215e-01 -1.48517487e-01
8.97891546e-01 -1.69030908e-02 4.39889922e-01 -7.40275348e-01 -7.66983117e-02 9.77971257e-01 1.94133882e-01 -1.02173767e-01 -4.33481588e-01 -2.08050119e-01 8.76816961e-01 -1.46393198e-01
8.95445731e-01 -1.70539556e-02 4.44841822e-01 -7.48302561e-01 -7.80905299e-02 9.77753106e-01 1.94676890e-01 -1.02333542e-01 -4.38265931e-01 -2.09060648e-01 8.74194351e-01 -1.44189308e-01
8.92959517e-01 -1.74004130e-02 4.49798424e-01 -7.56536115e-01 -7.92582889e-02 9.77562040e-01 1.95164008e-01 -1.02532147e-01 -4.43102228e-01 -2.09923948e-01 8.71545462e-01 -1.42119029e-01
8.90420851e-01 -1.76292858e-02 4.54794442e-01 -7.64703326e-01 -8.05351928e-02 9.77377992e-01 1.95562478e-01 -1.02626827e-01 -4.47954157e-01 -2.10760002e-01 8.68859255e-01 -1.39845697e-01
8.87822321e-01 -1.78354707e-02 4.59838582e-01 -7.72969257e-01 -8.19286613e-02 9.77157999e-01 1.96082278e-01 -1.02770465e-01 -4.52832653e-01 -2.11760318e-01 8.66082700e-01 -1.37484378e-01
8.85137168e-01 -1.80681674e-02 4.64977231e-01 -7.81297583e-01 -8.32860340e-02 9.76957807e-01 1.96507330e-01 -1.02821954e-01 -4.57814167e-01 -2.12662180e-01 8.63238134e-01 -1.34928882e-01
8.82391438e-01 -1.83617767e-02 4.70155603e-01 -7.89703176e-01 -8.45676131e-02 9.76775690e-01 1.96864838e-01 -1.02805852e-01 -4.62851882e-01 -2.13471909e-01 8.60346998e-01 -1.32236538e-01
8.79661567e-01 -1.86886405e-02 4.75230830e-01 -7.97971821e-01 -8.58070331e-02 9.76592831e-01 1.97235474e-01 -1.02820811e-01 -4.67793597e-01 -2.14278743e-01 8.57468873e-01 -1.29606922e-01
8.76893760e-01 -1.89259072e-02 4.80309451e-01 -8.06359745e-01 -8.71360815e-02 9.76410096e-01 1.97557163e-01 -1.02818952e-01 -4.72718464e-01 -2.15089064e-01 8.54560128e-01 -1.26890773e-01
