1.00000000e+00 0.00000000e+00 0.00000000e+00 0.00000000e+00 0.00000000e+00 1.00000000e+00 0.00000000e+00 0.00000000e+00 0.00000000e+00 0.00000000e+00 1.00000000e+00 0.00000000e+00
9.99999686e-01 -1.30435758e-05 -8.19240700e-04 7.21200849e-04 1.41544403e-05 9.99999055e-01 1.35597644e-03 -5.64874847e-04 8.19222272e-04 -1.35598755e-03 9.99998742e-01 -1.54577555e-03
9.99998685e-01 -2.59532696e-05 -1.62060745e-03 1.42055501e-03 3.03491887e-05 9.99996269e-01 2.71254759e-03 -1.13183465e-03 1.62053113e-03 -2.71259315e-03 9.99994955e-01 -3.09070424e-03
9.99997094e-01 -3.59320855e-05 -2.40576522e-03 2.10404737e-03 4.57182058e-05 9.99991649e-01 4.06784709e-03 -1.70005152e-03 2.40559920e-03 -4.06794524e-03 9.99988745e-01 -4.64031463e-03
9.99994972e-01 -4.83369116e-05 -3.16930977e-03 2.76518746e-03 6.55128752e-05 9.99985216e-01 5.41958465e-03 -2.26815676e-03 3.16900132e-03 -5.41976495e-03 9.99980192e-01 -6.19272529e-03
9.99992378e-01 -6.79271810e-05 -3.89584023e-03 3.38730702e-03 9.43198731e-05 9.99976926e-01 6.77479866e-03 -2.83884318e-03 3.89529071e-03 -6.77511473e-03 9.99969312e-01 -7.74892839e-03
9.99989497e-01 -9.64183040e-05 -4.57689338e-03 3.95727218e-03 1.33634436e-04 9.99966781e-01 8.13169854e-03 -3.41279408e-03 4.57595813e-03 -8.13222495e-03 9.99956293e-01 -9.29314876e-03
9.99986545e-01 -1.31515801e-04 -5.18022689e-03 4.42472118e-03 1.80677262e-04 9.99954825e-01 9.49089082e-03 -3.98915575e-03 5.17874519e-03 -9.49169934e-03 9.99941399e-01 -1.08204129e-02
9.99983871e-01 -1.65269312e-04 -5.67166252e-03 4.73656182e-03 2.26808587e-04 9.99941005e-01 1.08513821e-02 -4.56655219e-03 5.66953469e-03 -1.08524938e-02 9.99924920e-01 -1.23203895e-02
9.99980748e-01 -1.91588665e-04 -6.19432452e-03 5.09282749e-03 2.67236179e-04 9.99925305e-01 1.22138763e-02 -5.14689508e-03 6.19152165e-03 -1.22152971e-02 9.99906113e-01 -1.38289639e-02
9.99977241e-01 -2.19254739e-04 -6.73195713e-03 5.47062244e-03 3.10557718e-04 9.99907862e-01 1.35645765e-02 -5.72413751e-03 6.72836287e-03 -1.35663596e-02 9.99885182e-01 -1.53447060e-02
9.99974150e-01 -2.57185197e-04 -7.17787573e-03 5.73481123e-03 3.64209639e-04 9.99888626e-01 1.49130030e-02 -6.30202773e-03 7.17324121e-03 -1.49152324e-02 9.99862883e-01 -1.68430914e-02
9.99971449e-01 -3.09291623e-04 -7.54171435e-03 5.86210631e-03 4.31945092e-04 9.99867460e-01 1.62671402e-02 -6.88481552e-03 7.53568414e-03 -1.62699342e-02 9.99839061e-01 -1.83132463e-02
9.99968412e-01 -3.67384665e-04 -7.92948537e-03 6.01627200e-03 5.07015911e-04 9.99844584e-01 1.76142979e-02 -7.46683335e-03 7.92178267e-03 -1.76177632e-02 9.99813206e-01 -1.98043010e-02
9.99965262e-01 -4.18827902e-04 -8.31292081e-03 6.16372899e-03 5.76447186e-04 9.99819768e-01 1.89674267e-02 -8.05176984e-03 8.30347973e-03 -1.89715617e-02 9.99785300e-01 -2.12968852e-02
9.99962921e-01 -4.71017256e-04 -8.58938430e-03 6.16574864e-03 6.45687081e-04 9.99792664e-01 2.03441239e-02 -8.64531960e-03 8.57802215e-03 -2.03489167e-02 9.99755924e-01 -2.27565465e-02
9.99960424e-01 -5.14556922e-04 -8.87492403e-03 6.17892013e-03 7.07253921e-04 9.99763612e-01 2.17230682e-02 -9.24210591e-03 8.86164951e-03 -2.17284858e-02 9.99724440e-01 -2.42229533e-02
9.99958887e-01 -5.46986659e-04 -9.04283515e-03 6.02881157e-03 7.55651240e-04 9.99733011e-01 2.30878409e-02 -9.83395784e-03 9.02779284e-03 -2.30937261e-02 9.99692356e-01 -2.56748629e-02
9.99957845e-01 -5.86831578e-04 -9.15408873e-03 5.79038166e-03 8.10779949e-04 9.99699835e-01 2.44798049e-02 -1.04346272e-02 9.13697654e-03 -2.44861964e-02 9.99658204e-01 -2.70930862e-02
9.99956620e-01 -6.05583686e-04 -9.28475634e-03 5.56332443e-03 8.45598418e-04 9.99664830e-01 2.58683132e-02 -1.10369762e-02 9.26598020e-03 -2.58750442e-02 9.99622013e-01 -2.85411614e-02
9.99956604e-01 -6.29792676e-04 -9.28477922e-03 5.15714291e-03 8.82723863e-04 9.99627725e-01 2.72626045e-02 -1.16402657e-02 9.26415455e-03 -2.72696193e-02 9.99584939e-01 -2.99585430e-02
9.99956414e-01 -6.37979009e-04 -9.30469616e-03 4.77706662e-03 9.04489829e-04 9.99588454e-01 2.86665920e-02 -1.22499452e-02 9.28257928e-03 -2.86737606e-02 9.99545501e-01 -3.14121895e-02
9.99956762e-01 -6.36375988e-04 -9.26723594e-03 4.30528211e-03 9.14954837e-04 9.99546688e-01 3.00874767e-02 -1.28700021e-02 9.24388911e-03 -3.00946571e-02 9.99504090e-01 -3.28367146e-02
9.99956760e-01 -6.31256200e-04 -9.26782204e-03 3.86726272e-03 9.23083911e-04 9.99502590e-01 3.15178421e-02 -1.34944659e-02 9.24331756e-03 -3.15250365e-02 9.99459992e-01 -3.42893501e-02
9.99956883e-01 -6.45511230e-04 -9.25347605e-03 3.39876117e-03 9.49938366e-04 9.99456978e-01 3.29321313e-02 -1.41140912e-02 9.22719418e-03 -3.29395040e-02 9.99414536e-01 -3.57468724e-02
9.99957722e-01 -6.58002437e-04 -9.16097285e-03 2.85261767e-03 9.72230271e-04 9.99409644e-01 3.43386262e-02 -1.47336203e-02 9.13297032e-03 -3.43460837e-02 9.99368070e-01 -3.71978171e-02
9.99958781e-01 -6.66584926e-04 -9.04314650e-03 2.26996061e-03 9.89277010e-04 9.99360977e-01 3.57262039e-02 -1.53487387e-02 9.01355396e-03 -3.57336807e-02 9.99320484e-01 -3.86431939e-02
9.99960552e-01 -6.73189278e-04 -8.84231497e-03 1.61345348e-03 1.00088226e-03 9.99310622e-01 3.71076619e-02 -1.59648092e-02 8.81123959e-03 -3.71150530e-02 9.99271916e-01 -4.00821285e-02
9.99962497e-01 -6.94223688e-04 -8.61486364e-03 9.12185501e-04 1.02531950e-03 9.99258370e-01 3.84883979e-02 -1.65842990e-02 8.58175584e-03 -3.84957943e-02 9.99221647e-01 -4.15004742e-02
9.99964631e-01 -7.13381199e-04 -8.36510255e-03 2.00052216e-04 1.04651032e-03 9.99203464e-01 3.98871780e-02 -1.72135704e-02 8.32998589e-03 -3.98945261e-02 9.99168913e-01 -4.29054631e-02
9.99967062e-01 -7.36473067e-04 -8.06910265e-03 -5.42673029e-04 1.06922416e-03 9.99145572e-01 4.13112980e-02 -1.78555175e-02 8.03178474e-03 -4.13185685e-02 9.99113493e-01 -4.43133901e-02
9.99969586e-01 -7.52225080e-04 -7.74944292e-03 -1.31880792e-03 1.08274654e-03 9.99085652e-01 4.27354932e-02 -1.84992748e-02 7.71021176e-03 -4.27425872e-02 9.99056125e-01 -4.57222340e-02
9.99972418e-01 -7.48546665e-04 -7.37386144e-03 -2.15820192e-03 1.07349336e-03 9.99023596e-01 4.41624672e-02 -1.91480021e-02 7.33360521e-03 -4.41691689e-02 9.98996889e-01 -4.71176111e-02
9.99975257e-01 -7.51903299e-04 -6.97491452e-03 -2.98978543e-03 1.06919825e-03 9.98959030e-01 4.55992888e-02 -1.98045214e-02 6.93336915e-03 -4.56056240e-02 9.98935161e-01 -4.85136153e-02
9.99977829e-01 -7.47376082e-04 -6.59447022e-03 -3.82749101e-03 1.05686293e-03 9.98891624e-01 4.70533283e-02 -2.04716867e-02 6.55199588e-03 -4.70592618e-02 9.98870312e-01 -4.99091075e-02
9.99980250e-01 -7.24977574e-04 -6.21720500e-03 -4.65742520e-03 1.02582932e-03 9.98821265e-01 4.85243812e-02 -2.11489153e-02 6.17469894e-03 -4.85298092e-02 9.98802326e-01 -5.12990034e-02
9.99983081e-01 -7.17384037e-04 -5.74602640e-03 -5.57672493e-03 1.00367331e-03 9.98749673e-01 4.99770161e-02 -2.18221611e-02 5.70299053e-03 -4.99819455e-02 9.98733540e-01 -5.26769582e-02
9.99985578e-01 -7.14935042e-04 -5.29749287e-03 -6.48609563e-03 9.86416746e-04 9.98676301e-01 5.14231671e-02 -2.24942732e-02 5.25371735e-03 -5.14276570e-02 9.98662648e-01 -5.40791311e-02
9.99987799e-01 -7.15396166e-04 -4.86544025e-03 -7.38015533e-03 9.71554166e-04 9.98601729e-01 5.28516272e-02 -2.31611128e-02 4.82082824e-03 -5.28557128e-02 9.98590284e-01 -5.55042714e-02
9.99989997e-01 -6.92945491e-04 -4.39599103e-03 -8.32477820e-03 9.30608297e-04 9.98524355e-01 5.42940013e-02 -2.38367757e-02 4.35188259e-03 -5.42975517e-02 9.98515056e-01 -5.69450233e-02
9.99991898e-01 -6.57829723e-04 -3.95074701e-03 -9.25263539e-03 8.76986449e-04 9.98445308e-01 5.57292551e-02 -2.45120090e-02 3.90794586e-03 -5.57322687e-02 9.98437842e-01 -5.83756291e-02
9.99993679e-01 -6.14050091e-04 -3.48102949e-03 -1.02057483e-02 8.11912261e-04 9.98366352e-01 5.71267708e-02 -2.51754205e-02 3.44026556e-03 -5.71292355e-02 9.98360587e-01 -5.98360892e-02
9.99995244e-01 -5.34738063e-04 -3.01567288e-03 -1.11806032e-02 7.10271176e-04 9.98286334e-01 5.85096194e-02 -2.58340116e-02 2.97921924e-03 -5.85114814e-02 9.98282019e-01 -6.13243672e-02
9.99996425e-01 -4.42541905e-04 -2.59987241e-03 -1.21172379e-02 5.97507222e-04 9.98203378e-01 5.99099023e-02 -2.64997917e-02 2.56869013e-03 -5.99112431e-02 9.98200135e-01 -6.28038657e-02
9.99997518e-01 -3.62701725e-04 -2.16335931e-03 -1.30935238e-02 4.94598683e-04 9.98120073e-01 6.12831226e-02 -2.71553005e-02 2.13706614e-03 -6.12840392e-02 9.98117842e-01 -6.43074765e-02
9.99998469e-01 -2.99390234e-04 -1.67896419e-03 -1.41109495e-02 4.03977119e-04 9.98035758e-01 6.26423084e-02 -2.78076653e-02 1.65691296e-03 -6.26428893e-02 9.98034421e-01 -6.58337323e-02
9.99999201e-01 -2.52930645e-04 -1.16215001e-03 -1.51633623e-02 3.26764820e-04 9.97951052e-01 6.39779776e-02 -2.84535129e-02 1.14358799e-03 -6.39783067e-02 9.97950410e-01 -6.73847533e-02
9.99999669e-01 -1.75045254e-04 -6.27016530e-04 -1.62447446e-02 2.15611949e-04 9.97865902e-01 6.52934226e-02 -2.90947161e-02 6.14250172e-04 -6.52935399e-02 9.97865688e-01 -6.89098758e-02
9.99999865e-01 -7.83427845e-05 -1.41797360e-04 -1.72940515e-02 8.76140647e-05 9.97778909e-01 6.66101789e-02 -2.97415423e-02 1.36265004e-04 -6.66101859e-02 9.97778868e-01 -7.04185359e-02
9.99999824e-01 9.93824339e-05 3.12406574e-04 -1.83246055e-02 -1.20377012e-04 9.97689355e-01 6.79381739e-02 -3.03983834e-02 -3.04931878e-04 -6.79382011e-02 9.97689310e-01 -7.19179726e-02
9.99999526e-01 2.71814597e-04 7.84871924e-04 -1.93886453e-02 -3.25553283e-04 9.97595592e-01 6.93007916e-02 -3.10667484e-02 -7.64146872e-04 -6.93010149e-02 9.97595356e-01 -7.33917264e-02
9.99998889e-01 4.25712132e-04 1.31138805e-03 -2.05134439e-02 -5.17320569e-04 9.97499631e-01 7.06674883e-02 -3.17365268e-02 -1.27802417e-03 -7.06680917e-02 9.97498916e-01 -7.48551895e-02
9.99997872e-01 6.34244904e-04 1.85299341e-03 -2.16593697e-02 -7.66092478e-04 9.97401077e-01 7.20426449e-02 -3.24153285e-02 -1.80248411e-03 -7.20439189e-02 9.97399658e-01 -7.63039885e-02
9.99996526e-01 8.72412823e-04 2.40136884e-03 -2.28188110e-02 -1.04638452e-03 9.97299870e-01 7.34263994e-02 -3.31023642e-02 -2.33082607e-03 -7.34286609e-02 9.97297593e-01 -7.77512672e-02
9.99994878e-01 1.08342178e-03 2.92706372e-03 -2.39520620e-02 -1.29938681e-03 9.97196113e-01 7.48177586e-02 -3.37951069e-02 -2.83779700e-03 -7.48211857e-02 9.97192735e-01 -7.91910349e-02
9.99992807e-01 1.19619534e-03 3.52676349e-03 -2.51330247e-02 -1.46151462e-03 9.97090093e-01 7.62142654e-02 -3.44879266e-02 -3.42533379e-03 -7.62188789e-02 9.97085004e-01 -8.06000743e-02
9.99990285e-01 1.28113715e-03 4.15128544e-03 -2.63314166e-02 -1.59954917e-03 9.96980645e-01 7.76301328e-02 -3.51887980e-02 -4.03929658e-03 -7.76360289e-02 9.96973352e-01 -8.19650795e-02
9.99987159e-01 1.32541617e-03 4.83530034e-03 -2.75794053e-02 -1.70331568e-03 9.96872292e-01 7.90071477e-02 -3.58722445e-02 -4.71546002e-03 -7.90143788e-02 9.96862094e-01 -8.33335352e-02
9.99983449e-01 1.38898783e-03 5.53299646e-03 -2.88438381e-02 -1.82916410e-03 9.96763810e-01 8.03617501e-02 -3.65475613e-02 -5.40346950e-03 -8.03705515e-02 9.96750204e-01 -8.47206104e-02
9.99978636e-01 1.47741972e-03 6.32107475e-03 -3.01930458e-02 -1.98876294e-03 9.96657164e-01 8.16696057e-02 -3.72059661e-02 -6.17928516e-03 -8.16804449e-02 9.96639169e-01 -8.61223167e-02
9.99972993e-01 1.57452260e-03 7.13262309e-03 -3.15838417e-02 -2.16083806e-03 9.96550615e-01 8.29552498e-02 -3.78571912e-02 -6.97740627e-03 -8.29684401e-02 9.96527475e-01 -8.75242052e-02
9.99966687e-01 1.66816993e-03 7.94436438e-03 -3.29743228e-02 -2.33176237e-03 9.96440123e-01 8.42677544e-02 -3.85196321e-02 -7.77551172e-03 -8.42834952e-02 9.96411199e-01 -8.89196539e-02
9.99959216e-01 1.78944591e-03 8.80846343e-03 -3.44358357e-02 -2.53644212e-03 9.96331396e-01 8.55379829e-02 -3.91670922e-02 -8.62308430e-03 -8.55568630e-02 9.96295699e-01 -9.03526992e-02
9.99950536e-01 1.92440882e-03 9.71789614e-03 -3.59678038e-02 -2.76070974e-03 9.96222321e-01 8.67919053e-02 -3.98084076e-02 -9.51416397e-03 -8.68144666e-02 9.96178776e-01 -9.18209120e-02
9.99940422e-01 2.02611335e-03 1.06893936e-02 -3.75441012e-02 -2.95969823e-03 9.96110628e-01 8.80582717e-02 -4.04542536e-02 -1.04694044e-02 -8.80846881e-02 9.96057711e-01 -9.32653505e-02
9.99929480e-01 2.13720562e-03 1.16492763e-02 -3.91097696e-02 -3.16961867e-03 9.95995826e-01 8.93401335e-02 -4.11069134e-02 -1.14116947e-02 -8.93707796e-02 9.95932811e-01 -9.46911083e-02
9.99917202e-01 2.24216100e-03 1.26397276e-02 -4.07090207e-02 -3.37828775e-03 9.95881861e-01 9.05938126e-02 -4.17457480e-02 -1.23845528e-02 -9.06290374e-02 9.95807443e-01 -9.61070942e-02
9.99904293e-01 2.38164449e-03 1.35995114e-02 -4.22860548e-02 -3.62127508e-03 9.95764186e-01 9.18689455e-02 -4.23931556e-02 -1.33231106e-02 -9.19094229e-02 9.95677997e-01 -9.75229590e-02
9.99891298e-01 2.53498570e-03 1.44977615e-02 -4.38251232e-02 -3.87488867e-03 9.95643814e-01 9.31540439e-02 -4.30473218e-02 -1.41984664e-02 -9.32001151e-02 9.95545925e-01 -9.89324414e-02
9.99875378e-01 2.67971695e-03 1.55322191e-02 -4.55213150e-02 -4.13446394e-03 9.95525500e-01 9.43987809e-02 -4.36892329e-02 -1.52097630e-02 -9.44512539e-02 9.95413058e-01 -1.00368927e-01
9.99857909e-01 2.78529430e-03 1.65991549e-02 -4.72750986e-02 -4.36032594e-03 9.95408039e-01 9.56194934e-02 -4.43221130e-02 -1.62566087e-02 -9.56783106e-02 9.95279304e-01 -1.01812060e-01
9.99840007e-01 2.85388864e-03 1.76336118e-02 -4.89986301e-02 -4.54923079e-03 9.95286823e-01 9.68642058e-02 -4.49642583e-02 -1.72740677e-02 -9.69289535e-02 9.95141135e-01 -1.03258969e-01
9.99821142e-01 2.96296037e-03 1.86561130e-02 -5.07456676e-02 -4.77932489e-03 9.95166469e-01 9.80821678e-02 -4.55991918e-02 -1.82753302e-02 -9.81538119e-02 9.95003221e-01 -1.04705437e-01
9.99802600e-01 3.05284818e-03 1.96117414e-02 -5.24542573e-02 -4.98599993e-03 9.95045472e-01 9.92922463e-02 -4.62328592e-02 -1.92114554e-02 -9.93704496e-02 9.94864869e-01 -1.06174222e-01
9.99783841e-01 3.08893581e-03 2.05398776e-02 -5.41285395e-02 -5.13870927e-03 9.94923026e-01 1.00504318e-01 -4.68739638e-02 -2.01251503e-02 -1.00588164e-01 9.94724438e-01 -1.07678684e-01
9.99762891e-01 3.10803306e-03 2.15321119e-02 -5.58595869e-02 -5.28310455e-03 9.94799947e-01 1.01707714e-01 -4.75139110e-02 -2.11040389e-02 -1.01797380e-01 9.94581094e-01 -1.09182073e-01
9.99740463e-01 3.13021528e-03 2.25474182e-02 -5.76155039e-02 -5.43516623e-03 9.94676141e-01 1.02903398e-01 -4.81544465e-02 -2.21052765e-02 -1.02999261e-01 9.94435603e-01 -1.10730093e-01
9.99716444e-01 3.15994667e-03 2.35844018e-02 -5.94129183e-02 -5.59848993e-03 9.94555008e-01 1.04058700e-01 -4.87825354e-02 -2.31271741e-02 -1.04161251e-01 9.94291296e-01 -1.12320820e-01
9.99689385e-01 3.18334144e-03 2.47007710e-02 -6.13116404e-02 -5.76605026e-03 9.94433456e-01 1.05204753e-01 -4.94142995e-02 -2.42283810e-02 -1.05314527e-01 9.94143537e-01 -1.13948535e-01
9.99657992e-01 3.23269662e-03 2.59346590e-02 -6.33533081e-02 -5.97455658e-03 9.94310132e-01 1.06352291e-01 -5.00554382e-02 -2.54433018e-02 -1.06470890e-01 9.93990001e-01 -1.15559090e-01
9.99625873e-01 3.22383589e-03 2.71450109e-02 -6.54007438e-02 -6.12565392e-03 9.94185021e-01 1.07506780e-01 -5.06976559e-02 -2.66405935e-02 -1.07632867e-01 9.93833436e-01 -1.17157979e-01
9.99591108e-01 3.25115836e-03 2.83931956e-02 -6.75323294e-02 -6.31843384e-03 9.94063116e-01 1.08617358e-01 -5.13299169e-02 -2.78715103e-02 -1.08752374e-01 9.93677814e-01 -1.18761648e-01
9.99552326e-01 3.25399298e-03 2.97271352e-02 -6.97616432e-02 -6.49819563e-03 9.93943299e-01 1.09697828e-01 -5.19487216e-02 -2.91901459e-02 -1.09841919e-01 9.93520103e-01 -1.20369773e-01
9.99509535e-01 3.27657392e-03 3.11294297e-02 -7.20610279e-02 -6.70747471e-03 9.93824296e-01 1.10758427e-01 -5.25622030e-02 -3.05742903e-02 -1.10912937e-01 9.93359463e-01 -1.22010591e-01
9.99465041e-01 3.32371013e-03 3.25214622e-02 -7.43671039e-02 -6.94285882e-03 9.93704472e-01 1.11814160e-01 -5.31741030e-02 -3.19450990e-02 -1.11980172e-01 9.93196588e-01 -1.23628718e-01
9.99419734e-01 3.40366838e-03 3.38764936e-02 -7.66620523e-02 -7.20879218e-03 9.93586094e-01 1.12844398e-01 -5.37767190e-02 -3.32751441e-02 -1.13023169e-01 9.93034731e-01 -1.25248761e-01
9.99369251e-01 3.45806252e-03 3.53296084e-02 -7.90762982e-02 -7.46229957e-03 9.93470043e-01 1.13845370e-01 -5.43577346e-02 -3.47052388e-02 -1.14037240e-01 9.92869870e-01 -1.26779554e-01
9.99318551e-01 3.49420756e-03 3.67315519e-02 -8.14318110e-02 -7.69403724e-03 9.93355168e-01 1.14827873e-01 -5.49273304e-02 -3.60862626e-02 -1.15032282e-01 9.92705790e-01 -1.28266909e-01
9.99265705e-01 3.56614436e-03 3.81346548e-02 -8.38260108e-02 -7.96489306e-03 9.93237053e-01 1.15826911e-01 -5.55076812e-02 -3.74637144e-02 -1.16045649e-01 9.92536796e-01 -1.29767932e-01
9.99205687e-01 3.64387299e-03 3.96693574e-02 -8.63824920e-02 -8.25935761e-03 9.93118874e-01 1.16815604e-01 -5.60722617e-02 -3.89707429e-02 -1.17050507e-01 9.92360805e-01 -1.31222735e-01
9.99142735e-01 3.72930453e-03 4.12166248e-02 -8.89994440e-02 -8.56446633e-03 9.93004051e-01 1.17765875e-01 -5.66194611e-02 -4.04891078e-02 -1.18017966e-01 9.92185421e-01 -1.32668925e-01
9.99078552e-01 3.83803681e-03 4.27339083e-02 -9.16153101e-02 -8.89304881e-03 9.92885400e-01 1.18737692e-01 -5.71738391e-02 -4.19741735e-02 -1.19008369e-01 9.92005360e-01 -1.34083424e-01
9.99010904e-01 3.96562390e-03 4.42757503e-02 -9.42651696e-02 -9.24647607e-03 9.92764969e-01 1.19713379e-01 -5.77305370e-02 -4.34806981e-02 -1.20004418e-01 9.91820447e-01 -1.35524350e-01
9.98938982e-01 4.07179459e-03 4.58602482e-02 -9.69646386e-02 -9.58708367e-03 9.92642912e-01 1.20694395e-01 -5.82874126e-02 -4.50314336e-02 -1.21006055e-01 9.91629509e-01 -1.36961808e-01
9.98863730e-01 4.22369991e-03 4.74569600e-02 -9.97138340e-02 -9.97663057e-03 9.92522287e-01 1.21650856e-01 -5.88366877e-02 -4.65883014e-02 -1.21986147e-01 9.91437463e-01 -1.38385581e-01
9.98785458e-01 4.37514826e-03 4.90635390e-02 -1.02477625e-01 -1.03711156e-02 9.92397768e-01 1.22629420e-01 -5.93970511e-02 -4.81540561e-02 -1.22989377e-01 9.91238685e-01 -1.39818699e-01
9.98701202e-01 4.49221096e-03 5.07397640e-02 -1.05307650e-01 -1.07417166e-02 9.92276305e-01 1.23576687e-01 -5.99414267e-02 -4.97927654e-02 -1.23961265e-01 9.91036670e-01 -1.41249394e-01
9.98611709e-01 4.66565640e-03 5.24563834e-02 -1.08179996e-01 -1.11754088e-02 9.92156051e-01 1.24500324e-01 -6.04739415e-02 -5.14640738e-02 -1.24913745e-01 9.90831717e-01 -1.42659038e-01
9.98516228e-01 4.91071766e-03 5.42220750e-02 -1.11141795e-01 -1.16876362e-02 9.92038659e-01 1.25385729e-01 -6.09945397e-02 -5.31746935e-02 -1.25833458e-01 9.90624989e-01 -1.44076369e-01
9.98419388e-01 5.17118331e-03 5.59535639e-02 -1.14140368e-01 -1.22156517e-02 9.91916230e-01 1.26300512e-01 -6.15264402e-02 -5.48481624e-02 -1.26784436e-01 9.90412438e-01 -1.45502525e-01
9.98323135e-01 5.33549816e-03 5.76305108e-02 -1.17072703e-01 -1.26471543e-02 9.91787678e-01 1.27263596e-01 -6.20814783e-02 -5.64782564e-02 -1.27779094e-01 9.90192985e-01 -1.46935957e-01
9.98225444e-01 5.54680659e-03 5.92798318e-02 -1.20027487e-01 -1.31232833e-02 9.91661431e-01 1.28196072e-01 -6.26230487e-02 -5.80744843e-02 -1.28746564e-01 9.89975339e-01 -1.48328731e-01
9.98119046e-01 5.85209622e-03 6.10162684e-02 -1.23151613e-01 -1.37078345e-02 9.91531305e-01 1.29137935e-01 -6.31633808e-02 -5.97438541e-02 -1.29731475e-01 9.89747388e-01 -1.49700498e-01
9.98009683e-01 6.15599290e-03 6.27503547e-02 -1.26212899e-01 -1.42930656e-02 9.91402014e-01 1.30063897e-01 -6.37031967e-02 -6.14101964e-02 -1.30701969e-01 9.89517698e-01 -1.51077163e-01
9.97884357e-01 6.49652828e-03 6.46790489e-02 -1.29534493e-01 -1.49395350e-02 9.91279224e-01 1.30924268e-01 -6.42112178e-02 -6.32644849e-02 -1.31613602e-01 9.89280026e-01 -1.52395871e-01
9.97750881e-01 6.76060580e-03 6.66806935e-02 -1.32903321e-01 -1.55238721e-02 9.91154925e-01 1.31794542e-01 -6.47157742e-02 -6.51999285e-02 -1.32533305e-01 9.89031576e-01 -1.53723712e-01
9.97609121e-01 7.05760806e-03 6.87386848e-02 -1.36292747e-01 -1.61524922e-02 9.91028013e-01 1.32670400e-01 -6.52195888e-02 -6.71856702e-02 -1.33463552e-01 9.88773518e-01 -1.54971810e-01
9.97467222e-01 7.27216665e-03 7.07467237e-02 -1.39644008e-01 -1.66968764e-02 9.90900138e-01 1.33555266e-01 -6.57294398e-02 -6.91317490e-02 -1.34398297e-01 9.88512725e-01 -1.56219005e-01
9.97317333e-01 7.49671307e-03 7.28070375e-02 -1.43121309e-01 -1.72659139e-02 9.90763385e-01 1.34494238e-01 -6.62491446e-02 -7.11263317e-02 -1.35390556e-01 9.88235798e-01 -1.57424220e-01
9.97165025e-01 7.75129416e-03 7.48386383e-02 -1.46592901e-01 -1.78666708e-02 9.90621591e-01 1.35457049e-01 -6.67802817e-02 -7.30868503e-02 -1.36410184e-01 9.87952547e-01 -1.58654360e-01
9.97008660e-01 7.95910234e-03 7.68729925e-02 -1.50007089e-01 -1.84268623e-02 9.90476654e-01 1.36438516e-01 -6.73164064e-02 -7.50550235e-02 -1.37446939e-01 9.87661279e-01 -1.59893614e-01
9.96834187e-01 8.26374425e-03 7.90714761e-02 -1.53613564e-01 -1.91115980e-02 9.90325678e-01 1.37436376e-01 -6.78587425e-02 -7.71708254e-02 -1.38512499e-01 9.87349272e-01 -1.61131105e-01
9.96667574e-01 8.42647834e-03 8.11278953e-02 -1.57078170e-01 -1.96382831e-02 9.90179455e-01 1.38412507e-01 -6.83970029e-02 -7.91648963e-02 -1.39544516e-01 9.87046025e-01 -1.62446996e-01
9.96478042e-01 8.59843927e-03 8.34067172e-02 -1.60810221e-01 -2.02045306e-02 9.90040235e-01 1.39324159e-01 -6.89147559e-02 -8.13780865e-02 -1.40518698e-01 9.86727817e-01 -1.63774967e-01
9.96287893e-01 8.78136079e-03 8.56295628e-02 -1.64467250e-01 -2.07818205e-02 9.89893431e-01 1.40279429e-01 -6.94495152e-02 -8.35323457e-02 -1.41538282e-01 9.86402021e-01 -1.65145156e-01
9.96079353e-01 9.17078434e-03 8.79822579e-02 -1.68288033e-01 -2.15834847e-02 9.89746993e-01 1.41188799e-01 -6.99670883e-02 -8.57854116e-02 -1.42534266e-01 9.86065157e-01 -1.66468188e-01
9.95875231e-01 9.59698440e-03 9.02189481e-02 -1.71957378e-01 -2.24098237e-02 9.89598011e-01 1.42101350e-01 -7.04982435e-02 -8.79167963e-02 -1.43537061e-01 9.85731916e-01 -1.67871233e-01
9.95670780e-01 9.96586005e-03 9.24089618e-02 -1.75593867e-01 -2.31783904e-02 9.89446337e-01 1.43031194e-01 -7.10425051e-02 -9.00083331e-02 -1.44553931e-01 9.85394474e-01 -1.69330941e-01
9.95443825e-01 1.02187310e-02 9.47957071e-02 -1.79480454e-01 -2.38668856e-02 9.89292133e-01 1.43981586e-01 -7.15776109e-02 -9.23093895e-02 -1.45588116e-01 9.85029313e-01 -1.70638537e-01
9.95236959e-01 1.04221909e-02 9.69219812e-02 -1.83087208e-01 -2.44781249e-02 9.89130067e-01 1.44989148e-01 -7.21520633e-02 -9.43573894e-02 -1.46671082e-01 9.84674569e-01 -1.72071805e-01
9.95014356e-01 1.06648963e-02 9.91554598e-02 -1.86875700e-01 -2.51495949e-02 9.88964059e-01 1.46003180e-01 -7.27222480e-02 -9.65041246e-02 -1.47769033e-01 9.84302311e-01 -1.73401712e-01
9.94791301e-01 1.08090852e-02 1.01354102e-01 -1.90609373e-01 -2.57215177e-02 9.88801052e-01 1.47004516e-01 -7.32808316e-02 -9.86301021e-02 -1.48845841e-01 9.83929314e-01 -1.74701957e-01
9.94549765e-01 1.09646769e-02 1.03681037e-01 -1.94487582e-01 -2.63358990e-02 9.88625394e-01 1.48073440e-01 -7.38744010e-02 -1.00878173e-01 -1.49996992e-01 9.83526478e-01 -1.76020373e-01
9.94290394e-01 1.10186437e-02 1.06134091e-01 -1.98564983e-01 -2.68694083e-02 9.88456777e-01 1.49099541e-01 -7.44144862e-02 -1.03266136e-01 -1.51100048e-01 9.83109730e-01 -1.77148542e-01
9.94027410e-01 1.10178795e-02 1.08569621e-01 -2.02598210e-01 -2.73472982e-02 9.88293990e-01 1.50088616e-01 -7.49184708e-02 -1.05645090e-01 -1.52161328e-01 9.82693225e-01 -1.78212470e-01
9.93769404e-01 1.10824493e-02 1.10899988e-01 -2.06546076e-01 -2.78803306e-02 9.88126661e-01 1.51088936e-01 -7.54523001e-02 -1.07908841e-01 -1.53239529e-01 9.82279659e-01 -1.79337402e-01
9.93480454e-01 1.11000272e-02 1.13457515e-01 -2.10791093e-01 -2.84057288e-02 9.87960287e-01 1.52075930e-01 -7.59766517e-02 -1.10403511e-01 -1.54307347e-01 9.81835191e-01 -1.80448484e-01
9.93179749e-01 1.10673148e-02 1.16063345e-01 -2.15051301e-01 -2.88940537e-02 9.87794008e-01 1.53060988e-01 -7.65042921e-02 -1.12952739e-01 -1.55370659e-01 9.81377444e-01 -1.81541244e-01
9.92854667e-01 1.11764544e-02 1.18801568e-01 -2.19478091e-01 -2.95447532e-02 9.87628739e-01 1.54000227e-01 -7.70316542e-02 -1.15610704e-01 -1.56409857e-01 9.80902722e-01 -1.82643737e-01
9.92488047e-01 1.12252770e-02 1.21821785e-01 -2.24192658e-01 -3.01802852e-02 9.87470367e-01 1.54889814e-01 -7.75421767e-02 -1.18556765e-01 -1.57402957e-01 9.80392059e-01 -1.83764006e-01
9.92112471e-01 1.11962860e-02 1.24845959e-01 -2.28922198e-01 -3.07375627e-02 9.87322871e-01 1.55718129e-01 -7.80215396e-02 -1.21519856e-01 -1.58327418e-01 9.79880228e-01 -1.84833946e-01
9.91706118e-01 1.11849321e-02 1.28034645e-01 -2.33826014e-01 -3.13421706e-02 9.87176117e-01 1.56525866e-01 -7.84909865e-02 -1.24642067e-01 -1.59240606e-01 9.79339914e-01 -1.85859597e-01
9.91280407e-01 1.11017428e-02 1.31296902e-01 -2.38906445e-01 -3.18971448e-02 9.87025198e-01 1.57363391e-01 -7.89475612e-02 -1.27846394e-01 -1.60179310e-01 9.78773614e-01 -1.86774281e-01
9.90822129e-01 1.09993291e-02 1.34719858e-01 -2.44211144e-01 -3.24653399e-02 9.86873220e-01 1.58198256e-01 -7.94029964e-02 -1.31211394e-01 -1.61120137e-01 9.78173683e-01 -1.87607207e-01
9.90329234e-01 1.08669297e-02 1.38306881e-01 -2.49694049e-01 -3.30382266e-02 9.86719139e-01 1.59038563e-01 -7.98595047e-02 -1.34741836e-01 -1.62070037e-01 9.77536594e-01 -1.88365885e-01
9.89834489e-01 1.06338219e-02 1.41821924e-01 -2.55203774e-01 -3.35029317e-02 9.86571083e-01 1.59857877e-01 -8.02919926e-02 -1.38217555e-01 -1.62984379e-01 9.76899119e-01 -1.89095194e-01
9.89318992e-01 1.03169089e-02 1.45397128e-01 -2.60827598e-01 -3.38989343e-02 9.86426650e-01 1.60663422e-01 -8.06949349e-02 -1.41766108e-01 -1.63876269e-01 9.76241154e-01 -1.89778448e-01
9.88775894e-01 1.01712881e-02 1.49055628e-01 -2.66573849e-01 -3.44737775e-02 9.86289269e-01 1.61382850e-01 -8.10888113e-02 -1.45370556e-01 -1.64710074e-01 9.75570499e-01 -1.90532093e-01
9.88196170e-01 9.97341827e-03 1.52864833e-01 -2.72350351e-01 -3.50282006e-02 9.86152048e-01 1.62100331e-01 -8.14838288e-02 -1.49131343e-01 -1.65541599e-01 9.74861835e-01 -1.91291110e-01
9.87617418e-01 9.73495237e-03 1.56575437e-01 -2.78092708e-01 -3.55184125e-02 9.86030653e-01 1.62730855e-01 -8.18782446e-02 -1.52804076e-01 -1.66277228e-01 9.74167639e-01 -1.92207730e-01
9.87030630e-01 9.51846268e-03 1.60245997e-01 -2.83773170e-01 -3.60148326e-02 9.85923604e-01 1.63269473e-01 -8.22424689e-02 -1.56436310e-01 -1.66923285e-01 9.73480434e-01 -1.93159068e-01
9.86421383e-01 9.19611562e-03 1.63972726e-01 -2.89540505e-01 -3.64162322e-02 9.85823602e-01 1.63783452e-01 -8.25940475e-02 -1.60142081e-01 -1.67530856e-01 9.72773247e-01 -1.94085123e-01
9.85786403e-01 8.92822648e-03 1.67762491e-01 -2.95433014e-01 -3.68844697e-02 9.85724090e-01 1.64276624e-01 -8.29358062e-02 -1.63900912e-01 -1.68129571e-01 9.72043622e-01 -1.94929760e-01
9.85131671e-01 8.80438014e-03 1.71571773e-01 -3.01382882e-01 -3.75043951e-02 9.85619163e-01 1.64764950e-01 -8.32631376e-02 -1.67653869e-01 -1.68749944e-01 9.71295760e-01 -1.95680441e-01
9.84467535e-01 8.74565414e-03 1.75345391e-01 -3.07358513e-01 -3.81871252e-02 9.85512459e-01 1.65245547e-01 -8.35803137e-02 -1.71359993e-01 -1.69374887e-01 9.70539899e-01 -1.96373318e-01
9.83800453e-01 8.54997422e-03 1.79059661e-01 -3.13287467e-01 -3.87284340e-02 9.85409692e-01 1.65731537e-01 -8.39063516e-02 -1.75030244e-01 -1.69981540e-01 9.69778541e-01 -1.97106608e-01
9.83118292e-01 8.10881677e-03 1.82787962e-01 -3.19280737e-01 -3.90190130e-02 9.85327535e-01 1.66151399e-01 -8.42261977e-02 -1.78758838e-01 -1.70478769e-01 9.69010832e-01 -1.97883673e-01
9.82414362e-01 7.93781383e-03 1.86541618e-01 -3.25271954e-01 -3.96068282e-02 9.85217441e-01 1.66664449e-01 -8.45554750e-02 -1.82461220e-01 -1.71121954e-01 9.68207067e-01 -1.98574998e-01
9.81663380e-01 7.82895705e-03 1.90458586e-01 -3.31402240e-01 -4.03023024e-02 9.85092822e-01 1.67233515e-01 -8.49003993e-02 -1.86310232e-01 -1.71843024e-01 9.67345987e-01 -1.99216036e-01
9.80889793e-01 7.89121656e-03 1.94400776e-01 -3.37531702e-01 -4.11816185e-02 9.84958643e-01 1.67808610e-01 -8.52459026e-02 -1.90152618e-01 -1.72607578e-01 9.66461807e-01 -1.99765532e-01
9.80081958e-01 7.98559233e-03 1.98429679e-01 -3.43745965e-01 -4.21113533e-02 9.84824797e-01 1.68362845e-01 -8.55743737e-02 -1.94074091e-01 -1.73365622e-01 9.65546196e-01 -2.00260804e-01
9.79232616e-01 7.96839426e-03 2.02580114e-01 -3.50074626e-01 -4.29549381e-02 9.84695776e-01 1.68903289e-01 -8.59000368e-02 -1.98134010e-01 -1.74097522e-01 9.64589416e-01 -2.00739066e-01
9.78374937e-01 7.90549787e-03 2.06684972e-01 -3.56411206e-01 -4.37439370e-02 9.84574031e-01 1.69409700e-01 -8.62132676e-02 -2.02157509e-01 -1.74787518e-01 9.63629292e-01 -2.01191564e-01
9.77502330e-01 7.96907395e-03 2.10770809e-01 -3.62675056e-01 -4.46718123e-02 9.84438212e-01 1.69955976e-01 -8.65374233e-02 -2.06136563e-01 -1.75547977e-01 9.62647605e-01 -2.01538955e-01
9.76631645e-01 8.01193177e-03 2.14767437e-01 -3.68947975e-01 -4.55581975e-02 9.84311951e-01 1.70451154e-01 -8.68540537e-02 -2.10032632e-01 -1.76252509e-01 9.61676211e-01 -2.01899832e-01
9.75743900e-01 8.10706420e-03 2.18761919e-01 -3.75256745e-01 -4.65118653e-02 9.84174872e-01 1.70984609e-01 -8.71727116e-02 -2.13913911e-01 -1.77012317e-01 9.60680655e-01 -2.02174291e-01
9.74815354e-01 8.17562025e-03 2.22860791e-01 -3.81569678e-01 -4.74767602e-02 9.84027051e-01 1.71569258e-01 -8.74985361e-02 -2.17898484e-01 -1.77829152e-01 9.59633727e-01 -2.02377921e-01
9.73886348e-01 8.19691209e-03 2.26885310e-01 -3.87830494e-01 -4.83773976e-02 9.83888724e-01 1.72110119e-01 -8.78032041e-02 -2.21819245e-01 -1.78591907e-01 9.58593275e-01 -2.02546611e-01
9.72948082e-01 8.20000519e-03 2.30875661e-01 -3.94062200e-01 -4.92565294e-02 9.83753099e-01 1.72635298e-01 -8.80966645e-02 -2.25709148e-01 -1.79337397e-01 9.57545556e-01 -2.02669504e-01
9.71997825e-01 8.06159896e-03 2.34849036e-01 -4.00322826e-01 -5.00201524e-02 9.83604635e-01 1.73260565e-01 -8.84259830e-02 -2.29601956e-01 -1.80156149e-01 9.56465773e-01 -2.02823836e-01
9.71007987e-01 8.13287374e-03 2.38906334e-01 -4.06702450e-01 -5.10292862e-02 9.83435615e-01 1.73924693e-01 -8.87653852e-02 -2.33534596e-01 -1.81073554e-01 9.55339782e-01 -2.02880347e-01
9.70000697e-01 8.10640689e-03 2.42964550e-01 -4.13082505e-01 -5.19346671e-02 9.83280069e-01 1.74535013e-01 -8.90953064e-02 -2.37487455e-01 -1.81917441e-01 9.54204317e-01 -2.02966340e-01
9.68972704e-01 7.92972333e-03 2.47038238e-01 -4.19442409e-01 -5.26707240e-02 9.83151963e-01 1.75035225e-01 -8.93816910e-02 -2.41488274e-01 -1.82616105e-01 9.53066041e-01 -2.03037193e-01
9.67934227e-01 7.90314689e-03 2.51077010e-01 -4.25800442e-01 -5.35848504e-02 9.82995603e-01 1.75634868e-01 -8.96856855e-02 -2.45419655e-01 -1.83457002e-01 9.51899572e-01 -2.03068567e-01
9.66832872e-01 7.89779970e-03 2.55285219e-01 -4.32390424e-01 -5.45597895e-02 9.82836082e-01 1.76226355e-01 -8.99759566e-02 -2.49511853e-01 -1.84309824e-01 9.50670171e-01 -2.03052367e-01
9.65698840e-01 7.75843958e-03 2.59546367e-01 -4.39048218e-01 -5.54135595e-02 9.82684635e-01 1.76803630e-01 -9.02293075e-02 -2.53680635e-01 -1.85121525e-01 9.49408377e-01 -2.02823012e-01
9.64565867e-01 7.63592603e-03 2.63729247e-01 -4.45602885e-01 -5.62438677e-02 9.82555514e-01 1.77258390e-01 -9.04241300e-02 -2.57775234e-01 -1.85810626e-01 9.48170031e-01 -2.02567487e-01
9.63374843e-01 7.57947390e-03 2.68048841e-01 -4.52291846e-01 -5.71815731e-02 9.82415655e-01 1.77733008e-01 -9.05950924e-02 -2.61988387e-01 -1.86551044e-01 9.46868999e-01 -2.02168012e-01
9.62094277e-01 7.27736461e-03 2.72617513e-01 -4.59152408e-01 -5.79486243e-02 9.82270602e-01 1.78285433e-01 -9.07977612e-02 -2.66486855e-01 -1.87325296e-01 9.45459709e-01 -2.01672167e-01
9.60805595e-01 6.97298374e-03 2.77132992e-01 -4.66000172e-01 -5.86972411e-02 9.82134643e-01 1.78788745e-01 -9.09850779e-02 -2.70935369e-01 -1.88048251e-01 9.44050832e-01 -2.01188214e-01
9.59544439e-01 6.81392381e-03 2.81472467e-01 -4.72761044e-01 -5.95473047e-02 9.82003858e-01 1.79225397e-01 -9.11718901e-02 -2.75185984e-01 -1.88735742e-01 9.42683170e-01 -2.00933010e-01
9.58253571e-01 6.56032659e-03 2.85842231e-01 -4.79581083e-01 -6.03127986e-02 9.81878258e-01 1.79656936e-01 -9.13767447e-02 -2.79483842e-01 -1.89396924e-01 9.41285099e-01 -2.00699844e-01
9.56935654e-01 6.26752269e-03 2.90230277e-01 -4.86381292e-01 -6.10521790e-02 9.81751728e-01 1.80097954e-01 -9.15755576e-02 -2.83805508e-01 -1.90061419e-01 9.39856964e-01 -2.00435812e-01
9.55562584e-01 6.04596486e-03 2.94724183e-01 -4.93321556e-01 -6.18861362e-02 9.81623454e-01 1.80511949e-01 -9.17494454e-02 -2.88217018e-01 -1.90729878e-01 9.38377890e-01 -2.00072553e-01
9.54188946e-01 5.86388655e-03 2.99145066e-01 -5.00145750e-01 -6.27839620e-02 9.81472088e-01 1.81024368e-01 -9.19413811e-02 -2.92541232e-01 -1.91513046e-01 9.36879063e-01 -1.99616159e-01
9.52777486e-01 5.66911780e-03 3.03614277e-01 -5.07037053e-01 -6.36761260e-02 9.81326774e-01 1.81499850e-01 -9.21227154e-02 -2.96916093e-01 -1.92262034e-01 9.35348133e-01 -1.99159581e-01
9.51357923e-01 5.52176763e-03 3.08036293e-01 -5.13872621e-01 -6.46325121e-02 9.81166608e-01 1.82026938e-01 -9.23321351e-02 -3.01230034e-01 -1.93082002e-01 9.33798612e-01 -1.98668709e-01
9.49963781e-01 5.32570191e-03 3.12312580e-01 -5.20515262e-01 -6.55180766e-02 9.81009135e-01 1.82558330e-01 -9.25497052e-02 -3.05409465e-01 -1.93886005e-01 9.32273180e-01 -1.98263209e-01
9.48554466e-01 5.03516852e-03 3.16571973e-01 -5.27242865e-01 -6.63002848e-02 9.80863661e-01 1.83056758e-01 -9.27758381e-02 -3.09592469e-01 -1.94628192e-01 9.30737543e-01 -1.97945832e-01
9.47094992e-01 4.75342332e-03 3.20916240e-01 -5.34090554e-01 -6.71331060e-02 9.80705733e-01 1.83598495e-01 -9.30155311e-02 -3.13851935e-01 -1.95429392e-01 9.29141703e-01 -1.97574525e-01
9.45594940e-01 4.38738307e-03 3.25314800e-01 -5.40992377e-01 -6.78790040e-02 9.80564138e-01 1.84080025e-01 -9.32328947e-02 -3.18184643e-01 -1.96147256e-01 9.27515410e-01 -1.97180026e-01
9.44063190e-01 4.11282665e-03 3.29737164e-01 -5.47960507e-01 -6.87145060e-02 9.80425853e-01 1.84506164e-01 -9.34026531e-02 -3.22524245e-01 -1.96843264e-01 9.25867681e-01 -1.96654887e-01
9.42469612e-01 3.91124910e-03 3.34267151e-01 -5.54969048e-01 -6.96479110e-02 9.80285280e-01 1.84902788e-01 -9.35462253e-02 -3.26954204e-01 -1.97546334e-01 9.24162610e-01 -1.95985692e-01
9.40843357e-01 3.72556129e-03 3.38819577e-01 -5.62033974e-01 -7.06043067e-02 9.80145861e-01 1.85278622e-01 -9.36616547e-02 -3.31402600e-01 -1.98240345e-01 9.22427878e-01 -1.95165186e-01
9.39157638e-01 3.58543405e-03 3.43466029e-01 -5.69320286e-01 -7.16043927e-02 9.80019830e-01 1.85561422e-01 -9.37255000e-02 -3.35938448e-01 -1.98865161e-01 9.20650961e-01 -1.94254477e-01
9.37400392e-01 3.32105624e-03 3.48236068e-01 -5.76739446e-01 -7.25275284e-02 9.79889936e-01 1.85888531e-01 -9.38050605e-02 -3.40615933e-01 -1.99508732e-01 9.18791198e-01 -1.93191695e-01
9.35557750e-01 3.16203176e-03 3.53158086e-01 -5.84245107e-01 -7.35579768e-02 9.79774610e-01 1.86091404e-01 -9.38019961e-02 -3.45427165e-01 -2.00076888e-01 9.16869443e-01 -1.91958859e-01
9.33620009e-01 3.14998336e-03 3.58249483e-01 -5.91873409e-01 -7.47378875e-02 9.79672726e-01 1.86157600e-01 -9.37109016e-02 -3.50381124e-01 -2.00575304e-01 9.14878628e-01 -1.90556925e-01
9.31718431e-01 3.05123790e-03 3.63167137e-01 -5.99271209e-01 -7.58484564e-02 9.79548462e-01 1.86362123e-01 -9.36708058e-02 -3.55171458e-01 -2.01182728e-01 9.12895948e-01 -1.89068400e-01
9.29814237e-01 2.91436349e-03 3.68016083e-01 -6.06658269e-01 -7.69051388e-02 9.79430449e-01 1.86549203e-01 -9.36146917e-02 -3.59902774e-01 -2.01758481e-01 9.10913671e-01 -1.87576917e-01
9.27860626e-01 2.71145718e-03 3.72915712e-01 -6.14170888e-01 -7.78972440e-02 9.79323804e-01 1.86697481e-01 -9.35617114e-02 -3.64699293e-01 -2.02278403e-01 9.08888377e-01 -1.86140305e-01
9.25885309e-01 2.83697117e-03 3.77792473e-01 -6.21751647e-01 -7.92170451e-02 9.79200215e-01 1.86790292e-01 -9.34435376e-02 -3.69404851e-01 -2.02874049e-01 9.06852992e-01 -1.84464821e-01
9.23881936e-01 2.93037572e-03 3.82664919e-01 -6.29344065e-01 -8.05079135e-02 9.79078631e-01 1.86875677e-01 -9.33562477e-02 -3.74111745e-01 -2.03458667e-01 9.04790121e-01 -1.83029754e-01
9.21863578e-01 3.05403607e-03 3.87501052e-01 -6.36897264e-01 -8.18049392e-02 9.78966848e-01 1.86898131e-01 -9.32284170e-02 -3.78780200e-01 -2.03994137e-01 9.02724844e-01 -1.81502037e-01
9.19700317e-01 2.87165365e-03 3.92609134e-01 -6.44712686e-01 -8.28281758e-02 9.78886570e-01 1.86868063e-01 -9.30918969e-02 -3.83783487e-01 -2.04381773e-01 9.00521269e-01 -1.79860482e-01
9.17529489e-01 2.78883823e-03 3.97656480e-01 -6.52616163e-01 -8.39911633e-02 9.78775211e-01 1.86932081e-01 -9.29668724e-02 -3.88695304e-01 -2.04915389e-01 8.98290499e-01 -1.78065211e-01
9.15323676e-01 2.54791678e-03 4.02709452e-01 -6.60447419e-01 -8.49746157e-02 9.78687293e-01 1.86947918e-01 -9.28474474e-02 -3.93650626e-01 -2.05337996e-01 8.96033301e-01 -1.76276924e-01
9.13140354e-01 2.29697520e-03 4.07637447e-01 -6.68195029e-01 -8.59209975e-02 9.78603185e-01 1.86955674e-01 -9.27255782e-02 -3.98486204e-01 -2.05741437e-01 8.93800561e-01 -1.74438928e-01
9.10840101e-01 2.20973033e-03 4.12752125e-01 -6.76068763e-01 -8.70460041e-02 9.78523919e-01 1.86850028e-01 -9.24951972e-02 -4.03475290e-01 -2.06118966e-01 8.91472321e-01 -1.72454011e-01
9.08514217e-01 2.29869125e-03 4.17846339e-01 -6.84032330e-01 -8.83540071e-02 9.78430826e-01 1.86723629e-01 -9.22450992e-02 -4.08404884e-01 -2.06559515e-01 8.89122517e-01 -1.70498790e-01
9.06118919e-01 2.31371321e-03 4.23015494e-01 -6.92122970e-01 -8.96582423e-02 9.78316479e-01 1.86701209e-01 -9.20073198e-02 -4.13411430e-01 -2.07100373e-01 8.86679563e-01 -1.68320429e-01
9.03729347e-01 2.50704505e-03 4.28095679e-01 -7.00142194e-01 -9.11872484e-02 9.78161621e-01 1.86772071e-01 -9.17809871e-02 -4.18278894e-01 -2.07828325e-01 8.84223024e-01 -1.65954023e-01
9.01300935e-01 2.48349214e-03 4.33185262e-01 -7.08086193e-01 -9.24974575e-02 9.78024402e-01 1.86846485e-01 -9.16205941e-02 -4.23202112e-01 -2.08473494e-01 8.81725028e-01 -1.63773094e-01
8.98759802e-01 2.09938744e-03 4.38435161e-01 -7.16205337e-01 -9.34901472e-02 9.77907290e-01 1.86965381e-01 -9.14837856e-02 -4.28356812e-01 -2.09026390e-01 8.79101044e-01 -1.61603198e-01
8.96146201e-01 1.78195631e-03 4.43754261e-01 -7.24575582e-01 -9.45931860e-02 9.77775204e-01 1.87101271e-01 -9.13510987e-02 -4.33558908e-01 -2.09646265e-01 8.76399103e-01 -1.59457936e-01
8.93481573e-01 1.70296233e-03 4.49095599e-01 -7.33103612e-01 -9.60305366e-02 9.77588031e-01 1.87347048e-01 -9.12015873e-02 -4.38711835e-01 -2.10518063e-01 8.73621423e-01 -1.57278738e-01
8.90700223e-01 8.20395917e-04 4.54589407e-01 -7.41807340e-01 -9.65321042e-02 9.77533046e-01 1.87376147e-01 -9.10797060e-02 -4.44222869e-01 -2.10778486e-01 8.70769060e-01 -1.55059825e-01
8.87861839e-01 -1.03115534e-05 4.60109164e-01 -7.50706318e-01 -9.70413052e-02 9.77501008e-01 1.87280241e-01 -9.09262317e-02 -4.49759546e-01 -2.10928615e-01 8.67885777e-01 -1.52867007e-01
8.85153721e-01 -3.92801252e-04 4.65297506e-01 -7.59239342e-01 -9.80861141e-02 9.77370257e-01 1.87418156e-01 -9.08274077e-02 -4.54842032e-01 -2.11533155e-01 8.65085326e-01 -1.50617116e-01
8.82412022e-01 -9.42679979e-04 4.70475513e-01 -7.67953530e-01 -9.89359940e-02 9.77265086e-01 1.87519968e-01 -9.07336191e-02 -4.59956543e-01 -2.12016889e-01 8.62258081e-01 -1.48331601e-01
8.79547590e-01 -1.56493027e-03 4.75807340e-01 -7.76640548e-01 -9.97440884e-02 9.77168624e-01 1.87594557e-01 -9.05727777e-02 -4.65238060e-01 -2.12457372e-01 8.59311091e-01 -1.45818895e-01
8.76462854e-01 -2.60365538e-03 4.81461435e-01 -7.85542940e-01 -1.00274550e-01 9.77069925e-01 1.87825778e-01 -9.05242198e-02 -4.70910997e-01 -2.12900711e-01 8.56105292e-01 -1.43156388e-01
8.73347732e-01 -3.20260496e-03 4.87085726e-01 -7.94407594e-01 -1.01365123e-01 9.76890889e-01 1.88171389e-01 -9.05360511e-02 -4.76432710e-01 -2.13712626e-01 8.52841697e-01 -1.40360326e-01
8.70009032e-01 -4.12775642e-03 4.93017542e-01 -8.03478215e-01 -1.02072763e-01 9.76792044e-01 1.88301994e-01 -9.04301063e-02 -4.82353344e-01 -2.14148161e-01 8.49397442e-01 -1.37386175e-01
8.66676330e-01 -4.94811414e-03 4.98845305e-01 -8.12533975e-01 -1.02946055e-01 9.76654006e-01 1.88542446e-01 -9.03933162e-02 -4.88132644e-01 -2.14759506e-01 8.45934426e-01 -1.34382837e-01
