1.00000000e+00 0.00000000e+00 0.00000000e+00 0.00000000e+00 0.00000000e+00 1.00000000e+00 0.00000000e+00 0.00000000e+00 0.00000000e+00 0.00000000e+00 1.00000000e+00 0.00000000e+00
9.99999201e-01 1.06398994e-03 6.18067620e-04 7.03776789e-06 -1.06380414e-03 9.99999374e-01 -3.00954338e-04 4.49904794e-05 -6.18387438e-04 3.00296623e-04 9.99999766e-01 -3.61602898e-03
9.99997062e-01 1.96612843e-03 1.39335900e-03 -1.47575573e-04 -1.96541427e-03 9.99997910e-01 -5.13816264e-04 9.63242710e-05 -1.39436640e-03 5.11076260e-04 9.99998874e-01 -7.34193343e-03
9.99994063e-01 2.87351139e-03 1.88559764e-03 -1.20471643e-04 -2.87246298e-03 9.99995696e-01 -5.58543454e-04 9.84308756e-05 -1.88719458e-03 5.53123864e-04 9.99998040e-01 -1.09592872e-02
9.99990366e-01 3.53564812e-03 2.59258776e-03 -2.55473046e-04 -3.53445223e-03 9.99993638e-01 -4.65751170e-04 3.93335826e-05 -2.59421806e-03 4.56583355e-04 9.99996489e-01 -1.44806609e-02
9.99989303e-01 3.78841714e-03 2.65477128e-03 5.05888588e-04 -3.78693149e-03 9.99992685e-01 -5.64464671e-04 1.38814862e-04 -2.65689037e-03 5.54405239e-04 9.99996268e-01 -1.74642909e-02
9.99987273e-01 3.95523609e-03 3.13051327e-03 7.27448774e-04 -3.95289815e-03 9.99991888e-01 -7.52727835e-04 3.50853372e-04 -3.13346525e-03 7.40343688e-04 9.99994756e-01 -2.05947866e-02
9.99983214e-01 4.23272504e-03 3.96336074e-03 3.31316242e-04 -4.22926139e-03 9.99990665e-01 -8.81961706e-04 5.22292242e-04 -3.96705700e-03 8.65184819e-04 9.99991699e-01 -2.34983110e-02
9.99977040e-01 4.52744597e-03 5.05133092e-03 -3.92506202e-04 -4.52323148e-03 9.99989425e-01 -8.45501676e-04 6.11122119e-04 -5.05510547e-03 8.22633925e-04 9.99986830e-01 -2.67274280e-02
9.99975532e-01 4.15002265e-03 5.63891370e-03 -8.94187281e-04 -4.14608956e-03 9.99991145e-01 -7.09069077e-04 8.10692148e-04 -5.64180644e-03 6.85672290e-04 9.99983792e-01 -2.95841419e-02
9.99976459e-01 4.18427535e-03 5.44224008e-03 -8.54752402e-04 -4.17875837e-03 9.99990744e-01 -1.02475644e-03 1.43810308e-03 -5.44647750e-03 1.00199052e-03 9.99984599e-01 -3.21393094e-02
9.99975843e-01 3.91418565e-03 5.75382775e-03 -1.05390434e-03 -3.90805661e-03 9.99991807e-01 -1.07612029e-03 1.78177749e-03 -5.75799264e-03 1.05360799e-03 9.99982810e-01 -3.48093613e-02
9.99975842e-01 3.52585783e-03 5.99236621e-03 -1.57806895e-03 -3.51982840e-03 9.99993294e-01 -1.01646991e-03 2.15598987e-03 -5.99590983e-03 9.95353301e-04 9.99981442e-01 -3.73948204e-02
9.99979539e-01 3.79838626e-03 5.15546258e-03 -1.29773189e-03 -3.79297502e-03 9.99992272e-01 -1.05903261e-03 2.99264291e-03 -5.15944539e-03 1.03945643e-03 9.99986069e-01 -3.97444233e-02
9.99977221e-01 3.64161841e-03 5.68474652e-03 -2.35579079e-03 -3.63648841e-03 9.99992975e-01 -9.12528569e-04 3.49230836e-03 -5.68802973e-03 8.91835352e-04 9.99983313e-01 -4.21345007e-02
9.99977077e-01 5.04753199e-03 4.51493041e-03 -2.04509045e-03 -5.04271338e-03 9.99986719e-01 -1.07805288e-03 4.54914452e-03 -4.52031235e-03 1.05526078e-03 9.99989072e-01 -4.30589757e-02
9.99975480e-01 4.54812585e-03 5.32081335e-03 -3.46479596e-03 -4.54418996e-03 9.99989408e-01 -7.51574349e-04 4.98147976e-03 -5.32417540e-03 7.27377376e-04 9.99985387e-01 -4.45253772e-02
9.99973759e-01 5.12391766e-03 5.11475417e-03 -3.85500800e-03 -5.12385219e-03 9.99986874e-01 -2.59123791e-05 5.48035712e-03 -5.11482025e-03 -2.95114099e-07 9.99986698e-01 -4.56104335e-02
9.99971272e-01 5.46646284e-03 5.24314988e-03 -4.90957851e-03 -5.47074775e-03 9.99984727e-01 8.03257084e-04 5.97124156e-03 -5.23867910e-03 -8.31917372e-04 9.99985716e-01 -4.65755359e-02
9.99966329e-01 6.16048906e-03 5.40993482e-03 -6.09851812e-03 -6.17227161e-03 9.99978643e-01 2.16400631e-03 6.01193161e-03 -5.39648790e-03 -2.19732425e-03 9.99982823e-01 -4.81107199e-02
9.99965371e-01 6.89282818e-03 4.65659858e-03 -6.21648561e-03 -6.91040702e-03 9.99969046e-01 3.76953721e-03 6.20291074e-03 -4.63047202e-03 -3.80158453e-03 9.99981828e-01 -4.87304306e-02
9.99965056e-01 7.55523288e-03 3.57176885e-03 -6.77508600e-03 -7.57527276e-03 9.99955507e-01 5.63080171e-03 6.27858726e-03 -3.52906837e-03 -5.65766042e-03 9.99977547e-01 -4.98014952e-02
9.99957618e-01 8.82770862e-03 2.61160122e-03 -7.28717021e-03 -8.84722190e-03 9.99932385e-01 7.55704562e-03 6.17547693e-03 -2.54471398e-03 -7.57982854e-03 9.99967822e-01 -5.10247428e-02
9.99942943e-01 1.05690292e-02 1.54303595e-03 -7.57450870e-03 -1.05809724e-02 9.99912467e-01 7.94841845e-03 7.21910691e-03 -1.45889494e-03 -7.96428914e-03 9.99967016e-01 -5.04916372e-02
9.99927286e-01 1.20517375e-02 -3.05953757e-04 -7.71292055e-03 -1.20484983e-02 9.99886958e-01 8.99687057e-03 7.92257725e-03 4.14345604e-04 -8.99252735e-03 9.99959282e-01 -5.02256413e-02
9.99914456e-01 1.28922462e-02 -2.17811132e-03 -7.86718454e-03 -1.28719942e-02 9.99876043e-01 9.06940730e-03 9.20473447e-03 2.29476445e-03 -9.04059254e-03 9.99956275e-01 -4.93280243e-02
9.99895191e-01 1.39493855e-02 -3.85667000e-03 -8.21409697e-03 -1.39120325e-02 9.99857649e-01 9.54823360e-03 1.03958843e-02 3.98931068e-03 -9.49357619e-03 9.99946779e-01 -4.84400319e-02
9.99857800e-01 1.57682736e-02 -5.97026307e-03 -8.19178189e-03 -1.57051065e-02 9.99821756e-01 1.04833707e-02 1.15341642e-02 6.13450081e-03 -1.03881135e-02 9.99927037e-01 -4.66240655e-02
9.99827184e-01 1.66607960e-02 -8.24440708e-03 -8.19625178e-03 -1.65652840e-02 9.99796458e-01 1.15209117e-02 1.26042040e-02 8.43467351e-03 -1.13823467e-02 9.99899432e-01 -4.50964418e-02
9.99790073e-01 1.75570503e-02 -1.05599569e-02 -8.40629252e-03 -1.74298758e-02 9.99775954e-01 1.20169304e-02 1.39672141e-02 1.07685688e-02 -1.18303463e-02 9.99871817e-01 -4.37615730e-02
9.99763630e-01 1.84830083e-02 -1.14470804e-02 -9.32682330e-03 -1.83408736e-02 9.99754967e-01 1.23996943e-02 1.54480967e-02 1.16734551e-02 -1.21868107e-02 9.99857391e-01 -4.17946548e-02
9.99691324e-01 2.02839730e-02 -1.43475947e-02 -9.29758289e-03 -2.00890108e-02 9.99705705e-01 1.36046464e-02 1.64527304e-02 1.46193240e-02 -1.33122140e-02 9.99804319e-01 -4.06050445e-02
9.99632749e-01 2.17181990e-02 -1.62097421e-02 -9.69298691e-03 -2.14785135e-02 9.99659619e-01 1.48170501e-02 1.75007574e-02 1.65260181e-02 -1.44634428e-02 9.99758662e-01 -3.89214364e-02
9.99542637e-01 2.34044740e-02 -1.91552678e-02 -9.36146774e-03 -2.31093198e-02 9.99613106e-01 1.54876175e-02 1.87747223e-02 1.95103294e-02 -1.50378633e-02 9.99696425e-01 -3.71031689e-02
9.99462936e-01 2.48913117e-02 -2.13175145e-02 -9.61231709e-03 -2.45512227e-02 9.99569506e-01 1.60695014e-02 2.00479213e-02 2.17083217e-02 -1.55374938e-02 9.99643465e-01 -3.52053225e-02
9.99365293e-01 2.62786057e-02 -2.40551555e-02 -9.57953033e-03 -2.58703455e-02 9.99518653e-01 1.71287290e-02 2.11130399e-02 2.44936886e-02 -1.64955357e-02 9.99563724e-01 -3.33597237e-02
9.99257000e-01 2.81086550e-02 -2.63736130e-02 -9.93000354e-03 -2.76072126e-02 9.99434761e-01 1.91884994e-02 2.16242743e-02 2.68980620e-02 -1.84461337e-02 9.99467772e-01 -3.17184899e-02
9.99175890e-01 2.87308876e-02 -2.86754085e-02 -9.97345815e-03 -2.81379412e-02 9.99386238e-01 2.08716725e-02 2.22390266e-02 2.92574627e-02 -2.00475982e-02 9.99370628e-01 -2.95040004e-02
9.99089351e-01 2.91217742e-02 -3.11870940e-02 -9.92015324e-03 -2.84056693e-02 9.99328149e-01 2.31638016e-02 2.24379040e-02 3.18407045e-02 -2.22568090e-02 9.99244888e-01 -2.78329751e-02
9.98987524e-01 2.98329910e-02 -3.36771839e-02 -9.91716853e-03 -2.89915106e-02 9.99261872e-01 2.52046299e-02 2.27670531e-02 3.44042491e-02 -2.42027483e-02 9.99114661e-01 -2.56556975e-02
9.98870542e-01 3.10385996e-02 -3.59792228e-02 -1.00944454e-02 -3.00662505e-02 9.99176191e-01 2.72586821e-02 2.30775417e-02 3.67956473e-02 -2.61461232e-02 9.98980477e-01 -2.38046449e-02
9.98747722e-01 3.21148793e-02 -3.83648665e-02 -1.01382362e-02 -3.09822271e-02 9.99076736e-01 2.97618809e-02 2.30996487e-02 3.92852396e-02 -2.85359696e-02 9.98820223e-01 -2.20835022e-02
9.98614318e-01 3.32092637e-02 -4.08276481e-02 -1.01712834e-02 -3.19195788e-02 9.98983036e-01 3.18449170e-02 2.33571042e-02 4.18436664e-02 -3.04975752e-02 9.98658368e-01 -1.98412028e-02
9.98481329e-01 3.41544808e-02 -4.32297478e-02 -1.00881769e-02 -3.26724053e-02 9.98869186e-01 3.45383215e-02 2.30730339e-02 4.43604948e-02 -3.30734353e-02 9.98467705e-01 -1.80826569e-02
9.98343482e-01 3.51976664e-02 -4.55160607e-02 -1.00719150e-02 -3.34956826e-02 9.98730189e-01 3.76304019e-02 2.26984819e-02 4.67827603e-02 -3.60434599e-02 9.98254303e-01 -1.59125845e-02
9.98147503e-01 3.64545363e-02 -4.87130573e-02 -9.34781348e-03 -3.45148587e-02 9.98600023e-01 4.00836054e-02 2.27130914e-02 5.01060828e-02 -3.83280087e-02 9.98007910e-01 -1.36383185e-02
9.97965147e-01 3.73455358e-02 -5.16832473e-02 -8.86768587e-03 -3.51742576e-02 9.98485454e-01 4.23020330e-02 2.27835181e-02 5.31847581e-02 -4.03980173e-02 9.97766873e-01 -1.08864789e-02
9.97766969e-01 3.81567746e-02 -5.48208398e-02 -8.32786249e-03 -3.57546647e-02 9.98384797e-01 4.41499080e-02 2.30468424e-02 5.64169072e-02 -4.20912032e-02 9.97519286e-01 -8.79114949e-03
9.97599590e-01 3.86642700e-02 -5.74483032e-02 -7.87181452e-03 -3.60206404e-02 9.98274970e-01 4.63618716e-02 2.30928769e-02 5.91417437e-02 -4.41812421e-02 9.97271075e-01 -5.93394727e-03
9.97427516e-01 3.95013225e-02 -5.98182026e-02 -7.61725056e-03 -3.66448659e-02 9.98169072e-01 4.81194103e-02 2.33087668e-02 6.16094552e-02 -4.58035759e-02 9.97048435e-01 -3.14052232e-03
9.97262216e-01 3.96790549e-02 -6.24002664e-02 -7.23696809e-03 -3.67352407e-02 9.98188895e-01 4.76366296e-02 2.47273077e-02 6.41774220e-02 -4.52139056e-02 9.96913351e-01 -3.43332964e-04
9.97054850e-01 4.05894407e-02 -6.50712044e-02 -6.83555367e-03 -3.76144051e-02 9.98218499e-01 4.63111423e-02 2.64989319e-02 6.68350159e-02 -4.37271165e-02 9.96805059e-01 2.37036940e-03
9.96858663e-01 4.06958925e-02 -6.79470241e-02 -6.29806973e-03 -3.77479072e-02 9.98312653e-01 4.41213142e-02 2.88012060e-02 6.96279246e-02 -4.14178410e-02 9.96712467e-01 5.54296072e-03
9.96603292e-01 4.21124487e-02 -7.07712157e-02 -5.76096085e-03 -3.91152963e-02 9.98299671e-01 4.32156343e-02 3.02278581e-02 7.24707879e-02 -4.03005931e-02 9.96555605e-01 8.64666179e-03
9.96327267e-01 4.35878669e-02 -7.37036428e-02 -5.06541379e-03 -4.04887063e-02 9.98252803e-01 4.30334117e-02 3.12758290e-02 7.54505894e-02 -3.98911833e-02 9.96350921e-01 1.15006572e-02
9.96059654e-01 4.46819154e-02 -7.66089132e-02 -4.33301055e-03 -4.15957356e-02 9.98275595e-01 4.14187520e-02 3.28740569e-02 7.83274654e-02 -3.80689297e-02 9.96200199e-01 1.37623583e-02
9.95756808e-01 4.61853677e-02 -7.95963557e-02 -3.49143546e-03 -4.29958728e-02 9.98219942e-01 4.13302577e-02 3.37370590e-02 8.13635130e-02 -3.77325568e-02 9.95969608e-01 1.63296112e-02
9.95465161e-01 4.77005666e-02 -8.23043230e-02 -2.87051001e-03 -4.44415805e-02 9.98170827e-01 4.09854957e-02 3.45183266e-02 8.41087926e-02 -3.71418855e-02 9.95763744e-01 1.83870522e-02
9.95241068e-01 4.85992285e-02 -8.44604765e-02 -2.76841707e-03 -4.53049835e-02 9.98152142e-01 4.04929751e-02 3.54838422e-02 8.62723181e-02 -3.64737797e-02 9.95603316e-01 2.04264688e-02
9.94989784e-01 5.01803974e-02 -8.64723899e-02 -2.51620660e-03 -4.69035769e-02 9.98117363e-01 3.95195791e-02 3.64949186e-02 8.82926814e-02 -3.52657043e-02 9.95469708e-01 2.28328135e-02
9.94724621e-01 5.14328385e-02 -8.87573337e-02 -2.04689027e-03 -4.81486890e-02 9.98088019e-01 3.87553857e-02 3.73886847e-02 9.05809132e-02 -3.42773769e-02 9.95298636e-01 2.48138773e-02
9.94411459e-01 5.29194664e-02 -9.13550847e-02 -1.40617381e-03 -4.96908790e-02 9.98069302e-01 3.72626124e-02 3.85315449e-02 9.31506042e-02 -3.25148434e-02 9.95120604e-01 2.70116913e-02
9.94186637e-01 5.38499445e-02 -9.32385188e-02 -1.17322876e-03 -5.08359571e-02 9.98114178e-01 3.44061219e-02 4.05647143e-02 9.49154351e-02 -2.94662289e-02 9.95048762e-01 2.91771578e-02
9.93938442e-01 5.52056674e-02 -9.50739785e-02 -8.71447443e-04 -5.24333853e-02 9.98130136e-01 3.14165408e-02 4.24970683e-02 9.66305492e-02 -2.62410490e-02 9.94974003e-01 3.08889078e-02
9.93743117e-01 5.60001926e-02 -9.66383940e-02 -6.87360078e-04 -5.35243917e-02 9.98173193e-01 2.80262089e-02 4.46239687e-02 9.80313017e-02 -2.26783347e-02 9.94924561e-01 3.25091987e-02
9.93499704e-01 5.75856196e-02 -9.81969326e-02 -4.67891428e-04 -5.54011067e-02 9.98155381e-01 2.48319916e-02 4.66891936e-02 9.94457357e-02 -1.92303534e-02 9.94856806e-01 3.37814334e-02
9.93247524e-01 5.89049244e-02 -9.99499043e-02 -2.10361214e-05 -5.71050525e-02 9.98152011e-01 2.07766940e-02 4.91094366e-02 1.00989025e-01 -1.49287550e-02 9.94775141e-01 3.52517578e-02
9.93058798e-01 6.00487034e-02 -1.01137641e-01 -3.80710390e-05 -5.86859246e-02 9.98141847e-01 1.63990618e-02 5.17175876e-02 1.01934434e-01 -1.03498799e-02 9.94736856e-01 3.65594691e-02
9.92877549e-01 6.11704203e-02 -1.02238667e-01 4.26347637e-06 -6.02274969e-02 9.98109091e-01 1.22872689e-02 5.41341709e-02 1.02796940e-01 -6.04218065e-03 9.94683588e-01 3.71909480e-02
9.92691599e-01 6.20944708e-02 -1.03479672e-01 1.40540085e-04 -6.16721478e-02 9.98069971e-01 7.27884526e-03 5.70511807e-02 1.03731908e-01 -8.43844505e-04 9.94604490e-01 3.81338072e-02
9.92490472e-01 6.29230686e-02 -1.04898609e-01 4.72800872e-04 -6.29426652e-02 9.98012297e-01 3.12691469e-03 5.95182791e-02 1.04886838e-01 3.49915219e-03 9.94477523e-01 3.89505327e-02
9.92363347e-01 6.37710408e-02 -1.05587361e-01 5.10861208e-04 -6.42176779e-02 9.97935643e-01 -8.32152579e-04 6.18464768e-02 1.05316304e-01 7.60635683e-03 9.94409230e-01 3.90994461e-02
9.92242364e-01 6.44632760e-02 -1.06301546e-01 5.07723467e-04 -6.54482814e-02 9.97839193e-01 -5.80015798e-03 6.47236788e-02 1.05697932e-01 1.27123962e-02 9.94316546e-01 3.94872062e-02
9.92116331e-01 6.51107020e-02 -1.07080863e-01 6.56935061e-04 -6.66787457e-02 9.97712606e-01 -1.11252055e-02 6.77551625e-02 1.06111531e-01 1.81774908e-02 9.94187648e-01 3.98402490e-02
9.91968590e-01 6.54585014e-02 -1.08230972e-01 9.50609364e-04 -6.76183357e-02 9.97576539e-01 -1.64037913e-02 7.07629686e-02 1.06894880e-01 2.35904158e-02 9.93989997e-01 4.03811334e-02
9.91741813e-01 6.58531853e-02 -1.10054117e-01 1.64412533e-03 -6.85844176e-02 9.97419868e-01 -2.12146783e-02 7.35497271e-02 1.08373071e-01 2.85874498e-02 9.93698748e-01 4.13778699e-02
9.91544343e-01 6.65505850e-02 -1.11405295e-01 2.22147011e-03 -6.98979517e-02 9.97204588e-01 -2.64114761e-02 7.64837683e-02 1.09336133e-01 3.39751183e-02 9.93423580e-01 4.19013698e-02
9.91374155e-01 6.72610564e-02 -1.12488045e-01 2.71579817e-03 -7.12813237e-02 9.96939637e-01 -3.21034724e-02 7.96316011e-02 1.09984440e-01 3.98448124e-02 9.93133870e-01 4.22516742e-02
9.91179899e-01 6.82390434e-02 -1.13605548e-01 3.29752313e-03 -7.28071997e-02 9.96676078e-01 -3.65547088e-02 8.21287571e-02 1.10733433e-01 4.45035515e-02 9.92852803e-01 4.19607238e-02
9.91004836e-01 6.91040237e-02 -1.14605498e-01 3.72493987e-03 -7.42647425e-02 9.96379632e-01 -4.13844163e-02 8.48495706e-02 1.11330713e-01 4.95232568e-02 9.92548279e-01 4.20573675e-02
9.90784259e-01 6.96936429e-02 -1.16145276e-01 4.31230932e-03 -7.53570044e-02 9.96136339e-01 -4.51001439e-02 8.70460789e-02 1.12553293e-01 5.34368217e-02 9.92207371e-01 4.24039669e-02
9.90533794e-01 7.05915678e-02 -1.17728280e-01 5.04939632e-03 -7.68000738e-02 9.95839134e-01 -4.90555945e-02 8.93708499e-02 1.13775473e-01 5.76327132e-02 9.91833032e-01 4.27782666e-02
9.90267936e-01 7.17173360e-02 -1.19274365e-01 5.71668288e-03 -7.84263814e-02 9.95534939e-01 -5.25346071e-02 9.13815743e-02 1.14974103e-01 6.13775411e-02 9.91470091e-01 4.29403412e-02
9.89962379e-01 7.27024298e-02 -1.21199079e-01 6.61327704e-03 -8.00338681e-02 9.95175190e-01 -5.67568437e-02 9.38200200e-02 1.16487906e-01 6.58871160e-02 9.91003831e-01 4.35089742e-02
9.89603029e-01 7.39520758e-02 -1.23358435e-01 7.71290177e-03 -8.19225160e-02 9.94780420e-01 -6.08366247e-02 9.61372612e-02 1.18215505e-01 7.03098843e-02 9.90495211e-01 4.42073140e-02
9.89155006e-01 7.55860633e-02 -1.25934448e-01 9.13408588e-03 -8.42540666e-02 9.94323493e-01 -6.49810432e-02 9.84786440e-02 1.20307865e-01 7.48867558e-02 9.89907604e-01 4.49620265e-02
9.88699847e-01 7.71032098e-02 -1.28561523e-01 1.05636627e-02 -8.65007792e-02 9.93846854e-01 -6.91851490e-02 1.00866417e-01 1.22436005e-01 7.95239561e-02 9.89284846e-01 4.59294990e-02
9.88162841e-01 7.89234942e-02 -1.31550874e-01 1.21337851e-02 -8.90819359e-02 9.93330678e-01 -7.32063458e-02 1.03303353e-01 1.24895752e-01 8.40585363e-02 9.88602192e-01 4.69017142e-02
9.87608757e-01 8.11617537e-02 -1.34320769e-01 1.35616388e-02 -9.21516537e-02 9.92707188e-01 -7.77239717e-02 1.05933284e-01 1.27032916e-01 8.91386857e-02 9.87884622e-01 4.78198788e-02
9.86994503e-01 8.35117458e-02 -1.37361027e-01 1.52279186e-02 -9.54137629e-02 9.92016027e-01 -8.24679922e-02 1.08678023e-01 1.29377227e-01 9.45015101e-02 9.87081620e-01 4.89647181e-02
9.86272161e-01 8.64422703e-02 -1.40695740e-01 1.69038594e-02 -9.91947395e-02 9.91319474e-01 -8.62934594e-02 1.11060145e-01 1.32014959e-01 9.90650339e-02 9.86284568e-01 5.01431089e-02
9.85607540e-01 8.93949522e-02 -1.43480573e-01 1.82626992e-02 -1.03050387e-01 9.90529117e-01 -9.07366833e-02 1.13741278e-01 1.34010219e-01 1.04216403e-01 9.85484286e-01 5.12454720e-02
9.84839866e-01 9.30548096e-02 -1.46395400e-01 1.97236659e-02 -1.07578670e-01 9.89683292e-01 -9.46272273e-02 1.16178514e-01 1.36079490e-01 1.08941598e-01 9.84689408e-01 5.24946141e-02
9.84138857e-01 9.64076205e-02 -1.48918264e-01 2.09757771e-02 -1.11868293e-01 9.88761419e-01 -9.91806848e-02 1.19139292e-01 1.37682780e-01 1.14266695e-01 9.83862700e-01 5.37081980e-02
9.83180948e-01 1.00375720e-01 -1.52578850e-01 2.29162704e-02 -1.16826024e-01 9.87801016e-01 -1.02962488e-01 1.21729284e-01 1.40382528e-01 1.19055829e-01 9.82912865e-01 5.52524798e-02
9.82245472e-01 1.04564641e-01 -1.55757627e-01 2.46639032e-02 -1.21927096e-01 9.86817331e-01 -1.06422755e-01 1.24066136e-01 1.42576180e-01 1.23524231e-01 9.82045364e-01 5.66123912e-02
9.81226901e-01 1.08912746e-01 -1.59160931e-01 2.64831654e-02 -1.27018800e-01 9.85961215e-01 -1.08384177e-01 1.25683967e-01 1.45122006e-01 1.26565782e-01 9.81284859e-01 5.80302075e-02
9.80236329e-01 1.13509647e-01 -1.62026580e-01 2.78377643e-02 -1.32437639e-01 9.84931577e-01 -1.11222229e-01 1.27846991e-01 1.46960222e-01 1.30482370e-01 9.80497952e-01 5.97985452e-02
9.79200030e-01 1.17569618e-01 -1.65363308e-01 2.95262936e-02 -1.37410754e-01 9.83916411e-01 -1.14136203e-01 1.30073189e-01 1.49284643e-01 1.34484742e-01 9.79605644e-01 6.15924915e-02
9.78172573e-01 1.22032143e-01 -1.68187033e-01 3.10151444e-02 -1.42912983e-01 9.82652979e-01 -1.18191726e-01 1.32946660e-01 1.50846222e-01 1.39647890e-01 9.78643490e-01 6.32914216e-02
9.77042258e-01 1.27207323e-01 -1.70900707e-01 3.23854575e-02 -1.49051832e-01 9.81310825e-01 -1.21708170e-01 1.35619861e-01 1.52224471e-01 1.44386960e-01 9.77741927e-01 6.50623152e-02
9.75797500e-01 1.32539862e-01 -1.73933376e-01 3.40013024e-02 -1.55513387e-01 9.79784881e-01 -1.25847141e-01 1.38595237e-01 1.53737450e-01 1.49850155e-01 9.76682637e-01 6.69165015e-02
9.74487266e-01 1.38019868e-01 -1.76990200e-01 3.56203995e-02 -1.62253867e-01 9.78062840e-01 -1.30641231e-01 1.41928267e-01 1.55076372e-01 1.56025414e-01 9.75503283e-01 6.88611771e-02
9.73149244e-01 1.43397232e-01 -1.80050582e-01 3.72659156e-02 -1.68823795e-01 9.76377330e-01 -1.34856193e-01 1.44978521e-01 1.56459222e-01 1.61631880e-01 9.74368959e-01 7.06621588e-02
9.71699199e-01 1.48977919e-01 -1.83321199e-01 3.89515172e-02 -1.75626123e-01 9.74611404e-01 -1.38882929e-01 1.48062235e-01 1.57976361e-01 1.67148281e-01 9.73192737e-01 7.25311414e-02
9.70229263e-01 1.55086569e-01 -1.86020914e-01 4.02693441e-02 -1.82934448e-01 9.72634255e-01 -1.43241143e-01 1.51382574e-01 1.58715449e-01 1.73006231e-01 9.72048092e-01 7.41600646e-02
9.68864795e-01 1.60531355e-01 -1.88496877e-01 4.15027389e-02 -1.89639589e-01 9.70616703e-01 -1.48122918e-01 1.55042774e-01 1.59179763e-01 1.79257401e-01 9.70838688e-01 7.56434013e-02
9.67333804e-01 1.66096924e-01 -1.91513807e-01 4.30377632e-02 -1.96573473e-01 9.68488607e-01 -1.52935222e-01 1.58625140e-01 1.60076776e-01 1.85585796e-01 9.69501190e-01 7.76995550e-02
9.65707556e-01 1.71334446e-01 -1.95073687e-01 4.48144463e-02 -2.03280128e-01 9.66357925e-01 -1.57575199e-01 1.62062127e-01 1.61512855e-01 1.91826018e-01 9.68047270e-01 8.03007563e-02
9.63884911e-01 1.77263602e-01 -1.98755592e-01 4.66314229e-02 -2.10718628e-01 9.64007555e-01 -1.62134228e-01 1.65292508e-01 1.62861301e-01 1.98160096e-01 9.66544314e-01 8.33263450e-02
9.61864416e-01 1.83574987e-01 -2.02774175e-01 4.86397204e-02 -2.18499926e-01 9.61636066e-01 -1.65874163e-01 1.68178455e-01 1.64544520e-01 2.03854442e-01 9.65073889e-01 8.64042472e-02
9.59895639e-01 1.89174868e-01 -2.06914256e-01 5.06634414e-02 -2.25778773e-01 9.59142802e-01 -1.70497512e-01 1.71600011e-01 1.66206389e-01 2.10376518e-01 9.63387874e-01 8.99641501e-02
9.57803187e-01 1.94696266e-01 -2.11439574e-01 5.29112388e-02 -2.33016110e-01 9.56664396e-01 -1.74634390e-01 1.74746134e-01 1.68275956e-01 2.16534063e-01 9.61662732e-01 9.37130546e-02
9.55739942e-01 2.00199980e-01 -2.15595392e-01 5.49519458e-02 -2.40145775e-01 9.54178863e-01 -1.78530565e-01 1.77790418e-01 1.69974650e-01 2.22402974e-01 9.60023213e-01 9.73641118e-02
9.53442180e-01 2.06221002e-01 -2.20048204e-01 5.71010365e-02 -2.47838834e-01 9.51530257e-01 -1.82117039e-01 1.80749124e-01 1.71826052e-01 2.28174401e-01 9.58337829e-01 1.01376490e-01
9.51140131e-01 2.12295907e-01 -2.24194771e-01 5.92836844e-02 -2.55381748e-01 9.49014402e-01 -1.84803482e-01 1.83250412e-01 1.73530941e-01 2.33029084e-01 9.56861325e-01 1.04943133e-01
9.48903988e-01 2.17926262e-01 -2.28231768e-01 6.14005449e-02 -2.62554160e-01 9.46447140e-01 -1.87892355e-01 1.85815846e-01 1.75062529e-01 2.38214817e-01 9.55304105e-01 1.08854356e-01
9.46583002e-01 2.23694116e-01 -2.32254071e-01 6.34866660e-02 -2.69742731e-01 9.43960920e-01 -1.90202936e-01 1.87929011e-01 1.76691377e-01 2.42691528e-01 9.53876381e-01 1.12599287e-01
9.44389300e-01 2.29366959e-01 -2.35627094e-01 6.51386335e-02 -2.76813695e-01 9.41308788e-01 -1.93164369e-01 1.90576599e-01 1.77492226e-01 2.47646969e-01 9.52452971e-01 1.16368703e-01
9.42128101e-01 2.34903996e-01 -2.39197007e-01 6.69787754e-02 -2.83671277e-01 9.38816433e-01 -1.95332447e-01 1.92647438e-01 1.78677611e-01 2.51881300e-01 9.51120005e-01 1.20094339e-01
9.39820266e-01 2.39977799e-01 -2.43205702e-01 6.90211640e-02 -2.90107938e-01 9.36499268e-01 -1.96994825e-01 1.94352475e-01 1.80487477e-01 2.55695411e-01 9.49759614e-01 1.24086690e-01
9.37478465e-01 2.45152693e-01 -2.47052195e-01 7.11318628e-02 -2.96573018e-01 9.34174477e-01 -1.98400998e-01 1.95878094e-01 1.82151220e-01 2.59265460e-01 9.48473241e-01 1.27883625e-01
9.35048843e-01 2.50284317e-01 -2.51081467e-01 7.33062184e-02 -3.02816030e-01 9.32142003e-01 -1.98530122e-01 1.96640776e-01 1.84354507e-01 2.61666642e-01 9.47387511e-01 1.31902950e-01
9.32561350e-01 2.55417486e-01 -2.55130831e-01 7.55941999e-02 -3.09043880e-01 9.30108040e-01 -1.98472665e-01 1.97310250e-01 1.86605750e-01 2.63934346e-01 9.46317097e-01 1.35699489e-01
9.30381299e-01 2.59835849e-01 -2.58604998e-01 7.75663001e-02 -3.14367135e-01 9.28381513e-01 -1.98196094e-01 1.97789172e-01 1.88585535e-01 2.65694640e-01 9.45431656e-01 1.39017455e-01
9.28083192e-01 2.64910457e-01 -2.61695748e-01 7.94592869e-02 -3.20014450e-01 9.26754690e-01 -1.96766684e-01 1.97686178e-01 1.90402097e-01 2.66362051e-01 9.44879613e-01 1.41819940e-01
9.25818458e-01 2.69916634e-01 -2.64586232e-01 8.13855873e-02 -3.25351644e-01 9.25393328e-01 -1.94407271e-01 1.97171918e-01 1.92372457e-01 2.66069179e-01 9.44562999e-01 1.44239892e-01
9.23576264e-01 2.75107116e-01 -2.67064862e-01 8.31566057e-02 -3.30700849e-01 9.24045863e-01 -1.91773102e-01 1.96624763e-01 1.94021908e-01 2.65435443e-01 9.44403919e-01 1.46012843e-01
9.21281513e-01 2.80516803e-01 -2.69353632e-01 8.47387592e-02 -3.36170155e-01 9.22659272e-01 -1.88918696e-01 1.96027113e-01 1.95526613e-01 2.64595736e-01 9.44329260e-01 1.47704010e-01
9.19319768e-01 2.85662101e-01 -2.70645456e-01 8.60383619e-02 -3.40822553e-01 9.21795279e-01 -1.84754500e-01 1.94800726e-01 1.96702195e-01 2.62090333e-01 9.44783675e-01 1.48670747e-01
9.17306752e-01 2.90513451e-01 -2.72306526e-01 8.76092323e-02 -3.45342585e-01 9.20879070e-01 -1.80889426e-01 1.93672032e-01 1.98210416e-01 2.59969933e-01 9.45054253e-01 1.49677099e-01
9.15228198e-01 2.95615801e-01 -2.73804948e-01 8.92033168e-02 -3.49802949e-01 9.20185631e-01 -1.75775314e-01 1.91857602e-01 1.99989271e-01 2.56652116e-01 9.45586160e-01 1.50467061e-01
9.13017294e-01 3.01370637e-01 -2.74910341e-01 9.05471354e-02 -3.54707774e-01 9.19357642e-01 -1.70189930e-01 1.89775184e-01 2.01450526e-01 2.52899003e-01 9.46286943e-01 1.51508301e-01
9.11006580e-01 3.06863182e-01 -2.75504068e-01 9.14906780e-02 -3.59182560e-01 9.18659205e-01 -1.64480453e-01 1.87701813e-01 2.02621204e-01 2.48798862e-01 9.47123509e-01 1.52520931e-01
9.09197391e-01 3.11952403e-01 -2.75764880e-01 9.21599733e-02 -3.63309901e-01 9.17921620e-01 -1.59456954e-01 1.85922566e-01 2.03387411e-01 2.45165809e-01 9.47906331e-01 1.53879773e-01
9.07231824e-01 3.17547050e-01 -2.75852806e-01 9.26978714e-02 -3.67998287e-01 9.16839449e-01 -1.54865784e-01 1.84412415e-01 2.03735411e-01 2.42012390e-01 9.48641644e-01 1.55332133e-01
9.05545067e-01 3.22370423e-01 -2.75800518e-01 9.30776312e-02 -3.71918074e-01 9.15988547e-01 -1.50474817e-01 1.82995568e-01 2.04121332e-01 2.38836796e-01 9.49363227e-01 1.57015594e-01
9.04280161e-01 3.26527850e-01 -2.75059014e-01 9.31016855e-02 -3.75011861e-01 9.15424738e-01 -1.46165619e-01 1.81496163e-01 2.04068532e-01 2.35324931e-01 9.50251168e-01 1.58497651e-01
9.03417393e-01 3.29687767e-01 -2.74123033e-01 9.30278129e-02 -3.77169542e-01 9.15132604e-01 -1.42394303e-01 1.80275531e-01 2.03913124e-01 2.32032231e-01 9.51093834e-01 1.60174429e-01
9.02360704e-01 3.33028958e-01 -2.73564107e-01 9.30444828e-02 -3.79596361e-01 9.14717423e-01 -1.38561749e-01 1.79040594e-01 2.04088636e-01 2.28876513e-01 9.51820542e-01 1.62315600e-01
9.01349007e-01 3.36288279e-01 -2.72911371e-01 9.29335938e-02 -3.81888466e-01 9.14358679e-01 -1.34573969e-01 1.77632338e-01 2.04283082e-01 2.25519719e-01 9.52579799e-01 1.64609181e-01
9.00404687e-01 3.39467208e-01 -2.72091772e-01 9.25800277e-02 -3.84097858e-01 9.13988880e-01 -1.30743880e-01 1.76294365e-01 2.04305441e-01 2.22232167e-01 9.53347361e-01 1.67357752e-01
8.99399852e-01 3.42830391e-01 -2.71196861e-01 9.20808268e-02 -3.86452687e-01 9.13555185e-01 -1.26775267e-01 1.74801364e-01 2.04290742e-01 2.18826304e-01 9.54138024e-01 1.69996007e-01
8.98367050e-01 3.45819690e-01 -2.70824395e-01 9.19369200e-02 -3.88642347e-01 9.13112490e-01 -1.23221059e-01 1.73595945e-01 2.04680718e-01 2.15951469e-01 9.54709278e-01 1.72670290e-01
8.97705587e-01 3.48261406e-01 -2.69887321e-01 9.21085489e-02 -3.90049755e-01 9.13045795e-01 -1.19202637e-01 1.72061679e-01 2.04905658e-01 2.12278253e-01 9.55484520e-01 1.74093847e-01
8.97290605e-01 3.50228487e-01 -2.68719133e-01 9.28244486e-02 -3.90900025e-01 9.13214244e-01 -1.15054427e-01 1.70497983e-01 2.05102662e-01 2.08279481e-01 9.56321874e-01 1.74758118e-01
8.96927495e-01 3.51848574e-01 -2.67813449e-01 9.39664644e-02 -3.91455017e-01 9.13492578e-01 -1.10882231e-01 1.68959949e-01 2.05631699e-01 2.04290146e-01 9.57068523e-01 1.75667046e-01
8.97223427e-01 3.52418689e-01 -2.66066895e-01 9.47960030e-02 -3.91002567e-01 9.14052731e-01 -1.07820533e-01 1.67998632e-01 2.05201050e-01 2.00771868e-01 9.57905108e-01 1.77118693e-01
8.98096742e-01 3.52173523e-01 -2.63432101e-01 9.52495630e-02 -3.89695961e-01 9.14883324e-01 -1.05480867e-01 1.67360308e-01 2.03861927e-01 1.97390372e-01 9.58893283e-01 1.78468624e-01
8.99491730e-01 3.51105333e-01 -2.60077058e-01 9.54327302e-02 -3.87485167e-01 9.16051654e-01 -1.03465947e-01 1.66851432e-01 2.01916445e-01 1.93842690e-01 9.60027968e-01 1.80098382e-01
9.01230155e-01 3.48999267e-01 -2.56873731e-01 9.58342317e-02 -3.84327906e-01 9.17573206e-01 -1.01744616e-01 1.66437885e-01 2.00191544e-01 1.90418976e-01 9.61073817e-01 1.81967364e-01
9.02970195e-01 3.46758316e-01 -2.53779269e-01 9.65289871e-02 -3.81016278e-01 9.19171250e-01 -9.97561497e-02 1.65807547e-01 1.98675234e-01 1.86770782e-01 9.62103792e-01 1.83990754e-01
9.04706757e-01 3.44241067e-01 -2.51006259e-01 9.75673118e-02 -3.77581091e-01 9.20760129e-01 -9.81517671e-02 1.65275117e-01 1.97328580e-01 1.83573708e-01 9.62995860e-01 1.85972111e-01
9.06721748e-01 3.40909874e-01 -2.48267100e-01 9.87755177e-02 -3.73487590e-01 9.22519783e-01 -9.72872325e-02 1.65051433e-01 1.95865021e-01 1.80937054e-01 9.63793356e-01 1.87993986e-01
9.08842758e-01 3.37241518e-01 -2.45506425e-01 1.00029340e-01 -3.69115167e-01 9.24338818e-01 -9.67071682e-02 1.64992735e-01 1.94317330e-01 1.78511679e-01 9.64558629e-01 1.90498721e-01
9.11016729e-01 3.33091544e-01 -2.43102805e-01 1.01737336e-01 -3.64382313e-01 9.26247610e-01 -9.63917883e-02 1.65083871e-01 1.93065996e-01 1.76396809e-01 9.65198792e-01 1.92699732e-01
9.13180029e-01 3.29143507e-01 -2.40348198e-01 1.03501783e-01 -3.59805555e-01 9.28063772e-01 -9.61148952e-02 1.65164042e-01 1.91422758e-01 1.74248727e-01 9.65916029e-01 1.94993892e-01
9.15021977e-01 3.25210190e-01 -2.38691462e-01 1.06168730e-01 -3.55424387e-01 9.29793207e-01 -9.57002415e-02 1.65004797e-01 1.90810915e-01 1.72404493e-01 9.66367907e-01 1.97573889e-01
9.17064053e-01 3.20660309e-01 -2.37004162e-01 1.08937327e-01 -3.50473918e-01 9.31682631e-01 -9.55818954e-02 1.64947806e-01 1.90163260e-01 1.70718403e-01 9.66794780e-01 2.00314039e-01
9.19234201e-01 3.15402332e-01 -2.35648816e-01 1.12126116e-01 -3.44853885e-01 9.33796535e-01 -9.53953752e-02 1.64835672e-01 1.89960037e-01 1.68955008e-01 9.67144461e-01 2.03080076e-01
9.21183537e-01 3.10344063e-01 -2.34750751e-01 1.15679290e-01 -3.39470396e-01 9.35811839e-01 -9.49553999e-02 1.64484419e-01 1.90213591e-01 1.67162198e-01 9.67406125e-01 2.06008580e-01
9.23395885e-01 3.04826338e-01 -2.33284101e-01 1.18986891e-01 -3.33574296e-01 9.37947808e-01 -9.47766497e-02 1.64284739e-01 1.89917794e-01 1.65333857e-01 9.67778400e-01 2.09085312e-01
9.25256797e-01 2.99466130e-01 -2.32852954e-01 1.23019043e-01 -3.27981725e-01 9.39955469e-01 -9.44047699e-02 1.63897169e-01 1.90600281e-01 1.63720074e-01 9.67918576e-01 2.12466939e-01
9.27001012e-01 2.94013936e-01 -2.32863710e-01 1.27503647e-01 -3.22350127e-01 9.41949213e-01 -9.39289806e-02 1.63423008e-01 1.91729256e-01 1.62135818e-01 9.67962281e-01 2.16004607e-01
9.28932803e-01 2.88294260e-01 -2.32316147e-01 1.31771718e-01 -3.16448129e-01 9.43946926e-01 -9.39432135e-02 1.63165786e-01 1.92210726e-01 1.60782863e-01 9.68092424e-01 2.19792593e-01
9.30917712e-01 2.82452522e-01 -2.31545452e-01 1.35946805e-01 -3.10385453e-01 9.45956265e-01 -9.39578801e-02 1.62922520e-01 1.92493144e-01 1.59335312e-01 9.68275606e-01 2.23700967e-01
9.33125028e-01 2.76327739e-01 -2.30045910e-01 1.39880697e-01 -3.03942569e-01 9.48031182e-01 -9.41075171e-02 1.62688436e-01 1.92086091e-01 1.57734745e-01 9.68618438e-01 2.27382209e-01
9.35462269e-01 2.70090026e-01 -2.27952080e-01 1.43296927e-01 -2.97308895e-01 9.50108757e-01 -9.43455898e-02 1.62504541e-01 1.91097390e-01 1.56028835e-01 9.69090175e-01 2.30456242e-01
9.38164995e-01 2.63032371e-01 -2.25079788e-01 1.46220913e-01 -2.89821538e-01 9.52345456e-01 -9.50891270e-02 1.62636840e-01 1.89342127e-01 1.54442170e-01 9.69688698e-01 2.33521429e-01
9.40998669e-01 2.55882245e-01 -2.21463881e-01 1.48511665e-01 -2.82118410e-01 9.54586989e-01 -9.57767167e-02 1.62875151e-01 1.86898920e-01 1.52604715e-01 9.70453259e-01 2.36596549e-01
9.43783844e-01 2.48688680e-01 -2.17776231e-01 1.50522698e-01 -2.74361754e-01 9.56780790e-01 -9.64178452e-02 1.63166643e-01 1.84386045e-01 1.50746986e-01 9.71223975e-01 2.39714717e-01
9.46463083e-01 2.41695412e-01 -2.13989570e-01 1.52247701e-01 -2.66796172e-01 9.58857293e-01 -9.70196247e-02 1.63564307e-01 1.81736220e-01 1.48916998e-01 9.72005462e-01 2.42550765e-01
9.49482838e-01 2.34552353e-01 -2.08490053e-01 1.52705332e-01 -2.58781429e-01 9.61016391e-01 -9.73656113e-02 1.63892048e-01 1.77524978e-01 1.46400246e-01 9.73165348e-01 2.44730989e-01
9.52115426e-01 2.28017717e-01 -2.03677964e-01 1.53234665e-01 -2.51503514e-01 9.62912991e-01 -9.76986462e-02 1.64250473e-01 1.73847089e-01 1.44246037e-01 9.74150492e-01 2.47101486e-01
9.54306889e-01 2.22396120e-01 -1.99596729e-01 1.53946260e-01 -2.45186236e-01 9.64556695e-01 -9.75424953e-02 1.64434485e-01 1.70829244e-01 1.42023776e-01 9.75010518e-01 2.49620714e-01
9.56318391e-01 2.16861998e-01 -1.96027143e-01 1.54469253e-01 -2.38962052e-01 9.66181949e-01 -9.69027750e-02 1.64431126e-01 1.68383311e-01 1.39512883e-01 9.75798221e-01 2.52214387e-01
9.58206179e-01 2.11693888e-01 -1.92424729e-01 1.54895374e-01 -2.33161282e-01 9.67635904e-01 -9.65254893e-02 1.64610402e-01 1.65763175e-01 1.37357246e-01 9.76552369e-01 2.55145697e-01
9.60124916e-01 2.06840459e-01 -1.88089931e-01 1.54554415e-01 -2.27578398e-01 9.69007383e-01 -9.60906751e-02 1.64856960e-01 1.62385054e-01 1.35064199e-01 9.77439327e-01 2.57414961e-01
9.61918372e-01 2.02453924e-01 -1.83646665e-01 1.53695330e-01 -2.22445666e-01 9.70254522e-01 -9.55241760e-02 1.65127630e-01 1.58844719e-01 1.32737820e-01 9.78339358e-01 2.60114971e-01
9.63550035e-01 1.98567483e-01 -1.79284501e-01 1.52409358e-01 -2.17865741e-01 9.71335348e-01 -9.50939220e-02 1.65501000e-01 1.55262784e-01 1.30687656e-01 9.79189996e-01 2.62730878e-01
9.65017299e-01 1.95497154e-01 -1.74708718e-01 1.50471193e-01 -2.13978566e-01 9.72313265e-01 -9.39190806e-02 1.65530364e-01 1.51510664e-01 1.28017411e-01 9.80130066e-01 2.66072835e-01
9.66388539e-01 1.92528818e-01 -1.70371402e-01 1.48188374e-01 -2.10290450e-01 9.73201081e-01 -9.30494853e-02 1.65754288e-01 1.47890904e-01 1.25749392e-01 9.80976165e-01 2.69461069e-01
9.67629115e-01 1.89637999e-01 -1.66528867e-01 1.45804500e-01 -2.06844548e-01 9.73966649e-01 -9.27627128e-02 1.66314989e-01 1.44602212e-01 1.24205454e-01 9.81662881e-01 2.73185644e-01
9.68657435e-01 1.87254581e-01 -1.63214653e-01 1.43412165e-01 -2.03957717e-01 9.74620151e-01 -9.22895574e-02 1.66755149e-01 1.41790641e-01 1.22685816e-01 9.82263918e-01 2.77176167e-01
9.69472609e-01 1.85444762e-01 -1.60417221e-01 1.40885438e-01 -2.01719454e-01 9.75130773e-01 -9.18137862e-02 1.67158974e-01 1.39401383e-01 1.21370181e-01 9.82769235e-01 2.81733286e-01
9.70206046e-01 1.84188184e-01 -1.57402517e-01 1.37880480e-01 -2.00092041e-01 9.75459715e-01 -9.18808727e-02 1.67942474e-01 1.36616439e-01 1.20638321e-01 9.83250360e-01 2.86491118e-01
9.70739455e-01 1.83889372e-01 -1.54434885e-01 1.34546012e-01 -1.99438030e-01 9.75585781e-01 -9.19639260e-02 1.68759122e-01 1.33753293e-01 1.20073160e-01 9.83713034e-01 2.90933739e-01
9.71177924e-01 1.83848056e-01 -1.51702998e-01 1.30933817e-01 -1.99059243e-01 9.75665310e-01 -9.19409257e-02 1.69647007e-01 1.31108196e-01 1.19488846e-01 9.84140173e-01 2.95156817e-01
9.71729770e-01 1.83626787e-01 -1.48401063e-01 1.26732401e-01 -1.98430468e-01 9.75797106e-01 -9.19013210e-02 1.70539400e-01 1.27933793e-01 1.18750514e-01 9.84647150e-01 2.98514071e-01
9.72196210e-01 1.83730852e-01 -1.45182429e-01 1.22470967e-01 -1.98153517e-01 9.75848073e-01 -9.19577388e-02 1.71566005e-01 1.24780532e-01 1.18169345e-01 9.85121615e-01 3.01641020e-01
9.72674338e-01 1.83706908e-01 -1.41974656e-01 1.18093314e-01 -1.97788805e-01 9.75888167e-01 -9.23168741e-02 1.72774926e-01 1.21592151e-01 1.17875227e-01 9.85555454e-01 3.04458253e-01
9.73063710e-01 1.83509503e-01 -1.39540797e-01 1.13873521e-01 -1.97351508e-01 9.75935850e-01 -9.27474024e-02 1.74123444e-01 1.19162851e-01 1.17787693e-01 9.85862588e-01 3.06975725e-01
9.73536336e-01 1.82916044e-01 -1.37000083e-01 1.09478550e-01 -1.96499281e-01 9.76070367e-01 -9.31402397e-02 1.75471818e-01 1.16684896e-01 1.17595803e-01 9.86181826e-01 3.09580913e-01
9.73732715e-01 1.82958705e-01 -1.35539611e-01 1.05289424e-01 -1.96359332e-01 9.76105346e-01 -9.30687182e-02 1.76673099e-01 1.15273228e-01 1.17238504e-01 9.86390345e-01 3.11795032e-01
9.73850260e-01 1.82948809e-01 -1.34705916e-01 1.01290005e-01 -1.96260816e-01 9.76116398e-01 -9.31605331e-02 1.77971597e-01 1.14445068e-01 1.17161883e-01 9.86495878e-01 3.13900929e-01
9.73966491e-01 1.82637756e-01 -1.34286871e-01 9.71813584e-02 -1.95898724e-01 9.76189513e-01 -9.31565250e-02 1.79277523e-01 1.14075561e-01 1.17037947e-01 9.86553356e-01 3.15451797e-01
9.73959461e-01 1.82324602e-01 -1.34762558e-01 9.31997258e-02 -1.95623976e-01 9.76258933e-01 -9.30063318e-02 1.80532937e-01 1.14605833e-01 1.16947172e-01 9.86502655e-01 3.16322541e-01
9.73894711e-01 1.81807889e-01 -1.35923403e-01 8.93943708e-02 -1.95212934e-01 9.76366402e-01 -9.27412079e-02 1.81727187e-01 1.15849984e-01 1.16854166e-01 9.86368341e-01 3.17214574e-01
9.73661635e-01 1.81508287e-01 -1.37978317e-01 8.59972926e-02 -1.95136972e-01 9.76397524e-01 -9.25732101e-02 1.82948793e-01 1.17918910e-01 1.17059639e-01 9.86098758e-01 3.18130422e-01
9.73318490e-01 1.81647306e-01 -1.40198292e-01 8.24354187e-02 -1.95509883e-01 9.76347285e-01 -9.23155660e-02 1.84125839e-01 1.20113377e-01 1.17262588e-01 9.85809708e-01 3.19053055e-01
9.73127106e-01 1.81399785e-01 -1.41838012e-01 7.84836367e-02 -1.95417508e-01 9.76396365e-01 -9.19917980e-02 1.85302753e-01 1.21802854e-01 1.17237329e-01 9.85605407e-01 3.19698641e-01
9.73055720e-01 1.80587867e-01 -1.43355660e-01 7.43024467e-02 -1.94748915e-01 9.76556378e-01 -9.17108416e-02 1.86599086e-01 1.23433045e-01 1.17158108e-01 9.85411980e-01 3.20336231e-01
9.72826896e-01 1.80035094e-01 -1.45586798e-01 7.04961348e-02 -1.94409326e-01 9.76661854e-01 -9.13074765e-02 1.87840554e-01 1.25750546e-01 1.17129788e-01 9.85122299e-01 3.20641653e-01
9.72679753e-01 1.79321454e-01 -1.47438849e-01 6.63339681e-02 -1.93845455e-01 9.76823325e-01 -9.07774485e-02 1.89066762e-01 1.27743387e-01 1.16877729e-01 9.84895776e-01 3.20972614e-01
9.72221977e-01 1.79165499e-01 -1.50613311e-01 6.28168373e-02 -1.93957607e-01 9.76877995e-01 -8.99453671e-02 1.90094708e-01 1.31015749e-01 1.16659458e-01 9.84491659e-01 3.21299099e-01
9.71774893e-01 1.79120770e-01 -1.53523623e-01 5.89501160e-02 -1.94152672e-01 9.76911626e-01 -8.91555188e-02 1.91154988e-01 1.34009435e-01 1.16446116e-01 9.84113865e-01 3.21645382e-01
9.71463193e-01 1.78604666e-01 -1.56076499e-01 5.47469775e-02 -1.93847387e-01 9.77031652e-01 -8.85023401e-02 1.92310816e-01 1.36684777e-01 1.16231789e-01 9.83771184e-01 3.21905968e-01
9.71018322e-01 1.78624055e-01 -1.58799090e-01 5.06078114e-02 -1.94087219e-01 9.77050254e-01 -8.77681194e-02 1.93448768e-01 1.39477224e-01 1.16045321e-01 9.83401192e-01 3.22222042e-01
9.70562270e-01 1.78151602e-01 -1.62083877e-01 4.66947378e-02 -1.93835698e-01 9.77202879e-01 -8.66174381e-02 1.94463853e-01 1.42957822e-01 1.15485257e-01 9.82967198e-01 3.21972330e-01
9.70104079e-01 1.77459071e-01 -1.65549379e-01 4.27319296e-02 -1.93387158e-01 9.77387553e-01 -8.55292727e-02 1.95551355e-01 1.46627983e-01 1.14987424e-01 9.82484782e-01 3.21667520e-01
9.69641169e-01 1.76311538e-01 -1.69441710e-01 3.88360945e-02 -1.92512794e-01 9.77661107e-01 -8.43672092e-02 1.96645542e-01 1.50781683e-01 1.14425619e-01 9.81921521e-01 3.21277500e-01
9.69243952e-01 1.75026692e-01 -1.73008963e-01 3.47418558e-02 -1.91449423e-01 9.77972106e-01 -8.31743001e-02 1.97739214e-01 1.54640238e-01 1.13738656e-01 9.81401107e-01 3.20785964e-01
9.68821680e-01 1.74143655e-01 -1.76235103e-01 3.03140367e-02 -1.90757096e-01 9.78201435e-01 -8.20606297e-02 1.98845576e-01 1.58103106e-01 1.13120214e-01 9.80920732e-01 3.20301107e-01
9.68323845e-01 1.73524169e-01 -1.79551054e-01 2.60248830e-02 -1.90355980e-01 9.78361923e-01 -8.10728674e-02 1.99990143e-01 1.61597821e-01 1.12683405e-01 9.80401392e-01 3.19608473e-01
9.67913122e-01 1.73077013e-01 -1.82178004e-01 2.13973622e-02 -1.90014180e-01 9.78524356e-01 -7.99057006e-02 2.01004438e-01 1.64435788e-01 1.11958180e-01 9.80012482e-01 3.19010158e-01
9.67336620e-01 1.72513849e-01 -1.85739491e-01 1.73838036e-02 -1.89655212e-01 9.78689481e-01 -7.87277887e-02 2.01998423e-01 1.68199659e-01 1.11382735e-01 9.79439131e-01 3.18459351e-01
9.66702860e-01 1.71838109e-01 -1.89624910e-01 1.34256032e-02 -1.89222832e-01 9.78862663e-01 -7.76071735e-02 2.03002244e-01 1.72280877e-01 1.10904435e-01 9.78783829e-01 3.18109570e-01
