1.00000000e+00 0.00000000e+00 0.00000000e+00 0.00000000e+00 0.00000000e+00 1.00000000e+00 0.00000000e+00 0.00000000e+00 0.00000000e+00 0.00000000e+00 1.00000000e+00 0.00000000e+00
9.99999734e-01 4.63586533e-04 -5.38026879e-04 4.30296115e-04 -4.64268379e-04 9.99999071e-01 -1.26784834e-03 8.69318331e-04 5.37438630e-04 1.26809768e-03 9.99998997e-01 -2.03673838e-03
9.99999010e-01 9.23825168e-04 -1.08686136e-03 8.70776068e-04 -9.26568981e-04 9.99996356e-01 -2.52667530e-03 1.73521180e-03 1.08452324e-03 2.52767961e-03 9.99996174e-01 -4.07852341e-03
9.99986076e-01 8.91247286e-04 5.20974929e-03 6.53655599e-06 -8.70841335e-04 9.99991917e-01 -3.91785301e-03 2.31342221e-03 -5.21319843e-03 3.91326117e-03 9.99978721e-01 -1.00575303e-02
9.99932535e-01 2.03539093e-03 1.14412251e-02 -3.30601498e-03 -1.97974473e-03 9.99986118e-01 -4.87288619e-03 3.13172548e-03 -1.14509840e-02 4.84990622e-03 9.99922616e-01 -1.92116224e-02
9.99887494e-01 3.22908199e-03 1.46543424e-02 -6.02179177e-03 -3.14866531e-03 9.99979823e-01 -5.50733234e-03 3.69771291e-03 -1.46718302e-02 5.46057037e-03 9.99877394e-01 -2.89762962e-02
9.99810204e-01 4.72940183e-03 1.89035208e-02 -9.66583882e-03 -4.59866116e-03 9.99965168e-01 -6.95370070e-03 4.65922527e-03 -1.89357492e-02 6.86544907e-03 9.99797069e-01 -3.95190779e-02
9.99746229e-01 5.60231460e-03 2.18233037e-02 -1.18942636e-02 -5.43895537e-03 9.99956722e-01 -7.53770760e-03 5.19988648e-03 -2.18645871e-02 7.41709755e-03 9.99733401e-01 -4.90612370e-02
9.99654968e-01 5.48871330e-03 2.56887571e-02 -1.47901490e-02 -5.29153375e-03 9.99955965e-01 -7.73739747e-03 5.53974031e-03 -2.57300943e-02 7.59879409e-03 9.99639974e-01 -5.90402719e-02
9.99688953e-01 4.35952813e-03 2.45593542e-02 -1.23823932e-02 -4.11178297e-03 9.99940141e-01 -1.01290961e-02 6.92229134e-03 -2.46020429e-02 1.00249614e-02 9.99647005e-01 -6.71260896e-02
9.99802597e-01 3.65192791e-03 1.95348767e-02 -7.46266502e-03 -3.40225268e-03 9.99912221e-01 -1.27990091e-02 8.44542532e-03 -1.95799028e-02 1.27300184e-02 9.99727220e-01 -7.32328718e-02
9.99920186e-01 6.29740846e-03 1.09611923e-02 -3.87974075e-03 -6.07280398e-03 9.99773259e-01 -2.04049173e-02 1.04859936e-02 -1.10872043e-02 2.03367213e-02 9.99731685e-01 -8.15676975e-02
9.99940199e-01 9.06531773e-03 6.12797599e-03 -6.26527904e-03 -8.90858499e-03 9.99644203e-01 -2.51373332e-02 1.02228624e-02 -6.35367312e-03 2.50812368e-02 9.99665149e-01 -8.91581273e-02
9.99943131e-01 1.04698203e-02 2.04434141e-03 -6.34900541e-03 -1.04065022e-02 9.99529382e-01 -2.88520536e-02 1.10373496e-02 -2.34545468e-03 2.88291382e-02 9.99581484e-01 -9.57518675e-02
9.99935748e-01 1.05285173e-02 -4.21273434e-03 -3.64630415e-03 -1.06553586e-02 9.99452673e-01 -3.13141834e-02 1.20679004e-02 3.88073717e-03 3.13570583e-02 9.99500635e-01 -1.02733542e-01
9.99917940e-01 1.27906190e-02 -7.95563534e-04 -1.28350913e-02 -1.28097384e-02 9.99387816e-01 -3.25522943e-02 1.01478221e-02 3.78713294e-04 3.25598118e-02 9.99469649e-01 -1.09398477e-01
9.99929510e-01 1.18768550e-02 5.01456128e-05 -1.80081981e-02 -1.18682308e-02 9.99347382e-01 -3.41127964e-02 9.83839814e-03 -4.55264862e-04 3.41097956e-02 9.99417894e-01 -1.15836292e-01
9.99925235e-01 1.10285680e-02 -5.29590198e-03 -1.76738361e-02 -1.12089643e-02 9.99312477e-01 -3.53366176e-02 9.97694012e-03 4.90254930e-03 3.53933340e-02 9.99361380e-01 -1.22825856e-01
9.99852452e-01 1.00402295e-02 -1.39446767e-02 -1.34249379e-02 -1.05351684e-02 9.99300224e-01 -3.58852204e-02 1.00641817e-02 1.35746241e-02 3.60268303e-02 9.99258563e-01 -1.31056179e-01
9.99632564e-01 1.07439864e-02 -2.48890122e-02 -1.06160540e-02 -1.17070215e-02 9.99175331e-01 -3.88762901e-02 1.05799171e-02 2.44508010e-02 3.91533784e-02 9.98933974e-01 -1.40125499e-01
9.99700120e-01 9.00034581e-03 -2.27776687e-02 -1.73268913e-02 -9.87816475e-03 9.99200997e-01 -3.87241866e-02 9.97046794e-03 2.24109393e-02 3.89375739e-02 9.98990218e-01 -1.46282940e-01
9.99816300e-01 7.39342734e-03 -1.76888197e-02 -2.76610331e-02 -8.04164256e-03 9.99288025e-01 -3.68594877e-02 8.64417826e-03 1.74037084e-02 3.69949623e-02 9.99163833e-01 -1.52725474e-01
9.99796957e-01 7.20779146e-03 -1.88223015e-02 -3.05978519e-02 -7.89999512e-03 9.99285267e-01 -3.69641246e-02 8.56927476e-03 1.85424197e-02 3.71053129e-02 9.99139265e-01 -1.59442922e-01
9.99850290e-01 8.52080185e-03 -1.50661409e-02 -4.50845644e-02 -9.04025342e-03 9.99354951e-01 -3.47529622e-02 7.78670642e-03 1.47603007e-02 3.48839601e-02 9.99282280e-01 -1.65652497e-01
9.99886953e-01 9.63612485e-03 -1.15512230e-02 -5.77406873e-02 -1.00157152e-02 9.99396194e-01 -3.32669854e-02 7.35246480e-03 1.12236855e-02 3.33789170e-02 9.99379648e-01 -1.70016444e-01
9.99869532e-01 8.80071659e-03 -1.35516627e-02 -6.08577540e-02 -9.25379948e-03 9.99387618e-01 -3.37422237e-02 7.54808867e-03 1.32464102e-02 3.38632260e-02 9.99338562e-01 -1.75665459e-01
9.99814104e-01 8.30019802e-03 -1.74075361e-02 -6.18761402e-02 -8.90041638e-03 9.99358330e-01 -3.46911904e-02 7.98563338e-03 1.71084244e-02 3.48396768e-02 9.99246318e-01 -1.79353968e-01
9.99830311e-01 1.12588580e-02 -1.45848977e-02 -7.36920904e-02 -1.17360572e-02 9.99384414e-01 -3.30572522e-02 8.50179493e-03 1.42037353e-02 3.32228135e-02 9.99346870e-01 -1.80427607e-01
9.99747355e-01 1.18021291e-02 -1.91333914e-02 -7.57288602e-02 -1.24361233e-02 9.99365831e-01 -3.33623656e-02 9.16455403e-03 1.87275125e-02 3.35918846e-02 9.99259970e-01 -1.82274077e-01
9.99595926e-01 1.18358012e-02 -2.58466084e-02 -7.30885576e-02 -1.27183464e-02 9.99332169e-01 -3.42524166e-02 9.91081895e-03 2.54239431e-02 3.45673047e-02 9.99078750e-01 -1.84091219e-01
9.99436646e-01 1.20979858e-02 -3.13085840e-02 -7.18772470e-02 -1.31832546e-02 9.99310970e-01 -3.46925868e-02 1.03780750e-02 3.08673014e-02 3.50857938e-02 9.98907306e-01 -1.87099228e-01
9.99443633e-01 1.61484523e-02 -2.91857820e-02 -8.01864925e-02 -1.71335843e-02 9.99280803e-01 -3.38251129e-02 1.14854828e-02 2.86185686e-02 3.43063548e-02 9.99001321e-01 -1.88187742e-01
9.99323202e-01 1.69805029e-02 -3.26346075e-02 -8.09601069e-02 -1.80945268e-02 9.99252810e-01 -3.41497184e-02 1.17065812e-02 3.20303443e-02 3.47171158e-02 9.98883573e-01 -1.90761233e-01
9.99464205e-01 1.62793497e-02 -2.83999049e-02 -9.12529368e-02 -1.72082793e-02 9.99314474e-01 -3.27771326e-02 1.09481391e-02 2.78468459e-02 3.32482863e-02 9.99058947e-01 -1.93087844e-01
9.99570496e-01 1.44565523e-02 -2.54976659e-02 -9.98264363e-02 -1.52591328e-02 9.99385046e-01 -3.15681455e-02 1.03727849e-02 2.50256212e-02 3.19436606e-02 9.99176156e-01 -1.95803314e-01
9.99702931e-01 1.53241951e-02 -1.89611152e-02 -1.14362221e-01 -1.58814579e-02 9.99435688e-01 -2.95968940e-02 8.66355558e-03 1.84968703e-02 2.98892350e-02 9.99381872e-01 -1.97688773e-01
9.99814517e-01 1.36242350e-02 -1.36239790e-02 -1.28105330e-01 -1.40352159e-02 9.99434946e-01 -3.05397848e-02 7.23990314e-03 1.32002049e-02 3.07253393e-02 9.99440485e-01 -1.99209479e-01
9.99874346e-01 1.38685892e-02 -7.70171502e-03 -1.46715043e-01 -1.41373645e-02 9.99251176e-01 -3.60154454e-02 7.06907098e-03 7.19647192e-03 3.61198028e-02 9.99321351e-01 -1.99567865e-01
9.99957040e-01 9.08849661e-03 -1.92244489e-03 -1.58784777e-01 -9.15183075e-03 9.99309799e-01 -3.60011868e-02 5.05298735e-03 1.59393098e-03 3.60172356e-02 9.99349683e-01 -2.00171112e-01
9.99933892e-01 1.02928724e-02 5.16825244e-03 -1.77299159e-01 -1.00677794e-02 9.99073682e-01 -4.18376936e-02 4.40683925e-03 -5.59408270e-03 4.17828943e-02 9.99110838e-01 -1.98741712e-01
9.99933013e-01 9.21585841e-03 7.03379824e-03 -1.84646096e-01 -8.89379910e-03 9.98968838e-01 -4.45215135e-02 4.47698080e-03 -7.43683583e-03 4.44559723e-02 9.98983463e-01 -2.00682301e-01
9.99946735e-01 8.92387735e-03 5.23586579e-03 -1.88392851e-01 -8.66922843e-03 9.98866987e-01 -4.67933370e-02 4.91407111e-03 -5.64749887e-03 4.67454482e-02 9.98890700e-01 -2.03472999e-01
9.99959335e-01 8.80150720e-03 2.09844186e-03 -1.90863064e-01 -8.68894668e-03 9.98776685e-01 -4.86793311e-02 5.42284649e-03 -2.52431505e-03 4.86591103e-02 9.98812117e-01 -2.06354022e-01
9.99948114e-01 8.75140476e-03 -5.26706038e-03 -1.84947571e-01 -9.00292527e-03 9.98719049e-01 -4.97924358e-02 6.30753457e-03 4.82456792e-03 4.98372618e-02 9.98745590e-01 -2.08728828e-01
9.99939426e-01 8.46436774e-03 -7.07471440e-03 -1.83161963e-01 -8.80734003e-03 9.98713325e-01 -4.99420950e-02 6.64976566e-03 6.64289074e-03 5.00013720e-02 9.98726913e-01 -2.11752307e-01
9.99966089e-01 3.96182682e-03 -7.25304387e-03 -1.82702518e-01 -4.27849024e-03 9.99014565e-01 -4.41771644e-02 5.94895980e-03 7.07088177e-03 4.42066958e-02 9.98997198e-01 -2.12450852e-01
9.99965124e-01 1.40065575e-03 -8.26656807e-03 -1.82819222e-01 -1.74750514e-03 9.99111864e-01 -4.21007707e-02 5.73886075e-03 8.20026478e-03 4.21137451e-02 9.99078995e-01 -2.14557374e-01
9.99972825e-01 -1.98176657e-03 -7.13674327e-03 -1.85544556e-01 1.70605387e-03 9.99259699e-01 -3.84332953e-02 5.97773630e-03 7.20763347e-03 3.84200723e-02 9.99235522e-01 -2.16263403e-01
9.99971095e-01 -5.54403179e-03 -5.25083999e-03 -1.88414773e-01 5.35823577e-03 9.99381337e-01 -3.47596669e-02 5.95394142e-03 5.44030861e-03 3.47305270e-02 9.99381733e-01 -2.17731818e-01
9.99971790e-01 -6.38990875e-03 -4.00961965e-03 -1.89345158e-01 6.25036285e-03 9.99405716e-01 -3.38987996e-02 5.71015865e-03 4.22385610e-03 3.38727823e-02 9.99417045e-01 -2.19794212e-01
9.99976308e-01 -6.66840083e-03 -1.85076305e-03 -1.89860959e-01 6.60246450e-03 9.99413698e-01 -3.35964956e-02 5.62702310e-03 2.07372292e-03 3.35834814e-02 9.99433591e-01 -2.22643551e-01
9.99980835e-01 -6.23464334e-03 -2.05585064e-04 -1.86170854e-01 6.22446429e-03 9.99436496e-01 -3.29856424e-02 6.66289220e-03 4.11133902e-04 3.29837315e-02 9.99455640e-01 -2.24610291e-01
9.99979902e-01 -6.08003670e-03 1.94908562e-03 -1.85187277e-01 6.14127068e-03 9.99432343e-01 -3.31260264e-02 7.04301727e-03 -1.74655974e-03 3.31373310e-02 9.99449111e-01 -2.26816152e-01
9.99972322e-01 -6.32428724e-03 3.99674562e-03 -1.85079325e-01 6.45445204e-03 9.99419886e-01 -3.34418710e-02 7.37782792e-03 -3.78291762e-03 3.34667430e-02 9.99432501e-01 -2.29075334e-01
9.99963695e-01 -6.76032193e-03 5.24957745e-03 -1.85921078e-01 6.93496846e-03 9.99397989e-01 -3.39967497e-02 7.80119415e-03 -5.01657380e-03 3.40319219e-02 9.99407999e-01 -2.32092460e-01
9.99950485e-01 -7.29726318e-03 6.80774978e-03 -1.86576103e-01 7.52867268e-03 9.99372585e-01 -3.46104274e-02 8.26548484e-03 -6.55090210e-03 3.46599685e-02 9.99377504e-01 -2.35148418e-01
9.99937969e-01 -7.52820774e-03 8.23985295e-03 -1.88269524e-01 7.81897439e-03 9.99326824e-01 -3.58445016e-02 9.05339245e-03 -7.96444566e-03 3.59067062e-02 9.99323220e-01 -2.37548703e-01
9.99926331e-01 -8.36939008e-03 8.81426720e-03 -1.90572432e-01 8.71385081e-03 9.99169817e-01 -3.97958099e-02 1.03734979e-02 -8.47386776e-03 3.98696858e-02 9.99168711e-01 -2.40438479e-01
9.99917103e-01 -8.57107266e-03 9.62557313e-03 -1.92669619e-01 8.97229476e-03 9.99058479e-01 -4.24444458e-02 1.15236181e-02 -9.25270069e-03 4.25272920e-02 9.99052186e-01 -2.42813582e-01
9.99915508e-01 -8.46643096e-03 9.87738370e-03 -1.94694076e-01 8.89864892e-03 9.98966637e-01 -4.45684235e-02 1.24907196e-02 -9.48982587e-03 4.46525560e-02 9.98957202e-01 -2.45047842e-01
9.99902726e-01 -8.72484416e-03 1.08936687e-02 -1.95860809e-01 9.21737953e-03 9.98898261e-01 -4.60135521e-02 1.33575764e-02 -1.04801895e-02 4.61094919e-02 9.98881100e-01 -2.47390057e-01
9.99886040e-01 -8.83597896e-03 1.22500286e-02 -1.97253161e-01 9.41250704e-03 9.98810900e-01 -4.78339486e-02 1.43630424e-02 -1.18127860e-02 4.79438053e-02 9.98779847e-01 -2.49930028e-01
9.99871045e-01 -9.18661190e-03 1.31796155e-02 -1.98314637e-01 9.81804987e-03 9.98766382e-01 -4.86743832e-02 1.49586936e-02 -1.27161876e-02 4.87975093e-02 9.98727396e-01 -2.52623774e-01
9.99792817e-01 -1.35365795e-02 1.52067911e-02 -1.98707127e-01 1.44725874e-02 9.97893990e-01 -6.32298866e-02 1.34737880e-02 -1.43188310e-02 6.34368680e-02 9.97882800e-01 -2.57444062e-01
9.99819148e-01 -1.25359149e-02 1.43068325e-02 -1.98877907e-01 1.35334707e-02 9.97319679e-01 -7.19036883e-02 1.39971959e-02 -1.33670894e-02 7.20843000e-02 9.97308659e-01 -2.58407430e-01
9.99757477e-01 -1.21165484e-02 1.83935914e-02 -2.02630437e-01 1.34924963e-02 9.96968571e-01 -7.66251166e-02 1.69142050e-02 -1.74093824e-02 7.68547029e-02 9.96889957e-01 -2.63225683e-01
9.99677582e-01 -1.39340265e-02 2.12320033e-02 -2.04864462e-01 1.54931231e-02 9.97053276e-01 -7.51302442e-02 1.62704676e-02 -2.01225521e-02 7.54349614e-02 9.96947363e-01 -2.59167905e-01
9.99607667e-01 -1.63867394e-02 2.27213378e-02 -2.01479358e-01 1.79860372e-02 9.97237369e-01 -7.20695486e-02 1.78802948e-02 -2.14775615e-02 7.24499296e-02 9.97140499e-01 -2.63309327e-01
9.99546591e-01 -1.65177999e-02 2.51810947e-02 -2.01170893e-01 1.82302895e-02 9.97424444e-01 -6.93682850e-02 1.80056109e-02 -2.39704077e-02 6.97958786e-02 9.97272979e-01 -2.66552811e-01
9.99415163e-01 -1.73513814e-02 2.94708931e-02 -1.99976788e-01 1.91709530e-02 9.97852862e-01 -6.26251254e-02 1.86610141e-02 -2.83209604e-02 6.31534725e-02 9.97601642e-01 -2.68052805e-01
9.99341913e-01 -1.79986825e-02 3.14977120e-02 -1.99942688e-01 1.98813548e-02 9.97969043e-01 -6.05169507e-02 1.88932974e-02 -3.03444935e-02 6.11033288e-02 9.97669833e-01 -2.69981259e-01
9.99416964e-01 -1.86122002e-02 2.86284163e-02 -1.97209045e-01 2.02517186e-02 9.98105896e-01 -5.80879709e-02 1.86554813e-02 -2.74930243e-02 5.86338648e-02 9.97900648e-01 -2.72862539e-01
9.99468526e-01 -1.90267352e-02 2.64740712e-02 -1.95662536e-01 2.05089210e-02 9.98169622e-01 -5.68901758e-02 1.86372480e-02 -2.53431578e-02 5.74028826e-02 9.98029118e-01 -2.75821394e-01
9.99529903e-01 -1.95826914e-02 2.35944315e-02 -1.93558061e-01 2.08799282e-02 9.98209401e-01 -5.60508780e-02 1.86260286e-02 -2.24545347e-02 5.65171653e-02 9.98148856e-01 -2.79078352e-01
9.99505826e-01 -2.00607814e-02 2.42047285e-02 -1.91958793e-01 2.14000162e-02 9.98178588e-01 -5.64022409e-02 1.91283193e-02 -2.30291473e-02 5.68923369e-02 9.98114440e-01 -2.82980792e-01
9.99439737e-01 -2.35584301e-02 2.37770765e-02 -1.82624302e-01 2.51387587e-02 9.97333214e-01 -6.85145338e-02 1.85197087e-02 -2.20995503e-02 6.90738623e-02 9.97366502e-01 -2.88442898e-01
9.99418053e-01 -2.63044904e-02 2.17211965e-02 -1.80186582e-01 2.79880999e-02 9.96301516e-01 -8.12394018e-02 1.78403811e-02 -1.95038761e-02 8.18000477e-02 9.96457684e-01 -2.84591769e-01
9.99377278e-01 -2.70475318e-02 2.26650372e-02 -1.82222389e-01 2.88862076e-02 9.95947900e-01 -8.51662038e-02 1.96266596e-02 -2.02696365e-02 8.57678615e-02 9.96108729e-01 -2.90408947e-01
9.99245365e-01 -2.78169006e-02 2.71140267e-02 -1.85348855e-01 3.00826679e-02 9.95745972e-01 -8.70917838e-02 2.10892444e-02 -2.45760334e-02 8.78417093e-02 9.95831041e-01 -2.85434132e-01
9.99260704e-01 -2.81334061e-02 2.62052128e-02 -1.82701820e-01 3.02281385e-02 9.96065302e-01 -8.33075917e-02 2.08755157e-02 -2.37583502e-02 8.40381285e-02 9.96179068e-01 -2.87344829e-01
9.99308689e-01 -2.85508085e-02 2.38134384e-02 -1.80391147e-01 3.04129601e-02 9.96176466e-01 -8.18994226e-02 2.11461578e-02 -2.13840648e-02 8.25670369e-02 9.96355871e-01 -2.92095331e-01
9.99321366e-01 -3.10621591e-02 1.97987544e-02 -1.79605492e-01 3.25091684e-02 9.96460141e-01 -7.75259395e-02 2.16238023e-02 -1.73205208e-02 7.81169642e-02 9.96793520e-01 -2.95623158e-01
9.99267180e-01 -3.38014591e-02 1.79610903e-02 -1.81736007e-01 3.50530127e-02 9.96592404e-01 -7.46649288e-02 2.25908199e-02 -1.53760772e-02 7.52398039e-02 9.97046673e-01 -2.98177722e-01
9.99291473e-01 -3.60097994e-02 1.09510822e-02 -1.79006101e-01 3.67071208e-02 9.96723380e-01 -7.20765520e-02 2.27852121e-02 -8.31971442e-03 7.24274653e-02 9.97338733e-01 -3.01174487e-01
9.99284142e-01 -3.67093089e-02 9.14828183e-03 -1.77103121e-01 3.72624448e-02 9.96832548e-01 -7.02591219e-02 2.26360606e-02 -6.54011867e-03 7.05497152e-02 9.97486567e-01 -3.04066837e-01
9.99276041e-01 -3.74673376e-02 6.60992746e-03 -1.75220546e-01 3.78370149e-02 9.96857134e-01 -6.96005305e-02 2.26618857e-02 -3.98138462e-03 6.98002437e-02 9.97552802e-01 -3.06654092e-01
9.99264716e-01 -3.83214522e-02 1.27393434e-03 -1.71515272e-01 3.83182950e-02 9.96896762e-01 -6.87644777e-02 2.25897860e-02 1.36519426e-03 6.87627300e-02 9.97631881e-01 -3.09640355e-01
9.99264465e-01 -3.83494815e-02 3.79622459e-05 -1.72309227e-01 3.82613569e-02 9.96900477e-01 -6.87422841e-02 2.26395358e-02 2.59840669e-03 6.86931712e-02 9.97634234e-01 -3.09929178e-01
9.99049625e-01 -4.35886362e-02 -1.98465378e-04 -1.70363385e-01 4.34308952e-02 9.95801358e-01 -8.05816321e-02 1.98174799e-02 3.71009567e-03 8.04964224e-02 9.96747783e-01 -3.16023533e-01
9.98980070e-01 -4.50898471e-02 2.41470148e-03 -1.74919755e-01 4.51260656e-02 9.95028204e-01 -8.87836946e-02 2.03827841e-02 1.60056768e-03 8.88021003e-02 9.96047810e-01 -3.16795932e-01
9.98968858e-01 -4.49451141e-02 6.42267712e-03 -1.88856215e-01 4.53433167e-02 9.94821974e-01 -9.09574713e-02 2.11366949e-02 -2.30130486e-03 9.11548985e-02 9.95833886e-01 -3.17897594e-01
9.98852267e-01 -4.55026992e-02 1.49575104e-02 -1.88873713e-01 4.66620246e-02 9.94897584e-01 -8.94504085e-02 2.10220898e-02 -1.08109332e-02 9.00456793e-02 9.95878770e-01 -3.18443876e-01
9.98954829e-01 -4.40879445e-02 1.20642644e-02 -1.80419178e-01 4.50107453e-02 9.94767598e-01 -9.17132922e-02 2.49648277e-02 -7.95766693e-03 9.21604469e-02 9.95712159e-01 -3.20255571e-01
9.99129926e-01 -3.83826116e-02 1.63167762e-02 -1.84727317e-01 3.97185109e-02 9.95014077e-01 -9.14840655e-02 2.59533225e-02 -1.27240020e-02 9.20525364e-02 9.95672631e-01 -3.22163003e-01
9.99087890e-01 -3.76007548e-02 2.02409340e-02 -1.92833972e-01 3.93171569e-02 9.94943471e-01 -9.24205913e-02 2.68040939e-02 -1.66634778e-02 9.31320964e-02 9.95514103e-01 -3.26220366e-01
9.98783320e-01 -4.08767433e-02 2.75875299e-02 -1.89750042e-01 4.30428721e-02 9.95608994e-01 -8.31268404e-02 2.57368835e-02 -2.40684115e-02 8.42131428e-02 9.96156852e-01 -3.30578156e-01
9.98763103e-01 -4.10598086e-02 2.80445714e-02 -1.85662536e-01 4.31421859e-02 9.96003707e-01 -7.82010695e-02 2.41344516e-02 -2.47215487e-02 7.93142391e-02 9.96542908e-01 -3.35197851e-01
9.98885972e-01 -4.04778750e-02 2.42590716e-02 -1.85621504e-01 4.22708188e-02 9.96007363e-01 -7.86296675e-02 2.45353152e-02 -2.09794248e-02 7.95675165e-02 9.96608534e-01 -3.39301948e-01
9.98991674e-01 -3.93873690e-02 2.15498414e-02 -1.86381522e-01 4.10016861e-02 9.95914144e-01 -8.04609955e-02 2.54601133e-02 -1.82926181e-02 8.12634367e-02 9.96524640e-01 -3.42910602e-01
9.98944923e-01 -3.90455196e-02 2.41793096e-02 -1.93749808e-01 4.09102520e-02 9.95779904e-01 -8.21512353e-02 2.61826045e-02 -2.08696058e-02 8.30537332e-02 9.96326365e-01 -3.44665727e-01
9.98870640e-01 -3.91514292e-02 2.69198764e-02 -1.97784368e-01 4.12760670e-02 9.95651028e-01 -8.35184403e-02 2.70289807e-02 -2.35329098e-02 8.45352614e-02 9.96142342e-01 -3.46730862e-01
9.98653776e-01 -4.17873532e-02 3.07341047e-02 -1.95674042e-01 4.42078432e-02 9.95583066e-01 -8.28252645e-02 2.71949080e-02 -2.71372791e-02 8.40724457e-02 9.96089833e-01 -3.47797154e-01
9.98401265e-01 -4.33149540e-02 3.63148984e-02 -1.98669305e-01 4.61818518e-02 9.95542854e-01 -8.22290820e-02 2.66070103e-02 -3.25912603e-02 8.37747070e-02 9.95951366e-01 -3.47397921e-01
9.98295722e-01 -4.35068222e-02 3.88955277e-02 -2.02253683e-01 4.66356402e-02 9.95413518e-01 -8.35288199e-02 2.75125938e-02 -3.50830314e-02 8.52003833e-02 9.95745723e-01 -3.49651351e-01
9.98218313e-01 -4.37457275e-02 4.05776605e-02 -2.00619662e-01 4.70545913e-02 9.95308808e-01 -8.45358240e-02 2.85445248e-02 -3.66891917e-02 8.62945792e-02 9.95593575e-01 -3.51016588e-01
9.98186323e-01 -4.40259419e-02 4.10594896e-02 -1.99103083e-01 4.74247944e-02 9.95178370e-01 -8.58542482e-02 2.95403197e-02 -3.70816723e-02 8.76457750e-02 9.95461010e-01 -3.51943357e-01
9.98195377e-01 -4.42739672e-02 4.05707803e-02 -1.96794023e-01 4.76794296e-02 9.95047151e-01 -8.72231867e-02 3.06282121e-02 -3.65080948e-02 8.90001688e-02 9.95362049e-01 -3.53082475e-01
9.98186061e-01 -4.45576738e-02 4.04888631e-02 -1.96570910e-01 4.80213543e-02 9.94869667e-01 -8.90413326e-02 3.19503286e-02 -3.63136382e-02 9.08241441e-02 9.95204388e-01 -3.55717580e-01
9.98128728e-01 -4.62083442e-02 4.00487958e-02 -1.98302181e-01 4.96990133e-02 9.94604108e-01 -9.10644398e-02 3.29689662e-02 -3.56247304e-02 9.28844195e-02 9.95039105e-01 -3.59438914e-01
9.98031047e-01 -4.79311284e-02 4.04570651e-02 -2.00896087e-01 5.15337227e-02 9.94304696e-01 -9.32870896e-02 3.39233957e-02 -3.57552669e-02 9.51883121e-02 9.94816653e-01 -3.63171947e-01
9.97916729e-01 -4.94361378e-02 4.14543382e-02 -2.03576971e-01 5.32468022e-02 9.93906205e-01 -9.65159094e-02 3.53543612e-02 -3.64303219e-02 9.85221461e-02 9.94467529e-01 -3.66598061e-01
9.97896313e-01 -5.15820196e-02 3.92730631e-02 -2.07183940e-01 5.52786597e-02 9.93477583e-01 -9.97325587e-02 3.58926908e-02 -3.38724741e-02 1.01693709e-01 9.94238641e-01 -3.71340119e-01
9.97810986e-01 -5.26161644e-02 4.00604105e-02 -2.09788602e-01 5.64931121e-02 9.93101509e-01 -1.02751524e-01 3.73542276e-02 -3.43776372e-02 1.04789734e-01 9.93899717e-01 -3.74506805e-01
9.97789667e-01 -5.28325955e-02 4.03059460e-02 -2.09912732e-01 5.68080107e-02 9.92861817e-01 -1.04872757e-01 3.88398507e-02 -3.44775072e-02 1.06930652e-01 9.93668219e-01 -3.76782613e-01
9.97708650e-01 -5.36693866e-02 4.11962873e-02 -2.08041142e-01 5.84951131e-02 9.90224882e-01 -1.26621358e-01 3.96888613e-02 -3.39978721e-02 1.28740993e-01 9.91094996e-01 -3.80589164e-01
9.97768365e-01 -2.70393049e-02 6.10512089e-02 -2.31963006e-01 3.55479222e-02 9.89098906e-01 -1.42897361e-01 5.83115968e-02 -5.65218065e-02 1.44748693e-01 9.87852443e-01 -3.91919813e-01
9.97620162e-01 -3.48634623e-02 5.94867959e-02 -2.29167805e-01 4.28985812e-02 9.89271842e-01 -1.39645364e-01 5.72184444e-02 -5.39800623e-02 1.41864905e-01 9.88412800e-01 -3.94210734e-01
9.97640984e-01 -4.09904237e-02 5.50670291e-02 -2.23221721e-01 4.82352767e-02 9.89335372e-01 -1.37436513e-01 5.77069171e-02 -4.88461523e-02 1.39768453e-01 9.88978331e-01 -3.97251128e-01
9.97321859e-01 -4.39528409e-02 5.84576899e-02 -2.24019583e-01 5.16106920e-02 9.89266502e-01 -1.36704161e-01 5.97958358e-02 -5.18216686e-02 1.39355077e-01 9.88885222e-01 -3.93245283e-01
9.97576628e-01 -4.12098281e-02 5.60595766e-02 -2.18181292e-01 4.82306211e-02 9.90303255e-01 -1.30281557e-01 6.05984458e-02 -5.01470683e-02 1.32669620e-01 9.89890590e-01 -3.96223782e-01
9.97353911e-01 -4.44903251e-02 5.74969743e-02 -2.15484801e-01 5.16083047e-02 9.90311234e-01 -1.28919635e-01 6.10379945e-02 -5.12041912e-02 1.31545816e-01 9.89986449e-01 -3.97351795e-01
9.97483006e-01 -4.28252854e-02 5.65130954e-02 -2.11285863e-01 4.97355882e-02 9.90634478e-01 -1.27160144e-01 6.17610961e-02 -5.05381189e-02 1.29650786e-01 9.90270639e-01 -4.00891968e-01
9.97570805e-01 -4.01794122e-02 5.69052524e-02 -2.07311671e-01 4.70596019e-02 9.91009063e-01 -1.25245707e-01 6.27189016e-02 -5.13612869e-02 1.27619388e-01 9.90492172e-01 -4.05083905e-01
9.97765384e-01 -4.00736804e-02 5.34637342e-02 -2.01802055e-01 4.64256374e-02 9.91268843e-01 -1.23413016e-01 6.24425664e-02 -4.80512849e-02 1.25619317e-01 9.90913866e-01 -4.09540090e-01
9.97897356e-01 -3.99472005e-02 5.10400771e-02 -1.98724852e-01 4.60763793e-02 9.91063246e-01 -1.25182250e-01 6.39972382e-02 -4.55832316e-02 1.27270775e-01 9.90819699e-01 -4.12270244e-01
9.97912024e-01 -4.00135838e-02 5.07000053e-02 -1.96856423e-01 4.62299342e-02 9.90688904e-01 -1.28055351e-01 6.60713699e-02 -4.51039496e-02 1.30131824e-01 9.90469924e-01 -4.14402456e-01
9.97787906e-01 -4.09319288e-02 5.23820774e-02 -1.95671022e-01 4.79830210e-02 9.88798097e-01 -1.41336124e-01 6.73318877e-02 -4.60101058e-02 1.43536912e-01 9.88574539e-01 -4.20559003e-01
9.97036379e-01 -4.43475903e-02 6.28630297e-02 -1.99124171e-01 5.39077037e-02 9.85705258e-01 -1.59621737e-01 6.87354723e-02 -5.48855434e-02 1.62537467e-01 9.85174353e-01 -4.20667999e-01
9.96717097e-01 -4.34153020e-02 6.83383780e-02 -2.00860601e-01 5.38648283e-02 9.85747357e-01 -1.59375933e-01 6.88210360e-02 -6.04449838e-02 1.62533735e-01 9.84849511e-01 -4.21155122e-01
9.96840352e-01 -4.15655811e-02 6.76876920e-02 -1.96536095e-01 5.18811050e-02 9.85981168e-01 -1.58585950e-01 6.93545429e-02 -6.01470342e-02 1.61596573e-01 9.85021954e-01 -4.22261398e-01
9.96856485e-01 -4.00026485e-02 6.83883713e-02 -1.92981668e-01 5.02457178e-02 9.86586416e-01 -1.55314684e-01 7.02426102e-02 -6.12580000e-02 1.58262659e-01 9.85494690e-01 -4.26705423e-01
9.96878748e-01 -3.89973567e-02 6.86447290e-02 -1.89478098e-01 4.90112527e-02 9.87342138e-01 -1.50842770e-01 7.09430178e-02 -6.18933213e-02 1.53736297e-01 9.86171317e-01 -4.31139449e-01
9.96936012e-01 -4.00683649e-02 6.71799442e-02 -1.87723159e-01 4.96090830e-02 9.87895489e-01 -1.46974596e-01 7.15643943e-02 -6.04776897e-02 1.49856993e-01 9.86856005e-01 -4.34132884e-01
9.97061011e-01 -4.07251662e-02 6.48901129e-02 -1.86929195e-01 4.98164117e-02 9.88133684e-01 -1.45293616e-01 7.23966195e-02 -5.82029552e-02 1.48099191e-01 9.87258064e-01 -4.37627229e-01
9.97247048e-01 -4.22850748e-02 6.09112520e-02 -1.85859524e-01 5.06984287e-02 9.88282837e-01 -1.43968026e-01 7.29795043e-02 -5.41098019e-02 1.46659798e-01 9.87705647e-01 -4.41048719e-01
9.97603031e-01 -4.32678172e-02 5.39998922e-02 -1.83308667e-01 5.06005155e-02 9.88458287e-01 -1.42793324e-01 7.31463810e-02 -4.71982429e-02 1.45183482e-01 9.88278045e-01 -4.45450023e-01
9.97681368e-01 -4.38144014e-02 5.20775183e-02 -1.79548079e-01 5.11501322e-02 9.87497793e-01 -1.49103413e-01 7.48849430e-02 -4.48935162e-02 1.51421468e-01 9.87449010e-01 -4.48877209e-01
9.97689344e-01 -4.45003019e-02 5.13380532e-02 -1.75416294e-01 5.19820103e-02 9.86535556e-01 -1.55066121e-01 7.65878116e-02 -4.37462836e-02 1.57376460e-01 9.86569017e-01 -4.52804857e-01
9.97933039e-01 -4.14715590e-02 4.90887264e-02 -1.63603873e-01 4.94435800e-02 9.83450472e-01 -1.74300417e-01 7.60212807e-02 -4.10477776e-02 1.76367251e-01 9.83467966e-01 -4.58748008e-01
9.98084098e-01 -4.15926190e-02 4.58065621e-02 -1.56437934e-01 4.92379582e-02 9.82258026e-01 -1.80955872e-01 7.64181766e-02 -3.74673903e-02 1.82864571e-01 9.82423748e-01 -4.61891764e-01
9.98218075e-01 -4.32137034e-02 4.11503223e-02 -1.50326770e-01 5.00382020e-02 9.81896921e-01 -1.82687698e-01 8.09540683e-02 -3.25107225e-02 1.84421213e-01 9.82309283e-01 -4.68511473e-01
9.98217749e-01 -4.18856516e-02 4.25082289e-02 -1.46784974e-01 4.89247327e-02 9.82261568e-01 -1.81021263e-01 8.22063500e-02 -3.41719658e-02 1.82778308e-01 9.82559917e-01 -4.67648808e-01
9.98374194e-01 -4.26066420e-02 3.78637787e-02 -1.43093508e-01 4.87290785e-02 9.82610119e-01 -1.79172728e-01 8.29787796e-02 -2.95713457e-02 1.80726454e-01 9.83088556e-01 -4.71110464e-01
9.98423800e-01 -4.26913898e-02 3.64326886e-02 -1.40300878e-01 4.84726276e-02 9.83133213e-01 -1.76350459e-01 8.37861538e-02 -2.82895033e-02 1.77838451e-01 9.83652752e-01 -4.73067917e-01
9.98402611e-01 -4.18380082e-02 3.79714702e-02 -1.38406587e-01 4.76798158e-02 9.84470157e-01 -1.68953205e-01 8.47027189e-02 -3.03130760e-02 1.70493761e-01 9.84892162e-01 -4.73457587e-01
9.98425943e-01 -4.09658178e-02 3.83084222e-02 -1.35862379e-01 4.68033470e-02 9.84914571e-01 -1.66591565e-01 8.54791132e-02 -3.09059273e-02 1.68122262e-01 9.85281331e-01 -4.74564634e-01
9.98548545e-01 -4.07677506e-02 3.51978134e-02 -1.32376141e-01 4.60790733e-02 9.84982119e-01 -1.66393854e-01 8.62985227e-02 -2.78856784e-02 1.67774176e-01 9.85430781e-01 -4.78612425e-01
9.98607134e-01 -4.01056782e-02 3.42851947e-02 -1.34893846e-01 4.52529723e-02 9.85141695e-01 -1.65674330e-01 8.61233001e-02 -2.71312582e-02 1.66995018e-01 9.85584203e-01 -4.83013424e-01
9.98532763e-01 -4.10724515e-02 3.52929002e-02 -1.41174662e-01 4.63657750e-02 9.85145791e-01 -1.65342166e-01 8.57200755e-02 -2.79776075e-02 1.66735891e-01 9.85604447e-01 -4.86033633e-01
9.98394929e-01 -4.31457547e-02 3.66899695e-02 -1.48318959e-01 4.86415806e-02 9.85053133e-01 -1.65240280e-01 8.56168410e-02 -2.90121161e-02 1.66759663e-01 9.85570488e-01 -4.87716842e-01
9.98033658e-01 -4.62678502e-02 4.22875943e-02 -1.59333405e-01 5.26130514e-02 9.85065884e-01 -1.63942440e-01 8.51731632e-02 -3.40707633e-02 1.65844902e-01 9.85562951e-01 -4.87425172e-01
9.97884215e-01 -4.86258559e-02 4.31601897e-02 -1.64705264e-01 5.50234705e-02 9.85226411e-01 -1.62176919e-01 8.55501454e-02 -3.46365298e-02 1.64208555e-01 9.85817189e-01 -4.88347709e-01
9.97688310e-01 -5.13621095e-02 4.44991258e-02 -1.70838335e-01 5.78343835e-02 9.85566643e-01 -1.59102330e-01 8.56899170e-02 -3.56849861e-02 1.61308054e-01 9.86258569e-01 -4.89810498e-01
9.97383405e-01 -5.37360077e-02 4.83628002e-02 -1.72139992e-01 6.04323327e-02 9.86870922e-01 -1.49778479e-01 8.53270828e-02 -3.96793080e-02 1.52309184e-01 9.87535880e-01 -4.92398765e-01
9.95900267e-01 -5.68089818e-02 7.03960287e-02 -1.86190410e-01 6.63314276e-02 9.87742274e-01 -1.41298609e-01 8.44006741e-02 -6.15060609e-02 1.45388731e-01 9.87460792e-01 -4.90711790e-01
9.94861241e-01 -5.61208463e-02 8.42720058e-02 -1.94439993e-01 6.72473485e-02 9.88478402e-01 -1.35603068e-01 8.38371125e-02 -7.56908543e-02 1.40573245e-01 9.87172606e-01 -4.89411188e-01
9.94121576e-01 -5.89189478e-02 9.08358670e-02 -1.90202712e-01 7.03195396e-02 9.89290615e-01 -1.27903386e-01 8.70133713e-02 -8.23270891e-02 1.33538987e-01 9.87618022e-01 -4.85503984e-01
9.95057074e-01 -5.67341040e-02 8.15044915e-02 -1.76069136e-01 6.69554896e-02 9.89418905e-01 -1.28713663e-01 9.17780791e-02 -7.33395866e-02 1.33534548e-01 9.88326657e-01 -4.86064699e-01
9.96630597e-01 -4.74830710e-02 6.68820332e-02 -1.54068223e-01 5.60297267e-02 9.89620457e-01 -1.32333371e-01 9.30351983e-02 -5.99041933e-02 1.35634801e-01 9.88946141e-01 -4.90197385e-01
9.97072203e-01 -5.07421402e-02 5.72075564e-02 -1.35314316e-01 5.81490380e-02 9.88961082e-01 -1.36289546e-01 9.41230758e-02 -4.96603855e-02 1.39217011e-01 9.89015832e-01 -4.91252721e-01
9.97779373e-01 -4.32366475e-02 5.06688131e-02 -1.21461104e-01 4.99652343e-02 9.88876235e-01 -1.40097839e-01 9.65357192e-02 -4.40477896e-02 1.42318345e-01 9.88840259e-01 -4.91891842e-01
9.97072166e-01 -5.20841063e-02 5.59895534e-02 -1.19200155e-01 5.93688170e-02 9.88721673e-01 -1.37495575e-01 9.79359730e-02 -4.81967118e-02 1.40416973e-01 9.88918605e-01 -4.96855919e-01
9.96616399e-01 -5.37642030e-02 6.21745097e-02 -1.27309506e-01 6.20469078e-02 9.88199240e-01 -1.40044839e-01 1.00355481e-01 -5.39113667e-02 1.43428635e-01 9.88191106e-01 -5.02863305e-01
9.95962508e-01 -5.57696093e-02 7.03487332e-02 -1.30911435e-01 6.52862230e-02 9.87829079e-01 -1.41179393e-01 1.00970399e-01 -6.16189604e-02 1.45202103e-01 9.87481332e-01 -5.03912632e-01
9.95249743e-01 -5.85736224e-02 7.77667136e-02 -1.32933188e-01 6.91908996e-02 9.87484856e-01 -1.41727316e-01 1.01533893e-01 -6.84919179e-02 1.46434742e-01 9.86846347e-01 -5.05017783e-01
9.95148523e-01 -6.14849093e-02 7.68090757e-02 -1.28568430e-01 7.19029900e-02 9.87365464e-01 -1.41208409e-01 1.01644694e-01 -6.71563907e-02 1.46046064e-01 9.86995715e-01 -5.06129980e-01
9.95979194e-01 -6.38674636e-02 6.28248647e-02 -1.07177095e-01 7.21663658e-02 9.87490797e-01 -1.40194215e-01 1.04342720e-01 -5.30850789e-02 1.44164293e-01 9.88128850e-01 -5.04778070e-01
9.96490010e-01 -6.15442208e-02 5.67490963e-02 -9.43767836e-02 6.89724128e-02 9.87760173e-01 -1.39903653e-01 1.05687898e-01 -4.74441928e-02 1.43326651e-01 9.88537516e-01 -5.05470974e-01
9.96899853e-01 -6.19039689e-02 4.85698887e-02 -7.87821114e-02 6.81530836e-02 9.87828037e-01 -1.39826257e-01 1.06673723e-01 -3.93228563e-02 1.42702907e-01 9.88984077e-01 -5.07650592e-01
9.97055103e-01 -6.29392135e-02 4.38201839e-02 -6.91626536e-02 6.84620056e-02 9.87962266e-01 -1.38722497e-01 1.07091346e-01 -3.45615660e-02 1.41313940e-01 9.89361260e-01 -5.09265076e-01
9.96707503e-01 -6.56491933e-02 4.75898781e-02 -7.69578409e-02 7.17774872e-02 9.87371844e-01 -1.41227922e-01 1.09568164e-01 -3.77173648e-02 1.44178755e-01 9.88832552e-01 -5.15815735e-01
9.96645856e-01 -6.58251362e-02 4.86258885e-02 -8.05308403e-02 7.21272734e-02 9.87251825e-01 -1.41887224e-01 1.10490084e-01 -3.86662072e-02 1.44918515e-01 9.88687765e-01 -5.18821960e-01
9.96641033e-01 -6.86315451e-02 4.46850089e-02 -7.96819193e-02 7.43211004e-02 9.87147575e-01 -1.41479755e-01 1.12528262e-01 -3.44006822e-02 1.44325516e-01 9.88932084e-01 -5.25035697e-01
9.96587962e-01 -7.20754057e-02 4.02236379e-02 -7.84560861e-02 7.70625813e-02 9.87057075e-01 -1.40641973e-01 1.14597222e-01 -2.95661588e-02 1.43261781e-01 9.89243080e-01 -5.31414294e-01
9.96957628e-01 -7.24125025e-02 2.88498201e-02 -7.62613014e-02 7.58106750e-02 9.86840606e-01 -1.42824558e-01 1.19142085e-01 -1.81278545e-02 1.44577095e-01 9.89327501e-01 -5.36079321e-01
9.95841328e-01 -8.25746035e-02 3.84947525e-02 -8.10031285e-02 8.71713815e-02 9.86435204e-01 -1.39094300e-01 1.16043173e-01 -2.64868836e-02 1.41871438e-01 9.89530672e-01 -5.37509001e-01
9.95501187e-01 -8.33519619e-02 4.50581353e-02 -8.55752115e-02 8.87700891e-02 9.86734463e-01 -1.35924564e-01 1.12230871e-01 -3.31307941e-02 1.39312824e-01 9.89694051e-01 -5.38219239e-01
9.95922137e-01 -7.84309237e-02 4.45889989e-02 -8.19190418e-02 8.37514276e-02 9.87478248e-01 -1.33689896e-01 1.10632803e-01 -3.35452023e-02 1.36879059e-01 9.90019654e-01 -5.42482325e-01
9.96235320e-01 -7.47309294e-02 4.39424682e-02 -7.70466035e-02 7.99317256e-02 9.88043132e-01 -1.31841930e-01 1.10374551e-01 -3.35643404e-02 1.34857929e-01 9.90296355e-01 -5.50521407e-01
9.96289166e-01 -7.37520295e-02 4.43733406e-02 -7.70809324e-02 7.89819254e-02 9.88262533e-01 -1.30765490e-01 1.10303072e-01 -3.42082468e-02 1.33784880e-01 9.90419836e-01 -5.57350034e-01
9.95911036e-01 -7.74602367e-02 4.64925706e-02 -7.19039254e-02 8.29124552e-02 9.88057846e-01 -1.29875871e-01 1.09633373e-01 -3.58770913e-02 1.33199573e-01 9.90439659e-01 -5.58635382e-01
9.96019477e-01 -7.91693817e-02 4.09612562e-02 -5.82723598e-02 8.37406995e-02 9.88538529e-01 -1.25616366e-01 1.07093392e-01 -3.05467717e-02 1.28546414e-01 9.91232923e-01 -5.58592073e-01
9.96124189e-01 -8.13708568e-02 3.34035418e-02 -4.17288344e-02 8.51103697e-02 9.87528251e-01 -1.32456054e-01 1.10721346e-01 -2.22088424e-02 1.34785607e-01 9.90625883e-01 -5.59051756e-01
9.96131097e-01 -8.08138314e-02 3.45319133e-02 -4.10571427e-02 8.47785761e-02 9.87163345e-01 -1.35357135e-01 1.12921787e-01 -2.31498744e-02 1.37760949e-01 9.90194958e-01 -5.61195314e-01
9.96066525e-01 -8.00277205e-02 3.80460554e-02 -4.36429167e-02 8.45910218e-02 9.86627208e-01 -1.39325303e-01 1.15804731e-01 -2.63873487e-02 1.41995553e-01 9.89515575e-01 -5.60808820e-01
9.96004139e-01 -7.88905816e-02 4.18625671e-02 -4.64633628e-02 8.41440927e-02 9.86022681e-01 -1.43803344e-01 1.19299885e-01 -2.99326722e-02 1.46751134e-01 9.88720525e-01 -5.61362468e-01
9.95971097e-01 -7.86967652e-02 4.29972738e-02 -4.42267817e-02 8.41477862e-02 9.85888232e-01 -1.44720109e-01 1.20720590e-01 -3.10014613e-02 1.47755099e-01 9.88538042e-01 -5.63100862e-01
9.96841610e-01 -7.11226215e-02 3.53368577e-02 -3.75532394e-02 7.55871776e-02 9.86185985e-01 -1.47390970e-01 1.22248214e-01 -2.43658427e-02 1.49596394e-01 9.88446926e-01 -5.66131864e-01
9.97677618e-01 -6.41883979e-02 2.27938708e-02 -3.28762458e-02 6.68984868e-02 9.86334478e-01 -1.50563334e-01 1.23369117e-01 -1.28179251e-02 1.51738481e-01 9.88337597e-01 -5.67540983e-01
9.98106523e-01 -5.81216037e-02 2.01399774e-02 -3.75007769e-02 6.05391102e-02 9.86178375e-01 -1.54232423e-01 1.23627881e-01 -1.08973391e-02 1.55159579e-01 9.87829339e-01 -5.68097943e-01
9.98448580e-01 -4.84742129e-02 2.74057904e-02 -5.17577094e-02 5.22548427e-02 9.85681287e-01 -1.60319080e-01 1.23662345e-01 -1.92419959e-02 1.61502377e-01 9.86684704e-01 -5.69188376e-01
9.98529044e-01 -4.54856842e-02 2.95159948e-02 -5.98127269e-02 4.97422792e-02 9.85085687e-01 -1.64718602e-01 1.23853818e-01 -2.15834088e-02 1.65944438e-01 9.85898814e-01 -5.70544096e-01
9.98735124e-01 -4.34472564e-02 2.53160684e-02 -6.24615608e-02 4.71260115e-02 9.84347480e-01 -1.69821898e-01 1.23741004e-01 -1.75414783e-02 1.70800072e-01 9.85149474e-01 -5.73567356e-01
9.98943645e-01 -4.24574189e-02 1.75901739e-02 -5.45250511e-02 4.48501327e-02 9.84145047e-01 -1.71602394e-01 1.24962410e-01 -1.00254560e-02 1.72209974e-01 9.85009204e-01 -5.74845758e-01
9.99083372e-01 -4.18191940e-02 9.16667430e-03 -4.46839211e-02 4.27707263e-02 9.84375895e-01 -1.70807595e-01 1.23931701e-01 -1.88038940e-03 1.71043033e-01 9.85261721e-01 -5.73645078e-01
9.99158486e-01 -4.09623898e-02 2.21108975e-03 -3.67900650e-02 4.07282449e-02 9.84122714e-01 -1.72754742e-01 1.24977762e-01 4.90048755e-03 1.72699353e-01 9.84962387e-01 -5.73261300e-01
9.99160562e-01 -4.09443243e-02 -1.47121042e-03 -3.25408452e-02 4.00683596e-02 9.84019183e-01 -1.73497189e-01 1.25607646e-01 8.55144669e-03 1.73292542e-01 9.84833231e-01 -5.73767515e-01
9.99136021e-01 -4.12432489e-02 -5.15873496e-03 -2.92531466e-02 3.97115822e-02 9.83857260e-01 -1.74494647e-01 1.26109580e-01 1.22722056e-02 1.74138977e-01 9.84644531e-01 -5.73278705e-01
9.99056186e-01 -4.25211026e-02 -8.89413802e-03 -2.53073229e-02 4.03108985e-02 9.83737834e-01 -1.75029737e-01 1.25925806e-01 1.61919765e-02 1.74505968e-01 9.84522861e-01 -5.71747154e-01
9.98980843e-01 -4.34248895e-02 -1.23302418e-02 -2.11881884e-02 4.05873333e-02 9.83601602e-01 -1.75730254e-01 1.26644841e-01 1.97591288e-02 1.75050655e-01 9.84361060e-01 -5.72605466e-01
9.98897113e-01 -4.42082877e-02 -1.58307113e-02 -1.71580474e-02 4.07302208e-02 9.83476405e-01 -1.76396490e-01 1.27178541e-01 2.33673328e-02 1.75557113e-01 9.84191765e-01 -5.72992791e-01
9.98674545e-01 -4.83074789e-02 -1.77749405e-02 -1.13320780e-02 4.44166387e-02 9.83260252e-01 -1.76711324e-01 1.25738351e-01 2.60138860e-02 1.75687558e-01 9.84102053e-01 -5.75041073e-01
9.98501631e-01 -4.95613802e-02 -2.32073805e-02 -9.62036664e-04 4.46861405e-02 9.83186892e-01 -1.77051142e-01 1.23597304e-01 3.15921035e-02 1.75748760e-01 9.83927857e-01 -5.76993657e-01
9.98324183e-01 -5.21642903e-02 -2.50623871e-02 4.83257599e-03 4.69127214e-02 9.83028841e-01 -1.77352452e-01 1.22673802e-01 3.38885267e-02 1.75879457e-01 9.83828042e-01 -5.79369235e-01
9.98237073e-01 -5.24815681e-02 -2.77289870e-02 1.21512152e-02 4.66732456e-02 9.82637211e-01 -1.79572206e-01 1.21595474e-01 3.66717758e-02 1.77961389e-01 9.83353738e-01 -5.81937430e-01
9.98143476e-01 -5.31407101e-02 -2.97686163e-02 1.63621850e-02 4.68798480e-02 9.82259776e-01 -1.81572086e-01 1.21494883e-01 3.88893946e-02 1.79839393e-01 9.82926782e-01 -5.83225293e-01
9.98029890e-01 -5.48612419e-02 -3.04469239e-02 2.26651694e-02 4.81687920e-02 9.80892499e-01 -1.88494146e-01 1.21008341e-01 4.02061927e-02 1.86656153e-01 9.81602023e-01 -5.85778991e-01
9.97547801e-01 -5.88793102e-02 -3.78421276e-02 3.02875861e-02 5.00531171e-02 9.78041062e-01 -2.02313685e-01 1.20335695e-01 4.89232473e-02 1.99923410e-01 9.78589159e-01 -5.87068155e-01
9.97302790e-01 -5.92806343e-02 -4.32818069e-02 3.65652511e-02 4.90619842e-02 9.76978373e-01 -2.07621183e-01 1.19506785e-01 5.45933061e-02 2.04937648e-01 9.77251074e-01 -5.88253115e-01
9.97192161e-01 -5.88993955e-02 -4.62495137e-02 4.36943290e-02 4.79753618e-02 9.76656591e-01 -2.09381688e-01 1.21492949e-01 5.75023456e-02 2.06574900e-01 9.76739379e-01 -5.91401652e-01
9.96763441e-01 -5.73500839e-02 -5.63383698e-02 5.74232560e-02 4.44908725e-02 9.77202207e-01 -2.07597876e-01 1.21052350e-01 6.69597257e-02 2.04419388e-01 9.76590328e-01 -5.88900338e-01
9.96332405e-01 -5.62836104e-02 -6.44537687e-02 6.72639658e-02 4.17181430e-02 9.77152633e-01 -2.08405386e-01 1.22954411e-01 7.47109618e-02 2.04952105e-01 9.75916233e-01 -5.91725100e-01
9.96089037e-01 -5.72184481e-02 -6.73277169e-02 7.46588422e-02 4.22785183e-02 9.77754491e-01 -2.05448734e-01 1.25044317e-01 7.75854159e-02 2.01798684e-01 9.76348996e-01 -5.90802712e-01
9.95851379e-01 -5.64945558e-02 -7.13348909e-02 8.41500004e-02 4.17712267e-02 9.80269950e-01 -1.93200639e-01 1.26239806e-01 8.08422109e-02 1.89419363e-01 9.78562406e-01 -5.91003457e-01
9.95656864e-01 -5.34651676e-02 -7.62176404e-02 9.09290310e-02 3.87184345e-02 9.82299848e-01 -1.83271382e-01 1.25964859e-01 8.46671884e-02 1.79524389e-01 9.80103002e-01 -5.94038913e-01
9.95614155e-01 -5.20135939e-02 -7.77643434e-02 9.50616001e-02 3.72006091e-02 9.82768909e-01 -1.81057895e-01 1.27607818e-01 8.58418233e-02 1.77370935e-01 9.80392872e-01 -5.97949583e-01
