1.00000000e+00 0.00000000e+00 0.00000000e+00 0.00000000e+00 0.00000000e+00 1.00000000e+00 0.00000000e+00 0.00000000e+00 0.00000000e+00 0.00000000e+00 1.00000000e+00 0.00000000e+00
9.99997616e-01 2.17415419e-04 2.17269753e-03 -1.53566618e-03 -2.17698416e-04 9.99999936e-01 1.30010919e-04 -1.20061434e-04 -2.17266927e-03 -1.30483610e-04 9.99997647e-01 -5.08035362e-03
9.99996896e-01 -1.85918890e-03 1.63840050e-03 -1.14030669e-03 1.85907430e-03 9.99998225e-01 7.13188689e-05 -1.11978244e-04 -1.63853033e-03 -6.82727488e-05 9.99998645e-01 3.96182263e-03
9.99996873e-01 -2.45124327e-03 4.48379701e-04 -2.76362015e-04 2.45099708e-03 9.99996810e-01 5.48263289e-04 -3.78268701e-04 -4.49722215e-04 -5.47162635e-04 9.99999752e-01 1.04201084e-02
9.99994363e-01 -3.09952251e-03 -1.28601149e-03 9.15068988e-04 3.10037277e-03 9.99994961e-01 6.59898594e-04 -4.69779915e-04 1.28395962e-03 -6.63882041e-04 9.99998938e-01 1.65842660e-02
9.99990752e-01 -3.88267234e-03 -1.85163015e-03 9.39927334e-04 3.88402242e-03 9.99992168e-01 7.26196626e-04 -6.21766360e-04 1.84879608e-03 -7.33381710e-04 9.99998021e-01 2.26358574e-02
9.99977625e-01 -5.51535096e-03 -3.77828581e-03 1.86101093e-03 5.51680361e-03 9.99984667e-01 3.74230433e-04 -7.37974197e-04 3.77616400e-03 -3.95066146e-04 9.99992781e-01 3.08969841e-02
9.99953986e-01 -5.93741131e-03 -7.52764621e-03 4.22899703e-03 5.94001882e-03 9.99982230e-01 3.24116130e-04 -8.81807856e-04 7.52558873e-03 -3.68815595e-04 9.99971606e-01 3.72873849e-02
9.99927205e-01 -6.56053648e-03 -1.01180843e-02 5.75921984e-03 6.56652271e-03 9.99978221e-01 5.58585013e-04 -1.17283949e-03 1.01141998e-02 -6.24985050e-04 9.99948661e-01 4.36709904e-02
9.99911857e-01 -7.21183340e-03 -1.11432715e-02 6.32140248e-03 7.21671539e-03 9.99973832e-01 3.97999338e-04 -1.28699455e-03 1.11401104e-02 -4.78382110e-04 9.99937837e-01 4.99920255e-02
9.99855926e-01 -9.63602762e-03 -1.39725245e-02 9.12307724e-03 9.65414734e-03 9.99952600e-01 1.22994559e-03 -1.52186360e-03 1.39600118e-02 -1.36466126e-03 9.99901629e-01 5.81900655e-02
9.99833201e-01 -9.39940380e-03 -1.56585398e-02 1.09110009e-02 9.43992562e-03 9.99952200e-01 2.51591984e-03 -1.93540282e-03 1.56341450e-02 -2.66331577e-03 9.99874255e-01 6.29341456e-02
9.99877591e-01 -8.61405884e-03 -1.30593279e-02 8.74451490e-03 8.66869951e-03 9.99953795e-01 4.13318954e-03 -2.39557921e-03 1.30231230e-02 -4.24589148e-03 9.99906167e-01 6.54420906e-02
9.99913689e-01 -7.65005352e-03 -1.06818912e-02 6.18128553e-03 7.71281811e-03 9.99953099e-01 5.84696963e-03 -2.86275276e-03 1.06366626e-02 -5.92885304e-03 9.99925835e-01 6.75042901e-02
9.99854866e-01 -8.72446083e-03 -1.46351877e-02 7.31221942e-03 8.86750099e-03 9.99913226e-01 9.73742431e-03 -4.86851293e-03 1.45489661e-02 -9.86578951e-03 9.99845460e-01 7.35833353e-02
9.99845000e-01 -9.50244469e-03 -1.48209200e-02 7.60943855e-03 9.67128211e-03 9.99888599e-01 1.13620360e-02 -5.60703073e-03 1.47113043e-02 -1.15036134e-02 9.99825556e-01 7.63982088e-02
9.99857959e-01 -1.34738011e-02 -1.01213133e-02 4.82668964e-03 1.35708563e-02 9.99861911e-01 9.58249448e-03 -8.31916555e-03 9.99080450e-03 -9.71848953e-03 9.99902819e-01 8.83860498e-02
9.99859169e-01 -1.61761604e-02 -4.46247813e-03 -8.07313975e-05 1.62059227e-02 9.99846018e-01 6.71584271e-03 -9.67465858e-03 4.35315581e-03 -6.78721675e-03 9.99967412e-01 9.67014081e-02
9.99786166e-01 -2.04671575e-02 -2.95241701e-03 4.17385975e-03 2.04782045e-02 9.99783163e-01 3.76121544e-03 -2.97363914e-03 2.87479664e-03 -3.82087231e-03 9.99988527e-01 8.88728319e-02
9.99839159e-01 -1.77372363e-02 -2.64362621e-03 1.01210755e-02 1.77373935e-02 9.99842633e-01 3.62505438e-05 -2.08310190e-04 2.64256833e-03 -8.31369095e-05 9.99996452e-01 8.61632433e-02
9.99780854e-01 -2.08008883e-02 2.34195525e-03 9.28868870e-03 2.08108551e-02 9.99774038e-01 -4.31502486e-03 -2.09120501e-03 -2.25166898e-03 4.36281675e-03 9.99987875e-01 9.49297614e-02
9.99645531e-01 -2.54324312e-02 7.86665608e-03 8.65003324e-03 2.54967759e-02 9.99641213e-01 -8.19017443e-03 -4.34307035e-03 -7.65553790e-03 8.38784512e-03 9.99935441e-01 1.05215642e-01
9.99586753e-01 -2.85830883e-02 3.04040076e-03 1.78359880e-02 2.86039001e-02 9.99565927e-01 -7.03709840e-03 -2.21553413e-03 -2.83793881e-03 7.12115668e-03 9.99970568e-01 1.01995702e-01
9.99425497e-01 -3.29101851e-02 8.09140328e-03 1.54031564e-02 3.29916325e-02 9.99403989e-01 -1.01474922e-02 -4.92110837e-03 -7.75262520e-03 1.04086109e-02 9.99915715e-01 1.14013164e-01
9.99292332e-01 -3.58009009e-02 1.15301553e-02 1.36085711e-02 3.59395096e-02 9.99281205e-01 -1.20474423e-02 -8.07901119e-03 -1.10905595e-02 1.24533054e-02 9.99860857e-01 1.25554476e-01
9.99181120e-01 -3.84325760e-02 1.26441141e-02 1.47855546e-02 3.85772002e-02 9.99190451e-01 -1.14002593e-02 -1.15411267e-02 -1.21957382e-02 1.18786986e-02 9.99854984e-01 1.34635664e-01
9.99127519e-01 -4.01086191e-02 1.16322744e-02 2.16522662e-02 4.02845251e-02 9.99070897e-01 -1.53043144e-02 -3.61402897e-03 -1.10076333e-02 1.57595636e-02 9.99815104e-01 1.30358284e-01
9.98963584e-01 -4.29557790e-02 1.50468728e-02 2.07443675e-02 4.31710654e-02 9.98965388e-01 -1.42876594e-02 -7.45823815e-03 -1.44175701e-02 1.49224423e-02 9.99784562e-01 1.40044830e-01
9.98610951e-01 -4.80743715e-02 2.15586397e-02 2.09240880e-02 4.84382944e-02 9.98686576e-01 -1.66885355e-02 -9.56934127e-03 -2.07280365e-02 1.77096204e-02 9.99628132e-01 1.47912310e-01
9.98385371e-01 -4.98775686e-02 2.71768267e-02 1.95621727e-02 5.02912687e-02 9.98625381e-01 -1.47575661e-02 -1.06254554e-02 -2.64034010e-02 1.61004979e-02 9.99521536e-01 1.50645600e-01
9.98168746e-01 -5.34004664e-02 2.84109249e-02 2.64529959e-02 5.39260411e-02 9.98381302e-01 -1.80658031e-02 -9.26241536e-03 -2.74002184e-02 1.95648131e-02 9.99432857e-01 1.51583172e-01
9.97845879e-01 -5.97953959e-02 2.69746662e-02 3.39395531e-02 6.02610432e-02 9.98041152e-01 -1.67925690e-02 -1.17086298e-02 -2.59177138e-02 1.83819227e-02 9.99494800e-01 1.58087958e-01
9.97521649e-01 -6.38282754e-02 2.95975582e-02 3.64402893e-02 6.43358518e-02 9.97791226e-01 -1.65256519e-02 -1.26584205e-02 -2.84773860e-02 1.83888856e-02 9.99424996e-01 1.64219475e-01
9.97288098e-01 -6.74630246e-02 2.94056041e-02 4.03431367e-02 6.79730973e-02 9.97547057e-01 -1.67052321e-02 -1.35546941e-02 -2.82064950e-02 1.86587259e-02 9.99427643e-01 1.69962053e-01
9.96974354e-01 -7.18463626e-02 2.96608586e-02 4.96374028e-02 7.23322079e-02 9.97257665e-01 -1.56444162e-02 -1.46236750e-02 -2.84555313e-02 1.77425235e-02 9.99437269e-01 1.69753616e-01
9.96817110e-01 -7.48804169e-02 2.73520821e-02 5.74468204e-02 7.53546401e-02 9.97016072e-01 -1.67379491e-02 -1.39139141e-02 -2.60171276e-02 1.87457861e-02 9.99485418e-01 1.71556370e-01
9.96556534e-01 -7.90293113e-02 2.50802568e-02 6.58836704e-02 7.94948680e-02 9.96669937e-01 -1.81414096e-02 -1.30027188e-02 -2.35630430e-02 2.00726985e-02 9.99520469e-01 1.72559393e-01
9.96181053e-01 -8.43122185e-02 2.26793719e-02 7.49583288e-02 8.47622055e-02 9.96206827e-01 -1.96698555e-02 -1.23342225e-02 -2.09349434e-02 2.15170981e-02 9.99548921e-01 1.73199808e-01
9.95653848e-01 -9.23550775e-02 1.19836278e-02 9.87831425e-02 9.26350665e-02 9.95375742e-01 -2.54060258e-02 -9.35343459e-03 -9.58184361e-03 2.64057181e-02 9.99605055e-01 1.72955589e-01
9.94999797e-01 -9.96376292e-02 6.88653408e-03 1.10835789e-01 9.97883622e-02 9.94644144e-01 -2.69239501e-02 -8.03749872e-03 -4.16701884e-03 2.74765275e-02 9.99613417e-01 1.70300987e-01
9.93831654e-01 -1.10476153e-01 -9.66340000e-03 1.33292368e-01 1.10206027e-01 9.93592792e-01 -2.50512968e-02 -7.14142995e-03 1.23690510e-02 2.38318127e-02 9.99639111e-01 1.67601748e-01
9.92760674e-01 -1.18868545e-01 -1.72134987e-02 1.48100521e-01 1.18435265e-01 9.92663682e-01 -2.43200817e-02 -6.26260462e-03 1.99781032e-02 2.21053400e-02 9.99555682e-01 1.66290195e-01
9.91241127e-01 -1.30021439e-01 -2.31358428e-02 1.65763131e-01 1.29517312e-01 9.91330581e-01 -2.21026242e-02 -4.54812322e-03 2.58090784e-02 1.89125418e-02 9.99487668e-01 1.64746980e-01
9.89507918e-01 -1.42244387e-01 -2.53058502e-02 1.79596350e-01 1.41646682e-01 9.89625351e-01 -2.40317989e-02 -9.08533588e-04 2.84616925e-02 2.01951703e-02 9.99390565e-01 1.64108110e-01
9.87950550e-01 -1.52573790e-01 -2.59761397e-02 1.90042224e-01 1.51904614e-01 9.88051747e-01 -2.60456496e-02 1.99684224e-03 2.96396471e-02 2.17859224e-02 9.99322921e-01 1.64270794e-01
9.86638208e-01 -1.61182980e-01 -2.37682528e-02 1.97401220e-01 1.60526948e-01 9.86652793e-01 -2.73318518e-02 4.19561038e-03 2.78564355e-02 2.31512079e-02 9.99343536e-01 1.65319131e-01
9.84143638e-01 -1.74694170e-01 -3.07090863e-02 2.11467031e-01 1.73687160e-01 9.84251479e-01 -3.28856263e-02 9.59525700e-03 3.59703849e-02 2.70304114e-02 9.98986907e-01 1.65980991e-01
9.83018263e-01 -1.81866915e-01 -2.44801078e-02 2.11694661e-01 1.81076550e-01 9.82968422e-01 -3.13679791e-02 9.29544004e-03 2.97679655e-02 2.64025283e-02 9.99207737e-01 1.63879877e-01
9.82040591e-01 -1.87828595e-01 -1.77916920e-02 2.11177117e-01 1.87244445e-01 9.81848359e-01 -3.02149420e-02 9.26679627e-03 2.31439689e-02 2.63409082e-02 9.99384750e-01 1.63069593e-01
9.80906346e-01 -1.94108927e-01 -1.20153381e-02 2.11993508e-01 1.93699068e-01 9.80631475e-01 -2.90215508e-02 9.30115722e-03 1.74159571e-02 2.61400676e-02 9.99506253e-01 1.61677560e-01
9.78867302e-01 -2.03032458e-01 -2.44245001e-02 2.27727015e-01 2.02123089e-01 9.78724935e-01 -3.52626356e-02 1.47830489e-02 3.10643204e-02 2.95806891e-02 9.99079255e-01 1.59418892e-01
9.78575770e-01 -2.05314242e-01 -1.53449061e-02 2.25346031e-01 2.04724310e-01 9.78252863e-01 -3.33019962e-02 1.44510157e-02 2.18485673e-02 2.94470557e-02 9.99327194e-01 1.55670105e-01
9.77638905e-01 -2.10211683e-01 -5.75767288e-03 2.24808906e-01 2.09959452e-01 9.77269514e-01 -2.93441408e-02 1.36977696e-02 1.17952755e-02 2.74791009e-02 9.99552458e-01 1.50378830e-01
9.76861386e-01 -2.13857708e-01 2.59167489e-03 2.23249385e-01 2.13846975e-01 9.76478306e-01 -2.75567152e-02 1.36515539e-02 3.36249945e-03 2.74733166e-02 9.99616577e-01 1.46138216e-01
9.76158492e-01 -2.16434022e-01 1.64583932e-02 2.14169208e-01 2.16804421e-01 9.75877598e-01 -2.56605180e-02 1.25909808e-02 -1.05075681e-02 2.86169884e-02 9.99534903e-01 1.36130160e-01
9.76823160e-01 -2.13358678e-01 1.71623640e-02 2.04385787e-01 2.13753367e-01 9.76542866e-01 -2.59480974e-02 9.03097602e-03 -1.12235318e-02 2.90152199e-02 9.99515648e-01 1.27482185e-01
9.79136803e-01 -2.01935813e-01 2.26508855e-02 1.86025591e-01 2.02400810e-01 9.79087224e-01 -2.05423446e-02 -6.94846993e-04 -1.80289550e-02 2.46983286e-02 9.99532066e-01 1.22612727e-01
9.80458800e-01 -1.94032322e-01 3.24345155e-02 1.63607930e-01 1.94564263e-01 9.80788214e-01 -1.41090536e-02 -1.07702858e-02 -2.90737738e-02 2.01439502e-02 9.99373952e-01 1.20988359e-01
9.72875045e-01 -2.24334084e-01 5.64657973e-02 1.28391749e-01 2.25857226e-01 9.73908826e-01 -2.21356787e-02 -1.57848471e-02 -5.00267419e-02 3.42884607e-02 9.98158782e-01 1.04925896e-01
9.74200666e-01 -2.17909541e-01 5.87236457e-02 1.10333847e-01 2.19263882e-01 9.75506373e-01 -1.76229568e-02 -2.37272113e-02 -5.34450697e-02 3.00442774e-02 9.98118340e-01 1.04597611e-01
9.73895444e-01 -2.17321315e-01 6.55675109e-02 9.62695993e-02 2.18619336e-01 9.75720454e-01 -1.32310232e-02 -2.99055984e-02 -6.11001659e-02 2.72199654e-02 9.97760052e-01 1.01015035e-01
9.74275634e-01 -2.15423100e-01 6.61805243e-02 9.01812492e-02 2.16714515e-01 9.76149542e-01 -1.29116564e-02 -3.17887162e-02 -6.18206089e-02 2.69217982e-02 9.97723762e-01 9.37797438e-02
9.73940865e-01 -2.13978624e-01 7.51824858e-02 7.58752045e-02 2.15297680e-01 9.76499182e-01 -9.80610921e-03 -3.80964052e-02 -7.13173231e-02 2.57371909e-02 9.97121229e-01 8.74761511e-02
9.74356314e-01 -2.11917794e-01 7.56357469e-02 7.25122459e-02 2.13490325e-01 9.76855221e-01 -1.32560140e-02 -3.89832581e-02 -7.10759731e-02 2.90635847e-02 9.97047075e-01 8.18497167e-02
9.74790294e-01 -2.10520276e-01 7.39271907e-02 7.31788839e-02 2.12198617e-01 9.77102879e-01 -1.55445171e-02 -3.86498608e-02 -6.89620231e-02 3.08398951e-02 9.97142135e-01 7.64392599e-02
9.75031012e-01 -2.09889883e-01 7.25313600e-02 7.41546378e-02 2.11643157e-01 9.77193615e-01 -1.73107518e-02 -3.81262092e-02 -6.72438204e-02 3.22292899e-02 9.97215509e-01 7.09105401e-02
9.75383499e-01 -2.09161302e-01 6.98473720e-02 7.66402386e-02 2.10943894e-01 9.77311087e-01 -1.91204896e-02 -3.67627081e-02 -6.42633365e-02 3.33836904e-02 9.97374037e-01 6.50219589e-02
9.76111291e-01 -2.06443679e-01 6.77335587e-02 7.69337291e-02 2.08315825e-01 9.77819150e-01 -2.17739504e-02 -3.62976734e-02 -6.17360679e-02 3.53637732e-02 9.97465450e-01 5.82020210e-02
9.76439227e-01 -2.05596728e-01 6.55483554e-02 7.79221953e-02 2.07459822e-01 9.77974553e-01 -2.29374644e-02 -3.59052484e-02 -5.93887477e-02 3.59956905e-02 9.97585388e-01 5.15880855e-02
9.76697995e-01 -2.05102027e-01 6.32008461e-02 7.91621512e-02 2.06911609e-01 9.78077627e-01 -2.34873576e-02 -3.55615922e-02 -5.69980217e-02 3.60170437e-02 9.97724073e-01 4.48178643e-02
9.75932874e-01 -2.06381475e-01 7.04406319e-02 6.74714130e-02 2.08164495e-01 9.77910997e-01 -1.89068998e-02 -4.27624147e-02 -6.49826275e-02 3.31151031e-02 9.97336444e-01 4.08510355e-02
9.76104411e-01 -2.05597932e-01 7.03557527e-02 6.20613309e-02 2.07429348e-01 9.78051178e-01 -1.97189695e-02 -4.50730865e-02 -6.47573409e-02 3.38416183e-02 9.97326734e-01 3.52150848e-02
9.76503489e-01 -2.04748323e-01 6.72258699e-02 6.24923564e-02 2.06546789e-01 9.78213065e-01 -2.09162646e-02 -4.46618205e-02 -6.14786510e-02 3.43100908e-02 9.97518178e-01 2.90591139e-02
9.76798473e-01 -2.04418118e-01 6.38607810e-02 6.41125121e-02 2.06141491e-01 9.78283573e-01 -2.16056526e-02 -4.41907105e-02 -5.80573645e-02 3.42687244e-02 9.97724551e-01 2.28358712e-02
9.76682278e-01 -2.03377572e-01 6.87717707e-02 5.43453142e-02 2.05095430e-01 9.78560559e-01 -1.88412288e-02 -4.67911792e-02 -6.34654557e-02 3.25066700e-02 9.97454125e-01 1.87099874e-02
9.76563555e-01 -2.03129748e-01 7.11490655e-02 4.66865395e-02 2.04863549e-01 9.78626724e-01 -1.79066270e-02 -4.84436941e-02 -6.59909999e-02 3.20628110e-02 9.97304593e-01 1.54512285e-02
9.76575298e-01 -2.02849163e-01 7.17852988e-02 4.19234296e-02 2.04653036e-01 9.78656692e-01 -1.86578930e-02 -4.90119094e-02 -6.64684188e-02 3.29119174e-02 9.97245217e-01 1.00692489e-02
9.76653640e-01 -2.03085526e-01 7.00301263e-02 4.30485127e-02 2.04875225e-01 9.78597354e-01 -1.93221896e-02 -4.84618834e-02 -6.46072317e-02 3.32185250e-02 9.97357381e-01 2.90085641e-03
9.77742389e-01 -1.95528236e-01 7.60843938e-02 3.26274361e-02 1.98478401e-01 9.79539634e-01 -3.32924798e-02 -5.41279386e-02 -6.80180528e-02 4.76525697e-02 9.96545063e-01 -3.12421887e-03
9.76260973e-01 -1.98536424e-01 8.65916642e-02 1.45291102e-02 2.01882390e-01 9.78897305e-01 -3.16782355e-02 -5.79519121e-02 -7.84750548e-02 4.84075495e-02 9.95739730e-01 -6.32465612e-03
9.77270722e-01 -1.97589517e-01 7.68157269e-02 2.09568099e-02 2.00605485e-01 9.79092902e-01 -3.36820988e-02 -5.65335670e-02 -6.85544997e-02 4.83261770e-02 9.96475843e-01 -8.54498460e-03
9.78345118e-01 -1.96137717e-01 6.61148575e-02 2.87863511e-02 1.98746941e-01 9.79409356e-01 -3.54520745e-02 -5.48942483e-02 -5.78000256e-02 4.78244797e-02 9.97181637e-01 -1.62633307e-02
9.78728521e-01 -1.96595504e-01 5.86607805e-02 3.56615507e-02 1.98761654e-01 9.79469798e-01 -3.36558446e-02 -5.26701302e-02 -5.08398801e-02 4.45994408e-02 9.97710127e-01 -3.05562603e-02
9.78798022e-01 -1.98499054e-01 5.05259699e-02 3.99907351e-02 2.00201885e-01 9.79258428e-01 -3.11774659e-02 -5.15598194e-02 -4.32892958e-02 4.06318328e-02 9.98235582e-01 -3.89047906e-02
9.78759125e-01 -2.00406726e-01 4.32202191e-02 4.18786921e-02 2.01741823e-01 9.79006710e-01 -2.90847197e-02 -5.05174096e-02 -3.64841285e-02 3.71862602e-02 9.98641665e-01 -4.56005528e-02
9.78572135e-01 -2.01213308e-01 4.37048437e-02 3.57194994e-02 2.02485958e-01 9.78915211e-01 -2.69143190e-02 -5.07644486e-02 -3.73678319e-02 3.51872203e-02 9.98681455e-01 -4.83500952e-02
9.78632870e-01 -1.98380746e-01 5.40654773e-02 1.87162645e-02 2.00119096e-01 9.79346853e-01 -2.88449180e-02 -4.12511107e-02 -4.72265869e-02 3.90481190e-02 9.98120231e-01 -5.44439354e-02
9.78027970e-01 -2.01973318e-01 5.16562771e-02 1.89287548e-02 2.03638165e-01 9.78609237e-01 -2.92474690e-02 -3.76762215e-02 -4.46441117e-02 3.91240324e-02 9.98236092e-01 -6.39045290e-02
9.78034739e-01 -2.03837388e-01 4.35728977e-02 1.98576134e-02 2.05279862e-01 9.78191598e-01 -3.16427551e-02 -3.38329369e-02 -3.61726804e-02 3.98923523e-02 9.98548552e-01 -7.25830214e-02
9.78117768e-01 -2.04199965e-01 3.98531780e-02 2.18577727e-02 2.05578775e-01 9.78041770e-01 -3.42281968e-02 -3.17847968e-02 -3.19886940e-02 4.16721740e-02 9.98618649e-01 -8.03568057e-02
9.77336944e-01 -2.07896849e-01 3.98963688e-02 2.42575840e-02 2.09477902e-01 9.76967973e-01 -4.06527204e-02 -2.39142222e-02 -3.05259186e-02 4.80888099e-02 9.98376040e-01 -8.90517629e-02
9.76985656e-01 -2.10588634e-01 3.39376877e-02 2.63389513e-02 2.12030621e-01 9.76145437e-01 -4.67240354e-02 -1.66920729e-02 -2.32885895e-02 5.28445353e-02 9.98330692e-01 -9.93015930e-02
9.77011744e-01 -2.10570210e-01 3.32937936e-02 2.73335658e-02 2.12104946e-01 9.75837745e-01 -5.24615246e-02 -9.49465670e-03 -2.14425282e-02 5.83172974e-02 9.98067313e-01 -1.10071524e-01
9.76941375e-01 -2.10509072e-01 3.56602038e-02 2.86825118e-02 2.12341076e-01 9.75392826e-01 -5.93300687e-02 -1.28009129e-03 -2.22932114e-02 6.55341162e-02 9.97600760e-01 -1.18451144e-01
9.78343728e-01 -2.04544203e-01 3.17077865e-02 3.69810203e-02 2.06224220e-01 9.76373607e-01 -6.45452317e-02 5.19161161e-03 -1.77563169e-02 6.96863230e-02 9.97410434e-01 -1.21448040e-01
9.78470098e-01 -2.03362567e-01 3.52141941e-02 3.90003850e-02 2.05368095e-01 9.76302593e-01 -6.82429371e-02 1.02992561e-02 -2.05016724e-02 7.40055304e-02 9.97046595e-01 -1.30522573e-01
9.78841823e-01 -2.01063530e-01 3.79768549e-02 4.16119825e-02 2.03430134e-01 9.76223219e-01 -7.48618172e-02 1.78515154e-02 -2.20219273e-02 8.10034924e-02 9.96470070e-01 -1.39907104e-01
9.79601671e-01 -1.97237986e-01 3.84429639e-02 4.53885697e-02 1.99771901e-01 9.76554461e-01 -8.02030851e-02 2.38337293e-02 -2.17225730e-02 8.62468770e-02 9.96036531e-01 -1.48711231e-01
9.80501914e-01 -1.91561267e-01 4.38228545e-02 4.74316214e-02 1.94888895e-01 9.76510399e-01 -9.19007980e-02 3.24175014e-02 -2.51888576e-02 9.86494627e-02 9.94803015e-01 -1.54548518e-01
9.80857223e-01 -1.90313942e-01 4.12288033e-02 4.97569263e-02 1.93487497e-01 9.76376644e-01 -9.61832210e-02 3.76563978e-02 -2.19498514e-02 1.02319232e-01 9.94509030e-01 -1.67554731e-01
9.81499131e-01 -1.87111541e-01 4.06054128e-02 4.91795015e-02 1.90356790e-01 9.76415318e-01 -1.01869384e-01 4.40424122e-02 -2.05868286e-02 1.07714193e-01 9.93968346e-01 -1.83771419e-01
9.82019084e-01 -1.84591144e-01 3.95563104e-02 4.90385657e-02 1.87812727e-01 9.76494302e-01 -1.05760436e-01 4.72605324e-02 -1.91040901e-02 1.11287908e-01 9.93604222e-01 -1.96768864e-01
9.83735386e-01 -1.76033317e-01 3.57349459e-02 4.99506170e-02 1.79016805e-01 9.77154940e-01 -1.14548074e-01 5.36923309e-02 -1.47543206e-02 1.19082115e-01 9.92774430e-01 -2.13567363e-01
9.84015269e-01 -1.74270640e-01 3.66558239e-02 5.31020329e-02 1.77554765e-01 9.75939325e-01 -1.26557239e-01 6.28599129e-02 -1.37186688e-02 1.31042638e-01 9.91281423e-01 -2.22296877e-01
9.84077873e-01 -1.74088803e-01 3.58306670e-02 5.60928212e-02 1.77346265e-01 9.75124904e-01 -1.32965060e-01 6.83720519e-02 -1.17916684e-02 1.37202365e-01 9.90472486e-01 -2.29826067e-01
9.84143640e-01 -1.74088441e-01 3.39785381e-02 5.90754776e-02 1.77133481e-01 9.74570846e-01 -1.37242054e-01 7.24352771e-02 -9.22225902e-03 1.41084581e-01 9.89954256e-01 -2.39062337e-01
9.85960245e-01 -1.61599932e-01 4.20460046e-02 6.15266092e-02 1.66081271e-01 9.75147488e-01 -1.46643698e-01 8.06722138e-02 -1.73034626e-02 1.51567854e-01 9.88295082e-01 -2.48407345e-01
9.86292278e-01 -1.59125154e-01 4.36663237e-02 6.50929094e-02 1.64007263e-01 9.74460636e-01 -1.53388859e-01 8.73575726e-02 -1.81431052e-02 1.58447784e-01 9.87200361e-01 -2.52849398e-01
9.87397816e-01 -1.53483522e-01 3.85794851e-02 7.28156517e-02 1.57735107e-01 9.74244471e-01 -1.61143808e-01 8.73839588e-02 -1.28529507e-02 1.65198322e-01 9.86176302e-01 -2.61723630e-01
9.86587905e-01 -1.50826707e-01 6.24148271e-02 5.66668910e-02 1.59373267e-01 9.72708923e-01 -1.68634035e-01 9.35854268e-02 -3.52769552e-02 1.76319484e-01 9.83700350e-01 -2.72645399e-01
9.86279103e-01 -1.49039900e-01 7.09979927e-02 4.80570227e-02 1.59180053e-01 9.72562656e-01 -1.69657465e-01 9.48674486e-02 -4.37642716e-02 1.78631008e-01 9.82942065e-01 -2.81335931e-01
9.86989270e-01 -1.47211769e-01 6.46607345e-02 5.21725064e-02 1.56233395e-01 9.73096044e-01 -1.69337865e-01 9.62682242e-02 -3.79925873e-02 1.77236749e-01 9.83434378e-01 -2.93241841e-01
9.87543778e-01 -1.45075768e-01 6.09139334e-02 5.48685118e-02 1.53434119e-01 9.73683969e-01 -1.68516079e-01 9.80436893e-02 -3.48633303e-02 1.75763205e-01 9.83814701e-01 -3.07388670e-01
9.87953443e-01 -1.43213611e-01 5.86350416e-02 5.50496261e-02 1.51175163e-01 9.74150822e-01 -1.67858528e-01 9.94964033e-02 -3.30797567e-02 1.74700499e-01 9.84065558e-01 -3.19700760e-01
9.88178715e-01 -1.41680369e-01 5.85631009e-02 5.19520308e-02 1.49602483e-01 9.74637522e-01 -1.66435988e-01 1.01712359e-01 -3.34970933e-02 1.73229616e-01 9.84311403e-01 -3.34461890e-01
9.89400242e-01 -1.33661987e-01 5.67612026e-02 4.68708289e-02 1.41356057e-01 9.75996625e-01 -1.65678102e-01 1.06206512e-01 -3.32538874e-02 1.71945417e-01 9.84544820e-01 -3.52373463e-01
9.89267684e-01 -1.34660001e-01 5.67130018e-02 4.54875548e-02 1.42337868e-01 9.75825436e-01 -1.65845827e-01 1.07821295e-01 -3.30092010e-02 1.72138250e-01 9.84519343e-01 -3.63391237e-01
9.88998607e-01 -1.38413877e-01 5.21883892e-02 4.77703594e-02 1.45290535e-01 9.75214806e-01 -1.66873908e-01 1.09583868e-01 -2.77972389e-02 1.72620456e-01 9.84595883e-01 -3.75259860e-01
9.88029860e-01 -1.39769320e-01 6.52820632e-02 3.70038982e-02 1.49149190e-01 9.73581936e-01 -1.72895626e-01 1.16583446e-01 -3.93919412e-02 1.80562728e-01 9.82774091e-01 -3.89616706e-01
9.86218237e-01 -1.52272767e-01 6.47059294e-02 3.77881826e-02 1.61412145e-01 9.71393838e-01 -1.74184701e-01 1.19552740e-01 -3.63313647e-02 1.82228368e-01 9.82584546e-01 -4.00172870e-01
9.84493980e-01 -1.63706859e-01 6.30233102e-02 4.10215540e-02 1.72420232e-01 9.69203132e-01 -1.75831709e-01 1.22117379e-01 -3.22975453e-02 1.83971682e-01 9.82400496e-01 -4.09923079e-01
9.83390833e-01 -1.70528199e-01 6.21525095e-02 4.40557100e-02 1.78966169e-01 9.68066234e-01 -1.75553894e-01 1.23967634e-01 -3.02308685e-02 1.83761206e-01 9.82505708e-01 -4.20396748e-01
9.81110046e-01 -1.85374139e-01 5.53161884e-02 6.07889936e-02 1.92247474e-01 9.66146018e-01 -1.72055625e-01 1.25434131e-01 -2.15488673e-02 1.79439819e-01 9.83532716e-01 -4.25531863e-01
9.79653862e-01 -1.91094811e-01 6.13305449e-02 6.27420187e-02 1.98881454e-01 9.65353073e-01 -1.68937681e-01 1.27082541e-01 -2.69225286e-02 1.77697883e-01 9.83716531e-01 -4.34052307e-01
9.78726457e-01 -1.96816084e-01 5.79504269e-02 6.53570637e-02 2.03909865e-01 9.64366242e-01 -1.68578764e-01 1.28317991e-01 -2.27064388e-02 1.76809090e-01 9.83982965e-01 -4.47424333e-01
9.78464841e-01 -1.99894002e-01 5.14706061e-02 6.88856538e-02 2.05845209e-01 9.63447088e-01 -1.71457775e-01 1.30988553e-01 -1.53158433e-02 1.78360315e-01 9.83845794e-01 -4.58013457e-01
9.77224122e-01 -2.05891447e-01 5.14003505e-02 6.74308628e-02 2.11784016e-01 9.61567411e-01 -1.74745338e-01 1.33190413e-01 -1.34463504e-02 1.81651057e-01 9.83270905e-01 -4.71581968e-01
9.76358815e-01 -2.10108682e-01 5.07744779e-02 6.64503929e-02 2.15858182e-01 9.60069984e-01 -1.77963661e-01 1.35372444e-01 -1.13553630e-02 1.84716399e-01 9.82726010e-01 -4.81827810e-01
9.75589539e-01 -2.13763052e-01 5.03061164e-02 6.57453118e-02 2.19388389e-01 9.58837887e-01 -1.80274304e-01 1.36963077e-01 -9.69944698e-03 1.86910218e-01 9.82328865e-01 -4.89380143e-01
9.74818668e-01 -2.17348884e-01 4.98840247e-02 6.53127493e-02 2.22843187e-01 9.57832894e-01 -1.81375996e-01 1.38117739e-01 -8.35871243e-03 1.87924928e-01 9.82147580e-01 -4.97226222e-01
9.72662442e-01 -2.25848246e-01 5.40439450e-02 6.06593901e-02 2.31998533e-01 9.55298078e-01 -1.83255041e-01 1.38402392e-01 -1.02402693e-02 1.90783303e-01 9.81578544e-01 -5.08634032e-01
9.71870526e-01 -2.29164909e-01 5.43274641e-02 5.97600686e-02 2.35324331e-01 9.54205558e-01 -1.84700632e-01 1.39728270e-01 -9.51268682e-03 1.92289566e-01 9.81291910e-01 -5.15777399e-01
9.71132666e-01 -2.32244982e-01 5.44421053e-02 5.89726547e-02 2.38381112e-01 9.53216714e-01 -1.85882900e-01 1.40954512e-01 -8.72477663e-03 1.93494823e-01 9.81062272e-01 -5.22733668e-01
9.70116651e-01 -2.36152010e-01 5.57335839e-02 5.66082396e-02 2.42486476e-01 9.51742190e-01 -1.88115128e-01 1.42335372e-01 -8.62025975e-03 1.96008162e-01 9.80564153e-01 -5.30896408e-01
9.68803332e-01 -2.40983783e-01 5.78549959e-02 5.38356087e-02 2.47653407e-01 9.50203433e-01 -1.89159868e-01 1.43220254e-01 -9.38957646e-03 1.97586607e-01 9.80240257e-01 -5.41540233e-01
9.68261163e-01 -2.43062080e-01 5.82353354e-02 5.28674087e-02 2.49773332e-01 9.49514072e-01 -1.89832865e-01 1.44337033e-01 -9.15412070e-03 1.98353343e-01 9.80087609e-01 -5.50048115e-01
9.67623275e-01 -2.45195859e-01 5.98692963e-02 5.13080931e-02 2.52214073e-01 9.48400433e-01 -1.92158481e-01 1.44543288e-01 -9.66362364e-03 2.01036825e-01 9.79535779e-01 -5.61846906e-01
9.67221501e-01 -2.46173320e-01 6.23008336e-02 5.01289039e-02 2.53672931e-01 9.47825132e-01 -1.93074512e-01 1.44341696e-01 -1.15205221e-02 2.02549777e-01 9.79203987e-01 -5.71669377e-01
9.66334705e-01 -2.48950086e-01 6.49708591e-02 4.84350777e-02 2.56954101e-01 9.46671120e-01 -1.94393081e-01 1.43911348e-01 -1.31118800e-02 2.04543243e-01 9.78769498e-01 -5.84377651e-01
9.65712881e-01 -2.50866760e-01 6.68178525e-02 4.69152583e-02 2.59225515e-01 9.45838443e-01 -1.95427990e-01 1.44182501e-01 -1.41725247e-02 2.06048163e-01 9.78438974e-01 -5.93082546e-01
9.65872120e-01 -2.49741270e-01 6.87052437e-02 4.98652077e-02 2.58775890e-01 9.41898894e-01 -2.14153642e-01 1.44562308e-01 -1.12304101e-02 2.24624234e-01 9.74380471e-01 -6.04030244e-01
9.64902732e-01 -2.50018997e-01 8.03326691e-02 4.13688784e-02 2.61824122e-01 9.39520410e-01 -2.20793648e-01 1.43753578e-01 -2.02715900e-02 2.34077350e-01 9.72006386e-01 -6.09801801e-01
9.60217844e-01 -2.55365379e-01 1.13005563e-01 1.34348566e-02 2.75085490e-01 9.34625146e-01 -2.25397444e-01 1.46073293e-01 -4.80591427e-02 2.47516768e-01 9.67690655e-01 -6.12897497e-01
9.64170186e-01 -2.49767083e-01 8.93996270e-02 2.88708102e-02 2.63729956e-01 9.38881924e-01 -2.21240678e-01 1.42993736e-01 -2.86770678e-02 2.36890954e-01 9.71112649e-01 -6.23225116e-01
9.65778953e-01 -2.47949436e-01 7.61057078e-02 3.86965528e-02 2.58787839e-01 9.40796044e-01 -2.18933376e-01 1.44363967e-01 -1.73155573e-02 2.31136413e-01 9.72766976e-01 -6.32851427e-01
9.64355123e-01 -2.53496098e-01 7.58874017e-02 4.44809674e-02 2.64078183e-01 9.40180829e-01 -2.15227427e-01 1.47670179e-01 -1.67885835e-02 2.27595804e-01 9.73610701e-01 -6.32764488e-01
9.63997055e-01 -2.57556615e-01 6.61381693e-02 5.86071444e-02 2.65747346e-01 9.41896517e-01 -2.05449215e-01 1.53616214e-01 -9.38052557e-03 2.15628403e-01 9.76430178e-01 -6.34727235e-01
9.64572841e-01 -2.55817001e-01 6.44733999e-02 6.51608826e-02 2.63672496e-01 9.42887239e-01 -2.03569541e-01 1.57809457e-01 -8.71461486e-03 2.13357445e-01 9.76935079e-01 -6.37930774e-01
9.65143964e-01 -2.54629903e-01 6.05039578e-02 7.54578976e-02 2.61628547e-01 9.44767128e-01 -1.97397299e-01 1.62552134e-01 -6.89891408e-03 2.06346292e-01 9.78454499e-01 -6.42873086e-01
9.65876063e-01 -2.52144705e-01 5.92156814e-02 8.00933810e-02 2.58908757e-01 9.46167405e-01 -1.94251495e-01 1.64295793e-01 -7.04847990e-03 2.02954235e-01 9.79162698e-01 -6.49074245e-01
9.65898595e-01 -2.52925432e-01 5.53953964e-02 8.33418338e-02 2.58888200e-01 9.46801780e-01 -1.91163479e-01 1.67020639e-01 -4.09837306e-03 1.98985667e-01 9.79993662e-01 -6.61475570e-01
9.65383436e-01 -2.55412968e-01 5.29051505e-02 8.52518741e-02 2.60816957e-01 9.47614561e-01 -1.84394396e-01 1.69702849e-01 -3.03699010e-03 1.91809786e-01 9.81427215e-01 -6.71935243e-01
9.64488263e-01 -2.58514461e-01 5.41531487e-02 8.24930758e-02 2.64073010e-01 9.47896822e-01 -1.78205641e-01 1.70131551e-01 -5.26288056e-03 1.86177576e-01 9.82501810e-01 -6.79155747e-01
9.63669512e-01 -2.61096682e-01 5.62974570e-02 7.92930603e-02 2.66929508e-01 9.48894072e-01 -1.68371146e-01 1.69325764e-01 -9.45919289e-03 1.77281551e-01 9.84114468e-01 -6.86213012e-01
9.64240329e-01 -2.58648508e-01 5.78045761e-02 8.26707286e-02 2.64554572e-01 9.52386558e-01 -1.51561378e-01 1.71881690e-01 -1.58511928e-02 1.61434014e-01 9.86755956e-01 -6.90814559e-01
9.64156426e-01 -2.58822147e-01 5.84229528e-02 8.02501951e-02 2.64823875e-01 9.52332469e-01 -1.51430762e-01 1.72012969e-01 -1.64444557e-02 1.61474697e-01 9.86739569e-01 -6.95925426e-01
9.64078084e-01 -2.59059663e-01 5.86624908e-02 7.79521289e-02 2.65095434e-01 9.52273631e-01 -1.51325406e-01 1.72056064e-01 -1.66604503e-02 1.61440620e-01 9.86741546e-01 -7.00663985e-01
9.63614622e-01 -2.60323719e-01 6.06476382e-02 7.42746151e-02 2.66640785e-01 9.52049791e-01 -1.50013032e-01 1.71315681e-01 -1.86876358e-02 1.60725837e-01 9.86821945e-01 -7.08722906e-01
9.62680661e-01 -2.62175441e-01 6.71542558e-02 6.81966052e-02 2.69552508e-01 9.51043743e-01 -1.51186285e-01 1.69354353e-01 -2.42293174e-02 1.63645663e-01 9.86221398e-01 -7.21586931e-01
9.61768268e-01 -2.63906556e-01 7.31768091e-02 6.54482546e-02 2.72256432e-01 9.50267804e-01 -1.51220357e-01 1.68740284e-01 -2.96295349e-02 1.65361749e-01 9.85787608e-01 -7.30021976e-01
9.60847649e-01 -2.65819336e-01 7.81765137e-02 6.43148938e-02 2.74992584e-01 9.49416344e-01 -1.51617279e-01 1.68406074e-01 -3.39192657e-02 1.67179023e-01 9.85342744e-01 -7.39972662e-01
9.60067579e-01 -2.67486866e-01 8.19799274e-02 6.15557122e-02 2.77163617e-01 9.49267529e-01 -1.48564983e-01 1.66963861e-01 -3.80817142e-02 1.65354234e-01 9.85498525e-01 -7.46890881e-01
9.58700811e-01 -2.72734314e-01 8.06748804e-02 6.70701990e-02 2.82083918e-01 9.48035814e-01 -1.47162613e-01 1.69022865e-01 -3.63463958e-02 1.63841968e-01 9.85816544e-01 -7.52710455e-01
9.57765926e-01 -2.76081927e-01 8.03922243e-02 7.24047114e-02 2.85269077e-01 9.47416181e-01 -1.44997288e-01 1.70801191e-01 -3.61337781e-02 1.61806842e-01 9.86160436e-01 -7.57752060e-01
9.56772068e-01 -2.78597047e-01 8.34900027e-02 7.18182677e-02 2.88176134e-01 9.46864640e-01 -1.42835194e-01 1.71497845e-01 -3.92602826e-02 1.60720509e-01 9.86218579e-01 -7.63748999e-01
9.56212091e-01 -2.79486395e-01 8.68643220e-02 6.91600582e-02 2.89526204e-01 9.46717350e-01 -1.41070128e-01 1.71617248e-01 -4.28087955e-02 1.60042423e-01 9.86181165e-01 -7.71529591e-01
9.54413830e-01 -2.83012858e-01 9.48557256e-02 6.14581979e-02 2.94087518e-01 9.45957856e-01 -1.36661003e-01 1.70655702e-01 -5.10527134e-02 1.58326999e-01 9.86065745e-01 -7.83867390e-01
9.53814326e-01 -2.84744428e-01 9.57003541e-02 6.15656111e-02 2.95891448e-01 9.45524020e-01 -1.35766547e-01 1.71250432e-01 -5.18282320e-02 1.57812949e-01 9.86107708e-01 -7.91278641e-01
9.52353993e-01 -2.88580683e-01 9.87052883e-02 6.11680712e-02 3.00402987e-01 9.43479949e-01 -1.40012643e-01 1.71144787e-01 -5.27215354e-02 1.62992921e-01 9.85217324e-01 -8.02953039e-01
9.51065931e-01 -2.94332292e-01 9.40309924e-02 6.63838147e-02 3.05850914e-01 9.40011776e-01 -1.51105911e-01 1.71744821e-01 -4.39149112e-02 1.72471094e-01 9.84034913e-01 -8.14139477e-01
9.50892575e-01 -2.94751391e-01 9.44699384e-02 6.41733660e-02 3.06430649e-01 9.39498746e-01 -1.53108508e-01 1.73911950e-01 -4.36254633e-02 1.74538178e-01 9.83683239e-01 -8.23756976e-01
9.51276512e-01 -2.95773914e-01 8.71228027e-02 6.94526093e-02 3.06238835e-01 9.39216997e-01 -1.55206558e-01 1.77592900e-01 -3.59211843e-02 1.74324693e-01 9.84032555e-01 -8.34461953e-01
9.51939744e-01 -2.96261098e-01 7.77154858e-02 7.54063948e-02 3.05124011e-01 9.39365521e-01 -1.56498139e-01 1.81038517e-01 -2.66389534e-02 1.72689609e-01 9.84615791e-01 -8.47605376e-01
9.51986579e-01 -2.96347608e-01 7.68062219e-02 7.53109380e-02 3.05053228e-01 9.39381570e-01 -1.56539584e-01 1.82887045e-01 -2.57602359e-02 1.72453528e-01 9.84680489e-01 -8.57262972e-01
9.51230937e-01 -2.98893391e-01 7.63022112e-02 7.36772049e-02 3.07387219e-01 9.39202304e-01 -1.53009891e-01 1.84753689e-01 -2.59295842e-02 1.69002024e-01 9.85274325e-01 -8.68606795e-01
9.51557680e-01 -2.98094627e-01 7.53464557e-02 7.37104073e-02 3.06350619e-01 9.40073691e-01 -1.49701594e-01 1.87138587e-01 -2.62059974e-02 1.65532093e-01 9.85855900e-01 -8.78817185e-01
9.52442813e-01 -2.95894086e-01 7.27937336e-02 7.73813517e-02 3.03643751e-01 9.41638866e-01 -1.45315332e-01 1.89899406e-01 -2.55474780e-02 1.60507852e-01 9.86703677e-01 -8.84042780e-01
9.53345830e-01 -2.93559418e-01 7.03860138e-02 8.05733732e-02 3.00848307e-01 9.43159487e-01 -1.41210072e-01 1.92431245e-01 -2.49317071e-02 1.55797485e-01 9.87474124e-01 -8.91181188e-01
9.51754965e-01 -2.98053236e-01 7.29824091e-02 6.99196670e-02 3.05649622e-01 9.41893204e-01 -1.39338755e-01 1.93158405e-01 -2.72112873e-02 1.54923327e-01 9.87551468e-01 -8.99616264e-01
9.51276989e-01 -2.99076446e-01 7.49999001e-02 6.27780531e-02 3.06950646e-01 9.41597830e-01 -1.38472110e-01 1.91975086e-01 -2.92060175e-02 1.54746531e-01 9.87522181e-01 -9.03895591e-01
9.52390091e-01 -2.96785754e-01 6.97923229e-02 6.08486438e-02 3.03991711e-01 9.41871280e-01 -1.43063809e-01 1.93951467e-01 -2.32761039e-02 1.57468772e-01 9.87249386e-01 -9.07274283e-01
9.52225826e-01 -2.97621143e-01 6.84631625e-02 5.53460721e-02 3.04634969e-01 9.41479400e-01 -1.44269827e-01 1.92290730e-01 -2.15189254e-02 1.58233665e-01 9.87166944e-01 -9.06659372e-01
9.52874284e-01 -2.93240931e-01 7.77174231e-02 3.77754856e-02 3.01724273e-01 9.42700682e-01 -1.42399709e-01 1.86004284e-01 -3.15068628e-02 1.59138184e-01 9.86753255e-01 -9.06911079e-01
9.53324430e-01 -2.92821385e-01 7.36736504e-02 3.66108271e-02 3.00719946e-01 9.42730779e-01 -1.44311943e-01 1.86188839e-01 -2.71968131e-02 1.59731161e-01 9.86785658e-01 -9.09053444e-01
9.53786637e-01 -2.92267783e-01 6.97870778e-02 3.72181603e-02 2.99620797e-01 9.42633630e-01 -1.47203956e-01 1.87808617e-01 -2.27606897e-02 1.61310755e-01 9.86640984e-01 -9.11772278e-01
9.54103656e-01 -2.91695735e-01 6.78193232e-02 3.65353593e-02 2.98771981e-01 9.42650402e-01 -1.48812991e-01 1.88551855e-01 -2.05218136e-02 1.62245453e-01 9.86536868e-01 -9.14461744e-01
9.53918106e-01 -2.91296829e-01 7.20137676e-02 2.74278060e-02 2.99029217e-01 9.42775142e-01 -1.47500120e-01 1.85667162e-01 -2.49264897e-02 1.62237179e-01 9.86436757e-01 -9.16097483e-01
9.54178900e-01 -2.90926327e-01 7.00293851e-02 2.44251682e-02 2.98398732e-01 9.42580754e-01 -1.49998446e-01 1.85865528e-01 -2.23698693e-02 1.64021960e-01 9.86202876e-01 -9.17975662e-01
9.54502892e-01 -2.90202405e-01 6.86033767e-02 2.23633534e-02 2.97472241e-01 9.42704255e-01 -1.51058743e-01 1.85596370e-01 -2.08350999e-02 1.64593526e-01 9.86141294e-01 -9.18927872e-01
9.55125100e-01 -2.88747584e-01 6.60333599e-02 2.10284420e-02 2.95639701e-01 9.43049508e-01 -1.52494296e-01 1.85477622e-01 -1.82403830e-02 1.65173142e-01 9.86095745e-01 -9.20065248e-01
9.56018756e-01 -2.87200005e-01 5.95296576e-02 2.68492425e-02 2.93089505e-01 9.43205876e-01 -1.56400125e-01 1.87774723e-01 -1.12306185e-02 1.66968913e-01 9.85898037e-01 -9.16728039e-01
9.56476415e-01 -2.86141821e-01 5.72292164e-02 3.01607670e-02 2.91671370e-01 9.43475519e-01 -1.57421614e-01 1.88507954e-01 -8.94946883e-03 1.67262134e-01 9.85871672e-01 -9.14976781e-01
9.56616186e-01 -2.85797332e-01 5.66114040e-02 3.21788669e-02 2.91240981e-01 9.43351618e-01 -1.58953559e-01 1.89617201e-01 -7.97596796e-03 1.68545058e-01 9.85661497e-01 -9.13212872e-01
9.56711130e-01 -2.85572649e-01 5.61388264e-02 3.61981276e-02 2.90955840e-01 9.43068634e-01 -1.61139876e-01 1.91981864e-01 -6.92563630e-03 1.70498180e-01 9.85333476e-01 -9.12747959e-01
9.57231957e-01 -2.84576229e-01 5.21807447e-02 4.49681383e-02 2.89305015e-01 9.43357098e-01 -1.62418578e-01 1.94311949e-01 -3.00462006e-03 1.70568354e-01 9.85341081e-01 -9.12649138e-01
9.57236478e-01 -2.84515075e-01 5.24305691e-02 4.72137467e-02 2.89291049e-01 9.43158481e-01 -1.63592564e-01 1.95613033e-01 -2.90579613e-03 1.71764415e-01 9.85133557e-01 -9.11870466e-01
9.58414155e-01 -2.81452523e-01 4.71829409e-02 5.89191411e-02 2.85368969e-01 9.43737363e-01 -1.67104927e-01 1.98962333e-01 2.50378955e-03 1.73620228e-01 9.84809264e-01 -9.11738860e-01
9.59044522e-01 -2.79832357e-01 4.38954106e-02 6.80394126e-02 2.83186978e-01 9.43859772e-01 -1.70098783e-01 2.02291407e-01 6.16802184e-03 1.75562879e-01 9.84448667e-01 -9.11261611e-01
9.59318184e-01 -2.79299943e-01 4.12256286e-02 7.59594071e-02 2.82164219e-01 9.43549707e-01 -1.73485130e-01 2.05156441e-01 9.55594847e-03 1.78059803e-01 9.83973045e-01 -9.07434246e-01
9.59463742e-01 -2.79054874e-01 3.94597620e-02 8.22595213e-02 2.81582709e-01 9.43302083e-01 -1.75761637e-01 2.07250981e-01 1.18246572e-02 1.79748069e-01 9.83641410e-01 -9.03690754e-01
9.59420032e-01 -2.79453499e-01 3.76605441e-02 8.63085568e-02 2.81627593e-01 9.42965821e-01 -1.77485576e-01 2.08733200e-01 1.40863521e-02 1.80889433e-01 9.83402326e-01 -9.00760844e-01
9.59471171e-01 -2.79395361e-01 3.67784151e-02 9.05653127e-02 2.81394242e-01 9.42828030e-01 -1.78584414e-01 2.10081082e-01 1.52199282e-02 1.81695804e-01 9.83236773e-01 -8.97677113e-01
9.60477384e-01 -2.76250965e-01 3.41762468e-02 9.96501626e-02 2.77777933e-01 9.43313539e-01 -1.81655924e-01 2.12877474e-01 1.79437004e-02 1.83969786e-01 9.82767893e-01 -8.94587524e-01
9.60481628e-01 -2.76319598e-01 3.34949961e-02 1.00967505e-01 2.77686293e-01 9.42998900e-01 -1.83421098e-01 2.13738931e-01 1.90970915e-02 1.85473671e-01 9.82463450e-01 -8.91703295e-01
9.60394141e-01 -2.76588051e-01 3.37870335e-02 1.01558901e-01 2.77963951e-01 9.42515531e-01 -1.85473603e-01 2.14711482e-01 1.94549699e-02 1.87519309e-01 9.82068073e-01 -8.88353612e-01
9.60071666e-01 -2.77583470e-01 3.47735537e-02 1.02736546e-01 2.79104769e-01 9.41962185e-01 -1.86568188e-01 2.15546771e-01 1.90328641e-02 1.88824274e-01 9.81826231e-01 -8.87217027e-01
9.55670839e-01 -2.92407872e-01 3.44996924e-02 1.12553963e-01 2.93539803e-01 9.37064693e-01 -1.89061075e-01 2.15661379e-01 2.29544946e-02 1.90807183e-01 9.81358878e-01 -8.89110526e-01
9.54436624e-01 -2.96516129e-01 3.35895846e-02 1.19662622e-01 2.97063990e-01 9.33397082e-01 -2.01302820e-01 2.17369408e-01 2.83371054e-02 2.02109042e-01 9.78952710e-01 -8.87631184e-01
9.53882346e-01 -2.98441369e-01 3.22566500e-02 1.24626186e-01 2.98607267e-01 9.32409190e-01 -2.03584723e-01 2.20856178e-01 3.06816985e-02 2.03827955e-01 9.78525549e-01 -8.91646712e-01
9.50131441e-01 -3.10551980e-01 2.84068690e-02 1.27779556e-01 3.09507168e-01 9.27937267e-01 -2.07696218e-01 2.25177683e-01 3.81406700e-02 2.06130855e-01 9.77780567e-01 -8.86956789e-01
9.47915309e-01 -3.18452926e-01 6.60069651e-03 1.47715723e-01 3.12593035e-01 9.26094282e-01 -2.11269771e-01 2.31913574e-01 6.11666062e-02 2.02329194e-01 9.77405239e-01 -8.85077295e-01
9.46175418e-01 -3.23490232e-01 -1.02632163e-02 1.65577823e-01 3.13877928e-01 9.24872527e-01 -2.14688947e-01 2.38115385e-01 7.89419453e-02 1.99912032e-01 9.76628237e-01 -8.81881181e-01
9.46392597e-01 -3.22979215e-01 -4.96043861e-03 1.61767225e-01 3.14590039e-01 9.25078887e-01 -2.12748612e-01 2.36958142e-01 7.33021788e-02 1.99783233e-01 9.77094049e-01 -8.74464542e-01
9.48150653e-01 -3.17219453e-01 -1.95254948e-02 1.67691119e-01 3.06825820e-01 9.29642953e-01 -2.04013966e-01 2.39667392e-01 8.28689403e-02 1.87445079e-01 9.78772898e-01 -8.73885483e-01
9.48216160e-01 -3.16716998e-01 -2.39914465e-02 1.69404711e-01 3.05510876e-01 9.30109527e-01 -2.03860672e-01 2.39708158e-01 8.68808174e-02 1.85974355e-01 9.78705584e-01 -8.72619623e-01
9.48092875e-01 -3.16636749e-01 -2.93286067e-02 1.71001683e-01 3.04290755e-01 9.30157400e-01 -2.05460764e-01 2.39746402e-01 9.23366558e-02 1.85871488e-01 9.78225458e-01 -8.72239044e-01
9.47369960e-01 -3.18379801e-01 -3.35200429e-02 1.72986403e-01 3.05252734e-01 9.29909392e-01 -2.05156344e-01 2.38894469e-01 9.64882404e-02 1.84126890e-01 9.78154751e-01 -8.70899729e-01
