1.00000000e+00 0.00000000e+00 0.00000000e+00 0.00000000e+00 0.00000000e+00 1.00000000e+00 0.00000000e+00 0.00000000e+00 0.00000000e+00 0.00000000e+00 1.00000000e+00 0.00000000e+00
9.99996943e-01 -5.59293015e-04 2.42973186e-03 -1.60847280e-03 5.60662648e-04 9.99999726e-01 -5.63051115e-04 4.50402611e-04 -2.42941599e-03 5.64411647e-04 9.99996938e-01 -2.05881156e-03
9.99992765e-01 -1.08900556e-03 3.64604316e-03 -2.26070920e-03 1.09541374e-03 9.99997880e-01 -1.75604170e-03 9.84649578e-04 -3.64412286e-03 1.76002293e-03 9.99991839e-01 -8.11028560e-04
9.99999203e-01 -1.12082482e-03 5.96272978e-04 -3.12226393e-04 1.12074766e-03 9.99999388e-01 1.29676729e-04 -4.92051933e-04 -5.96417620e-04 -1.29008369e-04 9.99999850e-01 4.03962749e-03
9.99994181e-01 -1.10028278e-03 -3.22579991e-03 1.99570983e-03 1.10993203e-03 9.99994942e-01 2.99103002e-03 -2.55947179e-03 3.22249305e-03 -2.99459286e-03 9.99990347e-01 8.94989193e-03
9.99991092e-01 -1.23052473e-03 -4.03935371e-03 2.49582506e-03 1.24147774e-03 9.99995600e-01 2.71020147e-03 -2.56242483e-03 4.03600123e-03 -2.71519176e-03 9.99988239e-01 1.06386835e-02
9.99988201e-01 -3.32095415e-04 -4.84387784e-03 3.18978918e-03 3.37655411e-04 9.99999307e-01 1.14708433e-03 5.27401680e-04 4.84349410e-03 -1.14870617e-03 9.99987625e-01 1.83678801e-02
9.99996762e-01 -9.16553675e-05 -2.51582417e-03 1.95956544e-03 9.41793697e-05 9.99999475e-01 1.00318717e-03 1.52852864e-03 2.51573136e-03 -1.00342071e-03 9.99996309e-01 2.20841172e-02
9.99999498e-01 -7.27248219e-04 -5.26318745e-04 1.30892681e-03 7.26346530e-04 9.99998244e-01 -1.71117081e-03 3.56691867e-03 5.27562728e-04 1.71078798e-03 9.99998374e-01 2.50467924e-02
9.99999544e-01 -5.72545218e-04 -5.96827252e-04 1.58563664e-03 5.70797994e-04 9.99995504e-01 -2.92341779e-03 4.58105250e-03 5.98498852e-04 2.92307628e-03 9.99995503e-01 3.06817670e-02
9.99998250e-01 -9.03756902e-04 -1.57089024e-03 2.19332406e-03 8.94643922e-04 9.99982771e-01 -5.79214317e-03 5.90089238e-03 1.57609833e-03 5.79072858e-03 9.99981946e-01 3.33453002e-02
9.99998819e-01 -1.23399066e-03 -8.17578098e-04 1.58393171e-03 1.22720084e-03 9.99965144e-01 -8.25378685e-03 7.45286122e-03 8.27735078e-04 8.25277480e-03 9.99965581e-01 3.21311135e-02
9.99998645e-01 -1.58988211e-03 -1.33319436e-04 1.03119259e-03 1.58833337e-03 9.99939203e-01 -1.09071888e-02 9.13284620e-03 1.50652815e-04 1.09069636e-02 9.99940485e-01 3.10296320e-02
9.99997103e-01 -1.84553262e-03 1.49963447e-03 -3.91268473e-04 1.86579740e-03 9.99905388e-01 -1.36260504e-02 1.08353650e-02 -1.47434498e-03 1.36288105e-02 9.99905993e-01 3.00189044e-02
9.99995267e-01 -2.06127708e-03 2.23114966e-03 -1.00674462e-03 2.09687592e-03 9.99868558e-01 -1.60724309e-02 1.23837709e-02 -2.19772656e-03 1.60770360e-02 9.99868255e-01 2.87819211e-02
9.99990398e-01 -2.18138354e-03 3.75987964e-03 -2.26976077e-03 2.25240198e-03 9.99817103e-01 -1.89889521e-02 1.42627304e-02 -3.71776965e-03 1.89972424e-02 9.99812539e-01 2.78233549e-02
9.99986242e-01 -2.31810100e-03 4.67176115e-03 -3.21284804e-03 2.41924516e-03 9.99760208e-01 -2.17620729e-02 1.60766428e-02 -4.62019403e-03 2.17730797e-02 9.99752206e-01 2.67813471e-02
9.99981968e-01 -2.53074097e-03 5.40700573e-03 -3.93677755e-03 2.66156670e-03 9.99700425e-01 -2.43270306e-02 1.77652400e-02 -5.34382067e-03 2.43409889e-02 9.99689330e-01 2.55394418e-02
9.99977889e-01 -2.73686770e-03 6.02069620e-03 -4.59531549e-03 2.89842366e-03 9.99631401e-01 -2.69904590e-02 1.95244681e-02 -5.94460771e-03 2.70073194e-02 9.99617476e-01 2.44538116e-02
9.99975259e-01 -2.95475734e-03 6.34302800e-03 -4.92980593e-03 3.13891836e-03 9.99567888e-01 -2.92227644e-02 2.10061600e-02 -6.25394096e-03 2.92419585e-02 9.99552731e-01 2.30153998e-02
9.99973648e-01 -3.23049530e-03 6.46316599e-03 -5.06629651e-03 3.43264091e-03 9.99497323e-01 -3.15139214e-02 2.25301139e-02 -6.35811167e-03 3.15352846e-02 9.99482338e-01 2.16708128e-02
9.99972778e-01 -3.49045025e-03 6.46605961e-03 -5.15508835e-03 3.70706251e-03 9.99421801e-01 -3.37965156e-02 2.40528623e-02 -6.34435583e-03 3.38195740e-02 9.99407754e-01 2.03372113e-02
9.99970157e-01 -3.75730675e-03 6.71554730e-03 -5.37387336e-03 3.99711228e-03 9.99341599e-01 -3.60597576e-02 2.55606420e-02 -6.57563825e-03 3.60855348e-02 9.99326975e-01 1.89963585e-02
9.99967833e-01 -4.00549927e-03 6.91610013e-03 -5.56560156e-03 4.26709882e-03 9.99259709e-01 -3.82337929e-02 2.70134566e-02 -6.75783462e-03 3.82620869e-02 9.99244788e-01 1.75892013e-02
9.99965328e-01 -4.26101733e-03 7.12303038e-03 -5.76213801e-03 4.54561154e-03 9.99172135e-01 -4.04273528e-02 2.84867688e-02 -6.94487207e-03 4.04583434e-02 9.99156945e-01 1.61846819e-02
9.99961774e-01 -4.47287703e-03 7.47936156e-03 -6.24227379e-03 4.78728425e-03 9.99082346e-01 -4.25610809e-02 2.99410453e-02 -7.28212819e-03 4.25952741e-02 9.99065705e-01 1.46712711e-02
9.99958101e-01 -4.70015688e-03 7.82007850e-03 -6.57626486e-03 5.04524287e-03 9.98987194e-01 -4.47100281e-02 3.14008536e-02 -7.60201466e-03 4.47476233e-02 9.98969246e-01 1.32307814e-02
9.99956402e-01 -4.87752237e-03 7.92498676e-03 -6.72313689e-03 5.24030428e-03 9.98908185e-01 -4.64202782e-02 3.25479986e-02 -7.68991838e-03 4.64597990e-02 9.98890427e-01 1.17291449e-02
9.99961185e-01 -5.03334852e-03 7.19115029e-03 -6.23706340e-03 5.37434796e-03 9.98822459e-01 -4.82146694e-02 3.37645142e-02 -6.94000114e-03 4.82514594e-02 9.98811001e-01 1.00777871e-02
9.99964315e-01 -5.22001837e-03 6.59472001e-03 -5.83910214e-03 5.54322467e-03 9.98734647e-01 -4.99816132e-02 3.49552233e-02 -6.32547032e-03 5.00164004e-02 9.98728243e-01 8.52233496e-03
9.99966411e-01 -5.43153395e-03 6.07937327e-03 -5.49709896e-03 5.73905318e-03 9.98642677e-01 -5.17652608e-02 3.61626723e-02 -5.78995633e-03 5.17984291e-02 9.98640654e-01 6.96441071e-03
9.99967824e-01 -5.66311105e-03 5.61400556e-03 -5.18737654e-03 5.95581908e-03 9.98546085e-01 -5.35716067e-02 3.73842868e-02 -5.30246085e-03 5.36033364e-02 9.98548092e-01 5.44915611e-03
9.99969046e-01 -5.89114892e-03 5.13638000e-03 -4.87453334e-03 6.16657793e-03 9.98446795e-01 -5.53676878e-02 3.86031344e-02 -4.80222218e-03 5.53976661e-02 9.98452682e-01 3.92638490e-03
9.99970197e-01 -6.12766454e-03 4.60930690e-03 -4.51980139e-03 6.38127870e-03 9.98343117e-01 -5.71839896e-02 3.98409537e-02 -4.25126445e-03 5.72117204e-02 9.98352871e-01 2.38607265e-03
9.99970979e-01 -6.38621291e-03 4.06758673e-03 -4.14637422e-03 6.61501209e-03 9.98237774e-01 -5.89693131e-02 4.10691063e-02 -3.68382676e-03 5.89945284e-02 9.98251406e-01 7.96173234e-04
9.99971258e-01 -6.64480336e-03 3.55363023e-03 -3.79029578e-03 6.84851446e-03 9.98128218e-01 -6.07698608e-02 4.23075423e-02 -3.14317340e-03 6.07924735e-02 9.98145345e-01 -7.50092907e-04
9.99971175e-01 -6.90108144e-03 3.05836942e-03 -3.43321754e-03 7.07899336e-03 9.98014385e-01 -6.25865778e-02 4.35559464e-02 -2.62038001e-03 6.26064479e-02 9.98034729e-01 -2.28858347e-03
9.99966658e-01 -7.92844583e-03 1.77066390e-03 -2.55937316e-03 8.02609933e-03 9.97888153e-01 -6.44570326e-02 4.41653395e-02 -1.25587850e-03 6.44691210e-02 9.97918767e-01 3.44245087e-04
9.99961449e-01 -8.71989353e-03 6.10958770e-04 -1.61588983e-03 8.74124000e-03 9.97698819e-01 -6.72351577e-02 4.54884854e-02 -2.32670439e-05 6.72379311e-02 9.97736865e-01 2.28477168e-03
9.99946867e-01 -1.01423292e-02 -1.64024916e-03 -1.96360895e-04 1.00048214e-02 9.97561206e-01 -6.90758374e-02 4.60441524e-02 2.33684183e-03 6.90557836e-02 9.97609955e-01 5.02358826e-03
9.99920544e-01 -1.19176266e-02 -4.01477635e-03 1.34281002e-03 1.16024130e-02 9.97405841e-01 -7.10415323e-02 4.66958482e-02 4.85101128e-03 7.09893353e-02 9.97465177e-01 7.85276472e-03
9.99899467e-01 -1.32472782e-02 -4.98172778e-03 2.03221670e-03 1.28468483e-02 9.97229312e-01 -7.32705694e-02 4.74595423e-02 5.93856461e-03 7.31992358e-02 9.97299510e-01 1.09656628e-02
9.99881319e-01 -1.42341578e-02 -5.82598427e-03 2.65409373e-03 1.37537196e-02 9.97048435e-01 -7.55328257e-02 4.81503342e-02 6.88393871e-03 7.54437685e-02 9.97126140e-01 1.46716234e-02
9.99869008e-01 -1.48845825e-02 -6.28979960e-03 2.60611216e-03 1.43486038e-02 9.96846226e-01 -7.80487799e-02 4.87682080e-02 7.43169085e-03 7.79483443e-02 9.96929530e-01 1.94220090e-02
9.99853417e-01 -1.54397964e-02 -7.33933866e-03 3.36618675e-03 1.48001207e-02 9.96651968e-01 -8.04089824e-02 4.94106462e-02 8.55626976e-03 8.02886103e-02 9.96734747e-01 2.39948150e-02
9.99833052e-01 -1.60676484e-02 -8.64726425e-03 4.33398313e-03 1.52981308e-02 9.96456890e-01 -8.27010360e-02 5.00145294e-02 9.94544239e-03 8.25549823e-02 9.96536713e-01 2.82121658e-02
9.99809963e-01 -1.65803378e-02 -1.02063810e-02 5.27588967e-03 1.56573084e-02 9.96284163e-01 -8.46910782e-02 5.01034187e-02 1.15726677e-02 8.45152226e-02 9.96354817e-01 3.35485214e-02
9.99800943e-01 -1.70210610e-02 -1.03589531e-02 5.49522729e-03 1.60523239e-02 9.96049670e-01 -8.73338489e-02 5.12323223e-02 1.18045518e-02 8.71502268e-02 9.96125059e-01 3.57991862e-02
9.99773793e-01 -1.74710214e-02 -1.20883743e-02 6.51944488e-03 1.63253951e-02 9.95886093e-01 -8.91302201e-02 5.11338887e-02 1.35958465e-02 8.89127590e-02 9.95946418e-01 4.14667291e-02
9.99756787e-01 -1.73380503e-02 -1.35923866e-02 7.47320712e-03 1.60289583e-02 9.95710335e-01 -9.11253070e-02 5.15550591e-02 1.51140219e-02 9.08853199e-02 9.95746480e-01 4.60648343e-02
9.99716696e-01 -1.77158751e-02 -1.58656077e-02 9.02491141e-03 1.61671158e-02 9.95541510e-01 -9.29273835e-02 5.16691776e-02 1.74411698e-02 9.26445993e-02 9.95546292e-01 5.10289654e-02
9.99646466e-01 -1.97060129e-02 -1.78210570e-02 1.04626570e-02 1.79032178e-02 9.95200049e-01 -9.62082627e-02 5.21110950e-02 1.96314083e-02 9.58552420e-02 9.95201473e-01 5.68667148e-02
9.99553304e-01 -2.19825804e-02 -2.02236125e-02 1.20607715e-02 1.98565955e-02 9.94798346e-01 -9.99082801e-02 5.27583368e-02 2.23146697e-02 9.94621228e-02 9.94790919e-01 6.30731487e-02
9.99479801e-01 -2.39469847e-02 -2.15791839e-02 1.30755286e-02 2.15979878e-02 9.94426934e-01 -1.03190649e-01 5.38447591e-02 2.39300381e-02 1.02670949e-01 9.94427308e-01 6.73147014e-02
9.99401231e-01 -2.57989204e-02 -2.30334982e-02 1.41518630e-02 2.32018378e-02 9.94024367e-01 -1.06662357e-01 5.50848727e-02 2.56476452e-02 1.06064119e-01 9.94028279e-01 7.13023888e-02
9.99252605e-01 -2.81190078e-02 -2.65052362e-02 1.67380214e-02 2.50337507e-02 9.93582864e-01 -1.10299754e-01 5.55887735e-02 2.94366834e-02 1.09553840e-01 9.93544690e-01 7.84077473e-02
9.99127693e-01 -2.99545663e-02 -2.90798304e-02 1.88482780e-02 2.64801028e-02 9.93209967e-01 -1.13280211e-01 5.61540070e-02 3.22756538e-02 1.12411402e-01 9.93137266e-01 8.32649359e-02
9.99000918e-01 -3.15025099e-02 -3.16820565e-02 2.07880072e-02 2.76361463e-02 9.92884041e-01 -1.15832226e-01 5.63988809e-02 3.51056335e-02 1.14840978e-01 9.92763185e-01 8.78646430e-02
9.98810677e-01 -3.44887700e-02 -3.44506244e-02 2.27747827e-02 3.01833522e-02 9.92494758e-01 -1.18502062e-01 5.55536084e-02 3.82790751e-02 1.17321332e-01 9.92355821e-01 9.56928390e-02
9.98766880e-01 -3.54458497e-02 -3.47479436e-02 2.33724742e-02 3.10314670e-02 9.92259001e-01 -1.20244841e-01 5.57002150e-02 3.87411592e-02 1.19018330e-01 9.92135809e-01 9.90584230e-02
9.98588394e-01 -3.70330351e-02 -3.80649723e-02 2.54766451e-02 3.21030450e-02 9.91907828e-01 -1.22832910e-01 5.46872655e-02 4.23058420e-02 1.21437558e-01 9.91696943e-01 1.06848684e-01
9.98365914e-01 -3.92374460e-02 -4.15350527e-02 2.79702088e-02 3.37400577e-02 9.91500129e-01 -1.25653262e-01 5.36287265e-02 4.61123487e-02 1.24046573e-01 9.91204225e-01 1.15567083e-01
9.98201299e-01 -4.21317597e-02 -4.26424840e-02 3.05475432e-02 3.63831709e-02 9.91157113e-01 -1.27606825e-01 5.16410668e-02 4.76417288e-02 1.25825863e-01 9.90907579e-01 1.23668463e-01
9.98034606e-01 -4.41634097e-02 -4.44513617e-02 3.12933517e-02 3.80962941e-02 9.90895705e-01 -1.29128162e-01 5.03267955e-02 4.97494313e-02 1.27180968e-01 9.90630995e-01 1.29957238e-01
9.97662429e-01 -4.79223118e-02 -4.87091637e-02 3.35708770e-02 4.11689271e-02 9.90491583e-01 -1.31268170e-01 4.90153312e-02 5.45367178e-02 1.28956041e-01 9.90149446e-01 1.38038639e-01
9.97593207e-01 -4.93405821e-02 -4.87105617e-02 3.36794421e-02 4.25445489e-02 9.90355871e-01 -1.31852102e-01 4.84348294e-02 5.47464767e-02 1.29462417e-01 9.90071793e-01 1.40812900e-01
9.97263512e-01 -5.16307810e-02 -5.29068989e-02 3.59339448e-02 4.41397633e-02 9.89984418e-01 -1.34097875e-01 4.77756558e-02 5.93006132e-02 1.31395645e-01 9.89554667e-01 1.47747838e-01
9.96883526e-01 -5.37105090e-02 -5.77735889e-02 3.90203015e-02 4.53992419e-02 9.89582067e-01 -1.36623179e-01 4.76763120e-02 6.45098417e-02 1.33574546e-01 9.88936850e-01 1.53527237e-01
9.96475433e-01 -5.75096706e-02 -6.10631994e-02 4.09461570e-02 4.85824115e-02 9.89132522e-01 -1.38766458e-01 4.74450630e-02 6.83800505e-02 1.35310791e-01 9.88440632e-01 1.58160302e-01
9.96107772e-01 -6.06232358e-02 -6.39801202e-02 4.27374479e-02 5.11206099e-02 9.88698999e-01 -1.40926872e-01 4.72502637e-02 7.18005710e-02 1.37107672e-01 9.87950314e-01 1.63425849e-01
9.95775105e-01 -6.37986362e-02 -6.60384399e-02 4.37629588e-02 5.37251958e-02 9.88054251e-01 -1.44436031e-01 4.77720459e-02 7.44644372e-02 1.40277894e-01 9.87307847e-01 1.69006147e-01
9.95491885e-01 -6.58335529e-02 -6.82732658e-02 4.48254548e-02 5.52258036e-02 9.87586016e-01 -1.47048608e-01 4.76690272e-02 7.71065095e-02 1.42615263e-01 9.86770057e-01 1.75289805e-01
9.95267311e-01 -6.72059163e-02 -7.01828321e-02 4.51526801e-02 5.61802528e-02 9.87283254e-01 -1.48710643e-01 4.59207544e-02 7.92846223e-02 1.44063971e-01 9.86386939e-01 1.84156645e-01
9.94887564e-01 -6.84037657e-02 -7.42901058e-02 4.67898711e-02 5.66710772e-02 9.87071256e-01 -1.49926732e-01 4.43214526e-02 8.35852382e-02 1.44950154e-01 9.85901945e-01 1.91999424e-01
9.94590909e-01 -6.90954838e-02 -7.75505485e-02 4.87247460e-02 5.68097948e-02 9.86938287e-01 -1.50746992e-01 4.35990778e-02 8.69536051e-02 1.45525963e-01 9.85525721e-01 1.95624567e-01
9.94795533e-01 -7.13032756e-02 -7.27806543e-02 4.73600081e-02 5.97411089e-02 9.86841777e-01 -1.50244642e-01 3.99097290e-02 8.25359900e-02 1.45114710e-01 9.85966096e-01 2.04329266e-01
9.93363292e-01 -8.67602827e-02 -7.55077353e-02 6.09633250e-02 7.44862000e-02 9.85501148e-01 -1.52441866e-01 3.82336702e-02 8.76389215e-02 1.45805875e-01 9.85423642e-01 2.06282593e-01
9.92288737e-01 -9.78699949e-02 -7.60523523e-02 7.24955596e-02 8.56084546e-02 9.84900071e-01 -1.50473864e-01 3.53976667e-02 8.96309001e-02 1.42802801e-01 9.85684232e-01 2.04628131e-01
9.90455042e-01 -1.12668933e-01 -7.93970812e-02 8.70897662e-02 1.00096881e-01 9.83965084e-01 -1.47623354e-01 3.47009957e-02 9.47565794e-02 1.38266903e-01 9.85851494e-01 2.00951325e-01
9.89861656e-01 -1.21573897e-01 -7.34377102e-02 9.31060772e-02 1.10030971e-01 9.83328076e-01 -1.44770444e-01 3.31402029e-02 8.98137212e-02 1.35222296e-01 9.86736120e-01 1.99350449e-01
9.90055436e-01 -1.25869945e-01 -6.28210234e-02 8.88898816e-02 1.15711512e-01 9.82614344e-01 -1.45187421e-01 3.10483331e-02 8.00036174e-02 1.36474486e-01 9.87407672e-01 2.04982038e-01
9.90066292e-01 -1.28033611e-01 -5.80998452e-02 8.57232578e-02 1.18185466e-01 9.81692834e-01 -1.49368018e-01 3.02821069e-02 7.61603721e-02 1.41017684e-01 9.87073168e-01 2.13066243e-01
9.90117271e-01 -1.27733148e-01 -5.78922805e-02 8.36900394e-02 1.17727575e-01 9.81370866e-01 -1.51825240e-01 3.08566694e-02 7.62069572e-02 1.43509280e-01 9.86710395e-01 2.13667069e-01
9.90077880e-01 -1.27063790e-01 -6.00001280e-02 8.34375481e-02 1.16617737e-01 9.81223648e-01 -1.53622570e-01 3.14750993e-02 7.83934575e-02 1.45101243e-01 9.86306152e-01 2.13653104e-01
9.89881398e-01 -1.26237512e-01 -6.47947037e-02 8.53644033e-02 1.14906131e-01 9.81061806e-01 -1.55928943e-01 3.10678448e-02 8.32517375e-02 1.46905873e-01 9.85640667e-01 2.14750361e-01
9.89598944e-01 -1.26729177e-01 -6.80668574e-02 8.68938556e-02 1.14709206e-01 9.80718073e-01 -1.58219391e-01 3.15224599e-02 8.68054575e-02 1.48765866e-01 9.85054961e-01 2.16460399e-01
9.89263975e-01 -1.26649776e-01 -7.29115087e-02 8.87759371e-02 1.13638207e-01 9.80373977e-01 -1.61098858e-01 3.15767595e-02 9.18837240e-02 1.51083790e-01 9.84241240e-01 2.20718030e-01
9.89263251e-01 -1.27319589e-01 -7.17457414e-02 8.89158774e-02 1.14347108e-01 9.80055297e-01 -1.62530118e-01 3.07807689e-02 9.10081031e-02 1.52581182e-01 9.84091604e-01 2.23521514e-01
9.89326587e-01 -1.27759497e-01 -7.00706669e-02 8.86007938e-02 1.14931621e-01 9.79788000e-01 -1.63724898e-01 2.96476866e-02 8.95718539e-02 1.53924090e-01 9.84014212e-01 2.26438056e-01
9.89187127e-01 -1.29421006e-01 -6.89817876e-02 8.81201272e-02 1.16538144e-01 9.79211507e-01 -1.66022096e-01 2.93039018e-02 8.90345498e-02 1.56187945e-01 9.83706198e-01 2.32019923e-01
9.88906763e-01 -1.30559851e-01 -7.08312931e-02 8.85844501e-02 1.17033144e-01 9.78520419e-01 -1.69707688e-01 3.06909726e-02 9.14669207e-02 1.59535497e-01 9.82945572e-01 2.35346192e-01
9.88737198e-01 -1.31396938e-01 -7.16463693e-02 8.79738213e-02 1.17370701e-01 9.77810150e-01 -1.73525681e-01 3.23134897e-02 9.28573305e-02 1.63162130e-01 9.82219675e-01 2.38488506e-01
9.88299830e-01 -1.33187365e-01 -7.43253070e-02 8.81965189e-02 1.18305249e-01 9.76968878e-01 -1.77582297e-01 3.35873976e-02 9.62652683e-02 1.66711493e-01 9.81295165e-01 2.43811061e-01
9.88309291e-01 -1.34365522e-01 -7.20446838e-02 8.49545794e-02 1.19641923e-01 9.76404736e-01 -1.79776163e-01 3.35176854e-02 9.45005252e-02 1.69054893e-01 9.81065790e-01 2.44976792e-01
9.88363487e-01 -1.34801655e-01 -7.04692167e-02 8.31938716e-02 1.20266705e-01 9.76183313e-01 -1.80559955e-01 3.41450565e-02 9.31306916e-02 1.69983769e-01 9.81036281e-01 2.43214426e-01
9.88323285e-01 -1.35106337e-01 -7.04494041e-02 8.29717665e-02 1.20636967e-01 9.76265876e-01 -1.79865174e-01 3.43303895e-02 9.30783122e-02 1.69266142e-01 9.81165312e-01 2.39887708e-01
9.88406569e-01 -1.38624741e-01 -6.19312642e-02 7.88573541e-02 1.25685274e-01 9.75883334e-01 -1.78479159e-01 2.93948955e-02 8.51793525e-02 1.68626123e-01 9.81992737e-01 2.33935321e-01
9.88725053e-01 -1.37300114e-01 -5.97600446e-02 7.72155281e-02 1.24763427e-01 9.76039301e-01 -1.78272894e-01 2.84417395e-02 8.28050776e-02 1.68807009e-01 9.82164712e-01 2.32560517e-01
9.88784293e-01 -1.37363438e-01 -5.86230444e-02 7.64894637e-02 1.24826245e-01 9.75606225e-01 -1.80584377e-01 3.03545051e-02 8.19987370e-02 1.71241311e-01 9.81810850e-01 2.30408396e-01
9.89103515e-01 -1.36471515e-01 -5.52227726e-02 7.49174881e-02 1.24482295e-01 9.75534505e-01 -1.81208115e-01 3.15748211e-02 7.86015086e-02 1.72359333e-01 9.81893045e-01 2.25055668e-01
9.88843164e-01 -1.41099625e-01 -4.77485786e-02 6.38354943e-02 1.30282827e-01 9.74628451e-01 -1.82004338e-01 3.32027806e-02 7.22179068e-02 1.73752925e-01 9.82137693e-01 2.25835288e-01
9.88652539e-01 -1.40566841e-01 -5.29805827e-02 6.67805195e-02 1.28700053e-01 9.74489459e-01 -1.83865247e-01 3.50384173e-02 7.74744150e-02 1.74960241e-01 9.81522593e-01 2.22820793e-01
9.88495923e-01 -1.40438440e-01 -5.61480001e-02 6.84826542e-02 1.27958490e-01 9.74451351e-01 -1.84583388e-01 3.69759431e-02 8.06361349e-02 1.75275325e-01 9.81211655e-01 2.21027520e-01
9.88461564e-01 -1.39969439e-01 -5.78973116e-02 6.91772446e-02 1.27062236e-01 9.74283283e-01 -1.86083810e-01 3.85407714e-02 8.24544652e-02 1.76580143e-01 9.80826527e-01 2.18226958e-01
9.88326181e-01 -1.39810121e-01 -6.05328733e-02 6.93786577e-02 1.26347571e-01 9.74176878e-01 -1.87124417e-01 3.99929891e-02 8.51316514e-02 1.77291794e-01 9.80469343e-01 2.15107484e-01
9.87496848e-01 -1.42479307e-01 -6.74496455e-02 6.96701042e-02 1.27613989e-01 9.73734121e-01 -1.88563931e-01 4.31788169e-02 9.25445254e-02 1.77598775e-01 9.79741844e-01 2.11595900e-01
9.87436857e-01 -1.41698475e-01 -6.99272767e-02 7.03254079e-02 1.26213248e-01 9.73539068e-01 -1.90503778e-01 4.49438135e-02 9.50710817e-02 1.79284714e-01 9.79192681e-01 2.08797428e-01
9.87546897e-01 -1.40811528e-01 -7.01644347e-02 7.04718882e-02 1.25193759e-01 9.73464489e-01 -1.91554748e-01 4.57125607e-02 9.52757523e-02 1.80385164e-01 9.78970650e-01 2.07489646e-01
9.87307443e-01 -1.39853909e-01 -7.52649291e-02 7.04996245e-02 1.23203317e-01 9.73485469e-01 -1.92735334e-01 4.65133293e-02 1.00224149e-01 1.81016148e-01 9.78359953e-01 2.05241020e-01
9.87034707e-01 -1.43563140e-01 -7.17781355e-02 6.28800887e-02 1.27259100e-01 9.72490178e-01 -1.95109906e-01 4.83883482e-02 9.78141698e-02 1.83445821e-01 9.78151308e-01 2.03370040e-01
9.87057512e-01 -1.44217151e-01 -7.01348268e-02 5.91315565e-02 1.28025640e-01 9.72018410e-01 -1.96950560e-01 5.00416505e-02 9.65760388e-02 1.85422458e-01 9.77901625e-01 2.01179349e-01
9.87034009e-01 -1.44626572e-01 -6.96209307e-02 5.79154416e-02 1.28392724e-01 9.71697184e-01 -1.98292193e-01 5.14372841e-02 9.63288293e-02 1.86782297e-01 9.77667205e-01 1.99239206e-01
9.87211628e-01 -1.45341715e-01 -6.54909108e-02 5.71302544e-02 1.28802126e-01 9.69282081e-01 -2.09528417e-01 4.88679623e-02 9.39324326e-02 1.98413497e-01 9.75606909e-01 1.95444171e-01
9.87572618e-01 -1.44390728e-01 -6.20624093e-02 5.55360576e-02 1.28479186e-01 9.69150346e-01 -2.10334329e-01 5.04420601e-02 9.05181843e-02 1.99746662e-01 9.75657613e-01 1.90628679e-01
9.87707739e-01 -1.43733209e-01 -6.14358142e-02 5.43281601e-02 1.27861390e-01 9.68999339e-01 -2.11403823e-01 5.12337877e-02 8.99170692e-02 2.00949885e-01 9.75466089e-01 1.90217153e-01
9.87670381e-01 -1.43719200e-01 -6.20652508e-02 5.37380488e-02 1.27414896e-01 9.68335981e-01 -2.14687271e-01 5.32471587e-02 9.09547573e-02 2.04132190e-01 9.74708797e-01 1.91981131e-01
9.87556269e-01 -1.43491151e-01 -6.43661282e-02 5.50362703e-02 1.26526470e-01 9.68004205e-01 -2.16699380e-01 5.54736221e-02 9.34011895e-02 2.05858780e-01 9.74114109e-01 1.90191956e-01
9.86878743e-01 -1.46066883e-01 -6.88108448e-02 5.62628241e-02 1.28509867e-01 9.68575088e-01 -2.12948656e-01 5.68953306e-02 9.77532864e-02 2.01311584e-01 9.74637293e-01 1.87233598e-01
9.86821602e-01 -1.45937929e-01 -6.98959789e-02 5.67181264e-02 1.27965831e-01 9.68217280e-01 -2.14894646e-01 5.87709863e-02 9.90358445e-02 2.03118330e-01 9.74132837e-01 1.85282566e-01
9.85978330e-01 -1.50829966e-01 -7.13950241e-02 5.55020694e-02 1.32714360e-01 9.68117828e-01 -2.12448735e-01 6.09175768e-02 1.01162502e-01 1.99994664e-01 9.74560495e-01 1.90984511e-01
9.85332628e-01 -1.53844730e-01 -7.38349986e-02 5.54333592e-02 1.35143956e-01 9.67699382e-01 -2.12823114e-01 6.26352471e-02 1.04191868e-01 1.99723156e-01 9.74296989e-01 1.98402203e-01
9.85171450e-01 -1.54878378e-01 -7.38252115e-02 5.44442406e-02 1.35850918e-01 9.66960623e-01 -2.15711402e-01 6.40240503e-02 1.04795172e-01 2.02483436e-01 9.73662372e-01 2.01294118e-01
9.84623854e-01 -1.57116884e-01 -7.63570583e-02 5.37458082e-02 1.37457344e-01 9.66582392e-01 -2.16387740e-01 6.37206796e-02 1.07803621e-01 2.02564629e-01 9.73316997e-01 2.09695903e-01
9.83731506e-01 -1.67008047e-01 -6.61886695e-02 3.59943642e-02 1.49643671e-01 9.65646183e-01 -2.12447301e-01 6.48254713e-02 9.93953186e-02 1.99086316e-01 9.74928300e-01 2.11100732e-01
9.82750069e-01 -1.76508182e-01 -5.52038755e-02 1.56994545e-02 1.61572677e-01 9.64672829e-01 -2.08087017e-01 6.45828772e-02 8.99828127e-02 1.95578013e-01 9.76551247e-01 2.12108507e-01
9.83174157e-01 -1.77187103e-01 -4.44253874e-02 -5.87499098e-03 1.65127080e-01 9.66060420e-01 -1.98645206e-01 6.12604328e-02 7.81150501e-02 1.87966924e-01 9.79064062e-01 2.07426459e-01
9.84888553e-01 -1.69437788e-01 -3.58579167e-02 -3.09042052e-02 1.59718742e-01 9.68656236e-01 -1.90249064e-01 6.47992889e-02 6.69694474e-02 1.81646858e-01 9.81080817e-01 2.09713551e-01
9.85140435e-01 -1.69891112e-01 -2.52161122e-02 -5.33285574e-02 1.62430472e-01 9.69286377e-01 -1.84661788e-01 6.69635339e-02 5.58141035e-02 1.77821829e-01 9.82478665e-01 2.12584032e-01
9.85433361e-01 -1.68692043e-01 -2.15527878e-02 -5.87377266e-02 1.61932658e-01 9.69471551e-01 -1.84125999e-01 6.63620758e-02 5.19554788e-02 1.77953706e-01 9.82666381e-01 2.12279353e-01
9.85779937e-01 -1.67242108e-01 -1.63819282e-02 -6.36546028e-02 1.61445349e-01 9.69614834e-01 -1.83798934e-01 6.58904830e-02 4.66231562e-02 1.78540422e-01 9.82827380e-01 2.12388734e-01
9.86160068e-01 -1.65564423e-01 -8.77869120e-03 -6.97658632e-02 1.61176924e-01 9.69746775e-01 -1.83337618e-01 6.48299442e-02 3.88673689e-02 1.79385218e-01 9.83010848e-01 2.14227009e-01
9.86276958e-01 -1.65043001e-01 -4.34850266e-03 -7.14172337e-02 1.61475690e-01 9.69777528e-01 -1.82911536e-01 6.42191836e-02 3.44054221e-02 1.79699149e-01 9.83119842e-01 2.13631832e-01
9.85759198e-01 -1.68146685e-01 -2.41412749e-03 -6.82928347e-02 1.64790474e-01 9.68744579e-01 -1.85411830e-01 6.35290095e-02 3.35151306e-02 1.82373494e-01 9.82657985e-01 2.12709426e-01
9.85331865e-01 -1.70635336e-01 -2.22707373e-03 -6.23973224e-02 1.67194150e-01 9.67908623e-01 -1.87612581e-01 6.29169752e-02 3.41690128e-02 1.84488211e-01 9.82240604e-01 2.09832830e-01
9.85211405e-01 -1.71325561e-01 -2.50049184e-03 -5.69539306e-02 1.67768921e-01 9.67518154e-01 -1.89107636e-01 6.28771620e-02 3.48183152e-02 1.85891413e-01 9.81953199e-01 2.06625456e-01
9.85012553e-01 -1.72462592e-01 -2.66243399e-03 -5.18780646e-02 1.68807374e-01 9.67075221e-01 -1.90444233e-01 6.29653619e-02 3.54193539e-02 1.87140447e-01 9.81694377e-01 2.03591100e-01
9.84851624e-01 -1.73399892e-01 1.55602748e-04 -5.04322356e-02 1.70199013e-01 9.66498578e-01 -1.92125761e-01 6.29871438e-02 3.31642683e-02 1.89241767e-01 9.81370320e-01 2.01656983e-01
9.84863543e-01 -1.73307181e-01 2.93744072e-03 -5.29782718e-02 1.70677029e-01 9.66682845e-01 -1.90769697e-01 6.20658048e-02 3.02222581e-02 1.88383399e-01 9.81630391e-01 2.02804842e-01
9.85004118e-01 -1.72394701e-01 6.86719573e-03 -5.69946783e-02 1.70546251e-01 9.66877457e-01 -1.89898262e-01 6.13958241e-02 2.60977911e-02 1.88221665e-01 9.81779716e-01 2.03447073e-01
9.85005162e-01 -1.72142652e-01 1.14877284e-02 -6.21051811e-02 1.71177624e-01 9.66832493e-01 -1.89559003e-01 6.06615409e-02 2.15245532e-02 1.88682965e-01 9.81802082e-01 2.05070743e-01
9.85060554e-01 -1.71528855e-01 1.52897378e-02 -6.55909268e-02 1.71302150e-01 9.66903087e-01 -1.89085689e-01 6.00165192e-02 1.76500300e-02 1.88879942e-01 9.81841494e-01 2.06205951e-01
9.84896658e-01 -1.72459403e-01 1.53817163e-02 -6.45302236e-02 1.72227745e-01 9.66682820e-01 -1.89371093e-01 5.96588975e-02 1.77896571e-02 1.89160039e-01 9.81785064e-01 2.08083365e-01
9.84613664e-01 -1.74212879e-01 1.36435505e-02 -6.13209635e-02 1.73615456e-01 9.66386469e-01 -1.89616444e-01 5.92100605e-02 1.98487564e-02 1.89067593e-01 9.81763411e-01 2.09674240e-01
9.84358833e-01 -1.75897994e-01 9.89783663e-03 -5.56012815e-02 1.74531029e-01 9.65965131e-01 -1.90918272e-01 5.86916620e-02 2.40212491e-02 1.89659483e-01 9.81555984e-01 2.12815801e-01
9.84195478e-01 -1.76967597e-01 6.49268592e-03 -4.96454844e-02 1.74897271e-01 9.65625481e-01 -1.92296311e-01 5.85211495e-02 2.77607865e-02 1.90392621e-01 9.81315401e-01 2.14429889e-01
9.83870441e-01 -1.78774032e-01 6.25757102e-03 -4.91372937e-02 1.76602368e-01 9.65159913e-01 -1.93073672e-01 5.86922737e-02 2.84770735e-02 1.91064491e-01 9.81164295e-01 2.18565345e-01
9.83592345e-01 -1.80307101e-01 5.98398648e-03 -4.78411746e-02 1.78054577e-01 9.64896652e-01 -1.93055620e-01 5.90145418e-02 2.90354423e-02 1.90953408e-01 9.81169577e-01 2.19894701e-01
9.83094524e-01 -1.83024717e-01 5.24583814e-03 -4.50805987e-02 1.80590843e-01 9.64497359e-01 -1.92694702e-01 5.91840241e-02 3.02083678e-02 1.90384350e-01 9.81244764e-01 2.21736405e-01
9.84742885e-01 -1.73828177e-01 8.09956128e-03 -4.72614986e-02 1.71955259e-01 9.64878154e-01 -1.98597723e-01 5.90760261e-02 2.67068610e-02 1.96960356e-01 9.80047671e-01 2.19445568e-01
9.86013026e-01 -1.66651445e-01 2.44587445e-03 -4.23897861e-02 1.63561105e-01 9.64698292e-01 -2.06408337e-01 5.92473435e-02 3.20387908e-02 2.03921250e-01 9.78462936e-01 2.24376666e-01
9.86041193e-01 -1.66394322e-01 6.01273806e-03 -4.62317111e-02 1.64034953e-01 9.64596416e-01 -2.06508502e-01 5.89286917e-02 2.85620506e-02 2.04612074e-01 9.78426394e-01 2.26853313e-01
9.86102063e-01 -1.65813831e-01 1.04388499e-02 -5.14375003e-02 1.64390324e-01 9.64675736e-01 -2.05854379e-01 5.71624674e-02 2.40634722e-02 2.04709358e-01 9.78527019e-01 2.32284965e-01
9.85813927e-01 -1.67824626e-01 2.49613281e-03 -4.61785014e-02 1.64862653e-01 9.65409627e-01 -2.02000062e-01 5.54562830e-02 3.14908689e-02 1.99545880e-01 9.79382392e-01 2.31472850e-01
9.85561226e-01 -1.69265276e-01 -4.32495198e-03 -4.09641863e-02 1.64964832e-01 9.65650328e-01 -2.00762313e-01 5.62359602e-02 3.81585554e-02 1.97149986e-01 9.79630457e-01 2.27827061e-01
9.85373727e-01 -1.70061351e-01 -1.08720380e-02 -3.65438504e-02 1.64473768e-01 9.65808809e-01 -2.00402675e-01 5.70210743e-02 4.45811355e-02 1.95683259e-01 9.79653332e-01 2.25860381e-01
9.84730530e-01 -1.72974908e-01 -1.96442530e-02 -2.94849969e-02 1.65785508e-01 9.66213265e-01 -1.97348795e-01 5.65242728e-02 5.31170072e-02 1.91078548e-01 9.80136498e-01 2.25892826e-01
9.84459310e-01 -1.74034751e-01 -2.34992623e-02 -2.64059429e-02 1.66179190e-01 9.66460363e-01 -1.95801833e-01 5.62084600e-02 5.67875074e-02 1.88853753e-01 9.80361875e-01 2.26571810e-01
9.83632821e-01 -1.78222920e-01 -2.65225273e-02 -2.54050534e-02 1.69949480e-01 9.66553296e-01 -1.92071344e-01 5.55668526e-02 5.98670291e-02 1.84420097e-01 9.81022489e-01 2.29250160e-01
9.83414736e-01 -1.79236972e-01 -2.77494407e-02 -2.52873197e-02 1.70783399e-01 9.66609570e-01 -1.91045901e-01 5.52119770e-02 6.10654400e-02 1.83138113e-01 9.81188789e-01 2.30807081e-01
9.83317540e-01 -1.79748533e-01 -2.78836656e-02 -2.59446316e-02 1.71282826e-01 9.66588306e-01 -1.90705934e-01 5.47934232e-02 6.12312140e-02 1.82748401e-01 9.81251108e-01 2.32706678e-01
9.83283955e-01 -1.80053996e-01 -2.70860643e-02 -2.76550511e-02 1.71771908e-01 9.66638259e-01 -1.90011734e-01 5.36554698e-02 6.03948724e-02 1.82182769e-01 9.81408134e-01 2.35809568e-01
9.83309636e-01 -1.80176830e-01 -2.52760532e-02 -2.98251171e-02 1.72194753e-01 9.66469334e-01 -1.90487584e-01 5.37615365e-02 5.87500556e-02 1.82955780e-01 9.81364149e-01 2.37448409e-01
9.83529688e-01 -1.79527131e-01 -2.09726925e-02 -3.39494788e-02 1.72362688e-01 9.66497472e-01 -1.90192852e-01 5.28150330e-02 5.44149058e-02 1.83445303e-01 9.81522746e-01 2.40392182e-01
9.84843460e-01 -1.72558961e-01 -1.75270615e-02 -3.62351316e-02 1.65879635e-01 9.66576955e-01 -1.95480176e-01 5.07079230e-02 5.06731838e-02 1.89609890e-01 9.80551058e-01 2.36020633e-01
9.85910498e-01 -1.67136225e-01 -6.80911944e-03 -4.33369127e-02 1.62328311e-01 9.65787935e-01 -2.02244314e-01 4.77003422e-02 4.03785900e-02 1.98289390e-01 9.79311446e-01 2.41506046e-01
9.86143437e-01 -1.65839677e-01 -4.32705034e-03 -4.66164707e-02 1.61594850e-01 9.66148505e-01 -2.01106337e-01 4.63307096e-02 3.75320540e-02 1.97620365e-01 9.79559935e-01 2.43841310e-01
9.85342197e-01 -1.69378111e-01 -2.03035910e-02 -3.56148985e-02 1.62160502e-01 9.66942675e-01 -1.96787613e-01 4.34838160e-02 5.29639978e-02 1.90610595e-01 9.80235935e-01 2.45406578e-01
9.84947863e-01 -1.70643008e-01 -2.75519968e-02 -3.14803736e-02 1.62092191e-01 9.67183012e-01 -1.95659673e-01 4.19304649e-02 6.00358517e-02 1.88248505e-01 9.80284824e-01 2.48684347e-01
9.84123223e-01 -1.73529353e-01 -3.72751667e-02 -2.46773372e-02 1.63143261e-01 9.67124113e-01 -1.95076290e-01 4.05974388e-02 6.99012500e-02 1.85897810e-01 9.80079551e-01 2.52653788e-01
9.83312439e-01 -1.75583118e-01 -4.76190258e-02 -1.80888815e-02 1.63271670e-01 9.67173822e-01 -1.94722088e-01 3.94729589e-02 8.02458598e-02 1.83697709e-01 9.79701937e-01 2.57651317e-01
9.82782640e-01 -1.79941468e-01 -4.19491358e-02 -3.17567784e-02 1.68803293e-01 9.66741027e-01 -1.92137429e-01 3.80721688e-02 7.51275124e-02 1.81748070e-01 9.80471144e-01 2.58594757e-01
9.83321730e-01 -1.78534414e-01 -3.47029842e-02 -4.63048088e-02 1.68866983e-01 9.67079079e-01 -1.90372155e-01 3.69780851e-02 6.75485833e-02 1.81336771e-01 9.81098540e-01 2.55073817e-01
9.83572216e-01 -1.77687091e-01 -3.18334953e-02 -5.26637094e-02 1.68867648e-01 9.68004650e-01 -1.85607866e-01 3.29142180e-02 6.37951622e-02 1.77182984e-01 9.82108214e-01 2.49839563e-01
9.83932988e-01 -1.76155297e-01 -2.90775902e-02 -5.70106817e-02 1.67951510e-01 9.68476572e-01 -1.83969796e-01 2.88628262e-02 6.05682908e-02 1.76130219e-01 9.82501777e-01 2.51524811e-01
9.84231745e-01 -1.74928997e-01 -2.62297147e-02 -6.28910379e-02 1.67345996e-01 9.68898881e-01 -1.82290164e-01 2.53573959e-02 5.73018480e-02 1.75026221e-01 9.82894925e-01 2.52824298e-01
9.85476937e-01 -1.67739619e-01 -2.64362581e-02 -6.79154756e-02 1.60190156e-01 9.69968506e-01 -1.83028904e-01 2.14817118e-02 5.63436098e-02 1.76135827e-01 9.82752088e-01 2.52248661e-01
9.86395129e-01 -1.62670546e-01 -2.37317617e-02 -7.41664088e-02 1.55673608e-01 9.70683626e-01 -1.83134789e-01 1.68559922e-02 5.28267449e-02 1.76948747e-01 9.82801363e-01 2.56383602e-01
9.86916671e-01 -1.59803933e-01 -2.14132188e-02 -7.86727004e-02 1.53202459e-01 9.70847832e-01 -1.84344454e-01 1.40052479e-02 5.02480213e-02 1.78651944e-01 9.82628469e-01 2.63893324e-01
9.87004050e-01 -1.59269523e-01 -2.13675213e-02 -8.00940486e-02 1.52619884e-01 9.70697093e-01 -1.85617230e-01 1.41302993e-02 5.03046334e-02 1.79943741e-01 9.82389828e-01 2.65700474e-01
9.87312319e-01 -1.57254365e-01 -2.20413016e-02 -8.21638682e-02 1.50425301e-01 9.70699978e-01 -1.87385299e-01 1.31488572e-02 5.08627193e-02 1.81692128e-01 9.82039278e-01 2.72586508e-01
9.87633155e-01 -1.55124028e-01 -2.27503765e-02 -8.36948616e-02 1.48050827e-01 9.70503890e-01 -1.90269911e-01 1.32101278e-02 5.15948332e-02 1.84548551e-01 9.81468300e-01 2.78833517e-01
9.87666091e-01 -1.54490006e-01 -2.54724106e-02 -8.23122119e-02 1.46794161e-01 9.70227451e-01 -1.92638746e-01 1.40650289e-02 5.44748617e-02 1.86523444e-01 9.80939225e-01 2.87154177e-01
9.87738061e-01 -1.53995001e-01 -2.56780501e-02 -8.32672203e-02 1.46184269e-01 9.70014871e-01 -1.94166861e-01 1.45762918e-02 5.48088857e-02 1.88032152e-01 9.80632547e-01 2.97964171e-01
9.88017520e-01 -1.52702944e-01 -2.24384689e-02 -8.75385603e-02 1.45514971e-01 9.70072094e-01 -1.94383647e-01 1.35242068e-02 5.14499571e-02 1.88789204e-01 9.80669050e-01 3.04604515e-01
9.88278780e-01 -1.51203036e-01 -2.10471056e-02 -9.02717966e-02 1.44283347e-01 9.70168485e-01 -1.94820118e-01 1.16648748e-02 4.98767037e-02 1.89499738e-01 9.80613232e-01 3.12750865e-01
9.88384152e-01 -1.50672894e-01 -1.98698345e-02 -9.23854121e-02 1.43959289e-01 9.70106868e-01 -1.95365929e-01 1.03914065e-02 4.87122870e-02 1.90236034e-01 9.80529189e-01 3.19158416e-01
9.88558567e-01 -1.49654781e-01 -1.88613155e-02 -9.49123327e-02 1.43149159e-01 9.70214211e-01 -1.95428044e-01 8.76455618e-03 4.75463336e-02 1.90491983e-01 9.80536695e-01 3.24745420e-01
9.88885177e-01 -1.47741497e-01 -1.67006505e-02 -9.86480051e-02 1.41633734e-01 9.70216821e-01 -1.96516238e-01 7.02675142e-03 4.52369298e-02 1.91966509e-01 9.80358410e-01 3.31403363e-01
9.88960842e-01 -1.47020654e-01 -1.84882645e-02 -9.87899347e-02 1.40537571e-01 9.70182513e-01 -1.97470342e-01 5.94973590e-03 4.69692855e-02 1.92692022e-01 9.80134593e-01 3.37954986e-01
9.89147820e-01 -1.45615065e-01 -1.95779825e-02 -9.96914053e-02 1.38901622e-01 9.70222061e-01 -1.98431255e-01 4.98592255e-03 4.78896442e-02 1.93558302e-01 9.79919395e-01 3.43906704e-01
9.89498216e-01 -1.42669878e-01 -2.32185749e-02 -9.80352216e-02 1.34312629e-01 9.66865487e-01 -2.17096018e-01 7.15446103e-03 5.34223787e-02 2.11697438e-01 9.75874233e-01 3.48609024e-01
9.89249970e-01 -1.45131767e-01 -1.79377044e-02 -1.02932618e-01 1.37803454e-01 9.66216307e-01 -2.17797541e-01 4.39617577e-03 4.89411184e-02 2.12984209e-01 9.75829269e-01 3.55777125e-01
9.89285782e-01 -1.44991058e-01 -1.70805320e-02 -1.05089674e-01 1.37863530e-01 9.66275045e-01 -2.17498619e-01 3.95816109e-03 4.80399222e-02 2.12813377e-01 9.75911318e-01 3.57705824e-01
9.89133870e-01 -1.46540301e-01 -1.18626205e-02 -1.10586150e-01 1.40548762e-01 9.66188620e-01 -2.16159823e-01 1.79901096e-03 4.31377294e-02 2.12143580e-01 9.76286102e-01 3.67251038e-01
9.87412569e-01 -1.57845388e-01 -1.00964210e-02 -1.14052730e-01 1.52020962e-01 9.64724196e-01 -2.14933384e-01 2.12233629e-03 4.36665781e-02 2.10692898e-01 9.76576728e-01 3.75714907e-01
9.86946639e-01 -1.60776224e-01 -9.37886418e-03 -1.16098216e-01 1.54982104e-01 9.63985382e-01 -2.16130144e-01 2.30995896e-03 4.37897473e-02 2.11855209e-01 9.76319730e-01 3.84207739e-01
9.86567406e-01 -1.63107651e-01 -9.02021088e-03 -1.18160982e-01 1.57312728e-01 9.63495409e-01 -2.16630783e-01 2.30099708e-03 4.40251387e-02 2.12301712e-01 9.76212191e-01 3.92389517e-01
9.85857214e-01 -1.67355003e-01 -8.86335532e-03 -1.19899437e-01 1.61508390e-01 9.62871334e-01 -2.16318014e-01 2.26382544e-03 4.47362391e-02 2.11827014e-01 9.76282977e-01 4.01046351e-01
9.85266770e-01 -1.70865090e-01 -7.42512888e-03 -1.21873472e-01 1.65160388e-01 9.61848414e-01 -2.18103811e-01 3.68789302e-03 4.44082417e-02 2.13663953e-01 9.75897560e-01 4.07946650e-01
9.84680074e-01 -1.73778610e-01 -1.43768650e-02 -1.17173989e-01 1.66442129e-01 9.61279022e-01 -2.19634283e-01 5.15036418e-03 5.19879858e-02 2.13876449e-01 9.75476538e-01 4.09884046e-01
9.83824157e-01 -1.77579454e-01 -2.35829760e-02 -1.11299593e-01 1.68122862e-01 9.60741700e-01 -2.20702670e-01 6.50422459e-03 6.18494765e-02 2.13167642e-01 9.75056184e-01 4.12226259e-01
9.83158788e-01 -1.79709867e-01 -3.32216761e-02 -1.05173979e-01 1.68136438e-01 9.60685067e-01 -2.20938489e-01 6.74846269e-03 7.16204685e-02 2.11631709e-01 9.74721910e-01 4.15295648e-01
9.82117986e-01 -1.82402839e-01 -4.66256031e-02 -9.65871529e-02 1.67966472e-01 9.60784843e-01 -2.20633546e-01 7.02265221e-03 8.50414388e-02 2.08856509e-01 9.74241800e-01 4.17914827e-01
9.81292420e-01 -1.86083923e-01 -4.93799064e-02 -9.70200047e-02 1.70954672e-01 9.60164581e-01 -2.21038144e-01 7.19889448e-03 8.85445633e-02 2.08461212e-01 9.74014325e-01 4.26236285e-01
9.81002744e-01 -1.88120815e-01 -4.73774462e-02 -1.00181707e-01 1.73268637e-01 9.59495873e-01 -2.22137520e-01 7.04598397e-03 8.72472354e-02 2.09708375e-01 9.73863669e-01 4.32118381e-01
9.80490390e-01 -1.89553027e-01 -5.20451575e-02 -9.82308686e-02 1.73733463e-01 9.59521777e-01 -2.21662069e-01 6.63955369e-03 9.19552625e-02 2.08295437e-01 9.73733679e-01 4.35820029e-01
9.81314698e-01 -1.81533758e-01 -6.37761163e-02 -9.11797679e-02 1.61443358e-01 9.57159735e-01 -2.40376011e-01 5.99326035e-03 1.04680382e-01 2.25588170e-01 9.68582497e-01 4.35547695e-01
9.82701887e-01 -1.78784578e-01 -4.83064337e-02 -1.02681365e-01 1.61991454e-01 9.56233989e-01 -2.43669040e-01 6.65520055e-03 8.97566089e-02 2.31628668e-01 9.68654748e-01 4.36371315e-01
9.83283692e-01 -1.78256795e-01 -3.71243901e-02 -1.09794784e-01 1.63804768e-01 9.55033792e-01 -2.47139348e-01 6.31258197e-03 7.95093956e-02 2.36926806e-01 9.68268638e-01 4.42402736e-01
9.83841096e-01 -1.78042247e-01 -1.89259910e-02 -1.20658453e-01 1.67765322e-01 9.53618770e-01 -2.49931000e-01 5.84887326e-03 6.25465339e-02 2.42717137e-01 9.68078797e-01 4.50258601e-01
9.84034486e-01 -1.76356367e-01 -2.39817525e-02 -1.09411000e-01 1.64648097e-01 9.53190651e-01 -2.53610097e-01 1.00865503e-02 6.75850169e-02 2.45612414e-01 9.67009297e-01 4.48479714e-01
9.84031368e-01 -1.76759671e-01 -2.09484059e-02 -1.06565844e-01 1.65539928e-01 9.52057945e-01 -2.57258015e-01 1.31478534e-02 6.54170193e-02 2.49682049e-01 9.66115730e-01 4.48044896e-01
9.82138554e-01 -1.86759338e-01 -2.29211429e-02 -9.49676091e-02 1.74479530e-01 9.49545385e-01 -2.60614473e-01 1.88322593e-02 7.04369363e-02 2.51960144e-01 9.65170849e-01 4.52029911e-01
9.80766854e-01 -1.93576635e-01 -2.49991253e-02 -8.13695971e-02 1.80639628e-01 9.48721608e-01 -2.59414919e-01 2.23587479e-02 7.39339573e-02 2.49909624e-01 9.65442387e-01 4.56481460e-01
9.65757260e-01 -2.58466543e-01 -2.25500428e-02 -6.59000765e-02 2.45779505e-01 9.39253234e-01 -2.39573078e-01 3.89014095e-02 8.31018996e-02 2.25826982e-01 9.70616485e-01 4.55812649e-01
9.62025276e-01 -2.72061920e-01 -2.21425175e-02 -4.52611078e-02 2.59658437e-01 9.37138739e-01 -2.33126366e-01 4.60990295e-02 8.41754942e-02 2.18523829e-01 9.72194395e-01 4.57718384e-01
9.49142027e-01 -3.14178171e-01 -2.05442357e-02 -2.14847128e-02 3.01749205e-01 9.26337850e-01 -2.25488407e-01 5.77189239e-02 8.98745067e-02 2.07821182e-01 9.74029283e-01 4.61649591e-01
