1.00000000e+00 0.00000000e+00 0.00000000e+00 0.00000000e+00 0.00000000e+00 1.00000000e+00 0.00000000e+00 0.00000000e+00 0.00000000e+00 0.00000000e+00 1.00000000e+00 0.00000000e+00
9.99989960e-01 -9.10627835e-04 4.38459863e-03 -2.53850966e-03 9.29510385e-04 9.99990306e-01 -4.30645458e-03 2.26243755e-03 -4.38063455e-03 4.31048711e-03 9.99981124e-01 -8.75204698e-05
9.99959865e-01 -1.80233794e-03 8.77299205e-03 -5.07943782e-03 1.87786743e-03 9.99961203e-01 -8.60871059e-03 4.52287051e-03 -8.75713578e-03 8.62484020e-03 9.99924478e-01 -1.54166796e-04
9.99910659e-01 -2.68872067e-03 1.30913540e-02 -7.57382997e-03 2.85732331e-03 9.99913029e-01 -1.28773044e-02 6.77412692e-03 -1.30555913e-02 1.29135604e-02 9.99831439e-01 -2.24923236e-04
9.99842029e-01 -3.55164895e-03 1.74137409e-02 -1.00743780e-02 3.84977711e-03 9.99846110e-01 -1.71167507e-02 9.00054719e-03 -1.73502678e-02 1.71810864e-02 9.99701924e-01 -2.82668045e-04
9.99754561e-01 -4.35412935e-03 2.17207405e-02 -1.25683429e-02 4.81785676e-03 9.99760638e-01 -2.13430707e-02 1.12316735e-02 -2.16226112e-02 2.14424816e-02 9.99536273e-01 -3.15821052e-04
9.99645899e-01 -5.13911802e-03 2.61081313e-02 -1.51174460e-02 5.80652368e-03 9.99656673e-01 -2.55519582e-02 1.34579778e-02 -2.59678544e-02 2.56945103e-02 9.99332522e-01 -3.55149917e-04
9.99520836e-01 -5.92657857e-03 3.03792299e-02 -1.75858347e-02 6.82925967e-03 9.99535670e-01 -2.96966338e-02 1.56435043e-02 -3.01891261e-02 2.98898758e-02 9.99097177e-01 -4.05721304e-04
9.99375597e-01 -6.66274423e-03 3.46992863e-02 -2.01033346e-02 7.84141593e-03 9.99393080e-01 -3.39436222e-02 1.78843602e-02 -3.44520691e-02 3.41945221e-02 9.98821208e-01 -4.13061712e-04
9.99216729e-01 -7.36009674e-03 3.88815784e-02 -2.25370667e-02 8.84304006e-03 9.99234631e-01 -3.81067368e-02 2.00846681e-02 -3.85713501e-02 3.84207222e-02 9.98516964e-01 -4.19490225e-04
9.99037162e-01 -8.03937151e-03 4.31287938e-02 -2.50176687e-02 9.86721161e-03 9.99054733e-01 -4.23368906e-02 2.23259277e-02 -4.27476637e-02 4.27216911e-02 9.98172066e-01 -3.78513459e-04
9.98846822e-01 -8.70354557e-03 4.72148389e-02 -2.73791787e-02 1.08972561e-02 9.98863293e-01 -4.64056968e-02 2.44777671e-02 -4.67572755e-02 4.68666983e-02 9.97806215e-01 -3.87560019e-04
9.98633077e-01 -9.37487364e-03 5.14208534e-02 -2.98245480e-02 1.19807650e-02 9.98646937e-01 -5.06059212e-02 2.66954021e-02 -5.08768516e-02 5.11528115e-02 9.97394070e-01 -3.39196789e-04
9.98399384e-01 -9.99633260e-03 5.56666976e-02 -3.23051083e-02 1.30530687e-02 9.98410932e-01 -5.48214227e-02 2.89281954e-02 -5.50302259e-02 5.54602974e-02 9.96943240e-01 -2.66741413e-04
9.98148268e-01 -1.05773791e-02 5.99018708e-02 -3.47762361e-02 1.41182843e-02 9.98158202e-01 -5.90005374e-02 3.11585499e-02 -5.91674724e-02 5.97369961e-02 9.96459083e-01 -1.79110399e-04
9.97873583e-01 -1.11917237e-02 6.42120347e-02 -3.72742001e-02 1.52567251e-02 9.97886353e-01 -6.31690647e-02 3.33684124e-02 -6.33693396e-02 6.40144066e-02 9.95934986e-01 -7.26613168e-05
9.97584481e-01 -1.17665341e-02 6.84601060e-02 -3.97559210e-02 1.63905949e-02 9.97592909e-01 -6.73792759e-02 3.55907243e-02 -6.75024934e-02 6.83386255e-02 9.95375897e-01 5.87202237e-05
9.97279866e-01 -1.22964459e-02 7.26752910e-02 -4.22235475e-02 1.75129397e-02 9.97281037e-01 -7.15826532e-02 3.78227190e-02 -7.15974747e-02 7.26607012e-02 9.94783459e-01 2.28947598e-04
9.96952115e-01 -1.27916360e-02 7.69605428e-02 -4.47260852e-02 1.86367626e-02 9.96955288e-01 -7.57176525e-02 4.00312245e-02 -7.57576611e-02 7.69211740e-02 9.94154838e-01 3.92282059e-04
9.96602190e-01 -1.33117816e-02 8.12831509e-02 -4.72345078e-02 1.98232859e-02 9.96611107e-01 -7.98352607e-02 4.22150866e-02 -7.99449334e-02 8.11752964e-02 9.93488474e-01 5.47676122e-04
9.96241193e-01 -1.37862374e-02 8.55188322e-02 -4.97161574e-02 2.09955112e-02 9.96246207e-01 -8.39827814e-02 4.44051992e-02 -8.40399904e-02 8.54626232e-02 9.92790714e-01 7.34357478e-04
9.95865043e-01 -1.42109480e-02 8.97263093e-02 -5.21805880e-02 2.21501713e-02 9.95864027e-01 -8.81170086e-02 4.66001523e-02 -8.81029600e-02 8.97401114e-02 9.92060745e-01 9.44101546e-04
9.95469030e-01 -1.45995585e-02 9.39583440e-02 -5.46594919e-02 2.33014194e-02 9.95468515e-01 -9.21945225e-02 4.87798890e-02 -9.21865592e-02 9.39661663e-02 9.91298072e-01 1.16070722e-03
9.95049196e-01 -1.50116324e-02 9.82430623e-02 -5.71479475e-02 2.45115375e-02 9.95058644e-01 -9.62178333e-02 5.09182368e-02 -9.63132072e-02 9.81495775e-02 9.90500016e-01 1.36236391e-03
9.94620525e-01 -1.53910595e-02 1.02435771e-01 -5.96069458e-02 2.57196048e-02 9.94626404e-01 -1.00286235e-01 5.30726513e-02 -1.00341790e-01 1.02381371e-01 9.89671374e-01 1.59376722e-03
9.94174224e-01 -1.57190535e-02 1.06632599e-01 -6.20687661e-02 2.69035177e-02 9.94184816e-01 -1.04275297e-01 5.52038777e-02 -1.04373373e-01 1.06536617e-01 9.88815488e-01 1.81122818e-03
9.93709634e-01 -1.60230226e-02 1.10835005e-01 -6.45311935e-02 2.81018621e-02 9.93722039e-01 -1.08293108e-01 5.73466226e-02 -1.08403974e-01 1.10726590e-01 9.87921096e-01 2.04157304e-03
9.93236363e-01 -1.62940632e-02 1.14961042e-01 -6.69605710e-02 2.92929287e-02 9.93242087e-01 -1.12306384e-01 5.94837975e-02 -1.12354186e-01 1.14914344e-01 9.87001074e-01 2.32177258e-03
9.92730850e-01 -1.65585547e-02 1.19211307e-01 -6.94561385e-02 3.05156389e-02 9.92754447e-01 -1.16224231e-01 6.15699633e-02 -1.16423017e-01 1.19017200e-01 9.86042837e-01 2.58760032e-03
9.92202489e-01 -1.68082709e-02 1.23497888e-01 -7.19690772e-02 3.17712232e-02 9.92240376e-01 -1.20209747e-01 6.36866824e-02 -1.20519030e-01 1.23196104e-01 9.85036948e-01 2.90699504e-03
9.91659419e-01 -1.70107800e-02 1.27758946e-01 -7.44821692e-02 3.30170691e-02 9.91703876e-01 -1.24234269e-01 6.58163279e-02 -1.24585669e-01 1.27416318e-01 9.83993639e-01 3.27464387e-03
9.91106131e-01 -1.71921391e-02 1.31959054e-01 -7.69582191e-02 3.42637331e-02 9.91155005e-01 -1.28213484e-01 6.79271825e-02 -1.28587557e-01 1.31594594e-01 9.82928306e-01 3.64084135e-03
9.90532930e-01 -1.73534856e-02 1.36174455e-01 -7.94380752e-02 3.55214918e-02 9.90593990e-01 -1.32146351e-01 7.00091723e-02 -1.32600341e-01 1.35732440e-01 9.81831868e-01 4.04176041e-03
9.89934552e-01 -1.74885334e-02 1.40441264e-01 -8.19494911e-02 3.68025873e-02 9.90007515e-01 -1.36130831e-01 7.21127411e-02 -1.36657111e-01 1.39929229e-01 9.80685788e-01 4.49360644e-03
9.89317601e-01 -1.75955725e-02 1.44710373e-01 -8.44676051e-02 3.80960577e-02 9.89398629e-01 -1.40142532e-01 7.42337574e-02 -1.40710287e-01 1.44158376e-01 9.79499353e-01 4.97415028e-03
9.88691700e-01 -1.76690314e-02 1.48917653e-01 -8.69571549e-02 3.93838291e-02 9.88770919e-01 -1.44159242e-01 7.63530200e-02 -1.44698215e-01 1.48394008e-01 9.78285043e-01 5.48949712e-03
9.88035020e-01 -1.77267919e-02 1.53207489e-01 -8.94895373e-02 4.06976774e-02 9.88130863e-01 -1.48128232e-01 7.84436156e-02 -1.48763135e-01 1.52591075e-01 9.77028916e-01 6.03682245e-03
9.87356241e-01 -1.77668445e-02 1.57517983e-01 -9.20360603e-02 4.20429751e-02 9.87462282e-01 -1.52156088e-01 8.05562866e-02 -1.52839658e-01 1.56854796e-01 9.75723624e-01 6.64767270e-03
9.86660472e-01 -1.77692130e-02 1.61818782e-01 -9.45844705e-02 4.33921989e-02 9.86769149e-01 -1.56219626e-01 8.26898220e-02 -1.56901809e-01 1.61157403e-01 9.74376777e-01 7.28854114e-03
9.85956869e-01 -1.77471671e-02 1.66054269e-01 -9.71011677e-02 4.47415810e-02 9.86059094e-01 -1.60270067e-01 8.48162591e-02 -1.60894903e-01 1.65448905e-01 9.73005392e-01 7.95513453e-03
9.85226598e-01 -1.76986561e-02 1.70338654e-01 -9.96435677e-02 4.61087084e-02 9.85330786e-01 -1.64310978e-01 8.69189637e-02 -1.64931751e-01 1.69737640e-01 9.71589770e-01 8.67074685e-03
9.84481377e-01 -1.76341978e-02 1.74600520e-01 -1.02181450e-01 4.74904130e-02 9.84585937e-01 -1.68333177e-01 8.90444981e-02 -1.68940711e-01 1.74012737e-01 9.70143579e-01 9.38752390e-03
9.83701194e-01 -1.75801325e-02 1.78948979e-01 -1.04748991e-01 4.89371692e-02 9.83817835e-01 -1.72361554e-01 9.11559219e-02 -1.73022962e-01 1.78309533e-01 9.68642743e-01 1.01303503e-02
9.82918738e-01 -1.75077984e-02 1.83204996e-01 -1.07284039e-01 5.03906061e-02 9.83026544e-01 -1.76410382e-01 9.32690015e-02 -1.77006705e-01 1.82628901e-01 9.67117012e-01 1.08885586e-02
9.82125734e-01 -1.73899258e-02 1.87420572e-01 -1.09796356e-01 5.18288030e-02 9.82216522e-01 -1.80459123e-01 9.53981586e-02 -1.80949299e-01 1.86947349e-01 9.65561006e-01 1.16658212e-02
9.81311636e-01 -1.72703464e-02 1.91648133e-01 -1.12318883e-01 5.32954347e-02 9.81395455e-01 -1.84454790e-01 9.75254840e-02 -1.84896890e-01 1.91221621e-01 9.63974819e-01 1.24348103e-02
9.80472269e-01 -1.71565823e-02 1.95907296e-01 -1.14837610e-01 5.48150807e-02 9.80549363e-01 -1.88465746e-01 9.96424159e-02 -1.88863222e-01 1.95524120e-01 9.62341458e-01 1.32331617e-02
9.79628812e-01 -1.70237491e-02 2.00093851e-01 -1.17334281e-01 5.63473546e-02 9.79674829e-01 -1.92518556e-01 1.01774944e-01 -1.92749382e-01 1.99871483e-01 9.60676457e-01 1.40510042e-02
9.78775010e-01 -1.68809176e-02 2.04241250e-01 -1.19809119e-01 5.78959831e-02 9.78782848e-01 -1.96553907e-01 1.03920512e-01 -1.96589674e-01 2.04206801e-01 9.58985029e-01 1.48659750e-02
9.77902673e-01 -1.67408765e-02 2.08389120e-01 -1.22284378e-01 5.94688126e-02 9.77885756e-01 -2.00509874e-01 1.06051124e-01 -2.00423881e-01 2.08471808e-01 9.57272142e-01 1.56639205e-02
9.76995284e-01 -1.66083021e-02 2.12612855e-01 -1.24781322e-01 6.11084456e-02 9.76960190e-01 -2.04489276e-01 1.08179785e-01 -2.04317902e-01 2.12777519e-01 9.55499931e-01 1.65021760e-02
9.76087481e-01 -1.64707037e-02 2.16752781e-01 -1.27254062e-01 6.27706126e-02 9.76005477e-01 -2.08505510e-01 1.10319476e-01 -2.08117487e-01 2.17125353e-01 9.53700091e-01 1.73485730e-02
9.75165064e-01 -1.62781791e-02 2.20879906e-01 -1.29720275e-01 6.44085994e-02 9.75036496e-01 -2.12501155e-01 1.12464307e-01 -2.11906653e-01 2.21450294e-01 9.51869485e-01 1.82219522e-02
9.74216869e-01 -1.60712354e-02 2.25040097e-01 -1.32205672e-01 6.60662363e-02 9.74057820e-01 -2.16443946e-01 1.14597979e-01 -2.15723359e-01 2.25730913e-01 9.50004838e-01 1.91108079e-02
9.73230132e-01 -1.58886754e-02 2.29282614e-01 -1.34719197e-01 6.78094003e-02 9.73050588e-01 -2.20399183e-01 1.16715730e-01 -2.19601549e-01 2.30046659e-01 9.48079039e-01 2.00441496e-02
9.72245838e-01 -1.56791668e-02 2.33435434e-01 -1.37205165e-01 6.95485161e-02 9.72017902e-01 -2.24378363e-01 1.18842880e-01 -2.23385158e-01 2.34386027e-01 9.46130281e-01 2.09851914e-02
9.71229306e-01 -1.54745278e-02 2.37642701e-01 -1.39711271e-01 7.13365085e-02 9.70969624e-01 -2.28321121e-01 1.20958893e-01 -2.27210484e-01 2.38704777e-01 9.44137516e-01 2.19337420e-02
9.70208509e-01 -1.52529704e-02 2.41790507e-01 -1.42194929e-01 7.31201001e-02 9.69912583e-01 -2.32216443e-01 1.23058942e-01 -2.30973466e-01 2.42978133e-01 9.42132195e-01 2.28622459e-02
9.69186296e-01 -1.50071280e-02 2.45871118e-01 -1.44648763e-01 7.48971173e-02 9.68839218e-01 -2.36098504e-01 1.25149955e-01 -2.34666210e-01 2.47238484e-01 9.40109119e-01 2.38071202e-02
9.68266965e-01 -1.50764765e-02 2.49462790e-01 -1.46179252e-01 7.69136983e-02 9.67709740e-01 -2.40049340e-01 1.26573908e-01 -2.37788256e-01 2.51618964e-01 9.38160379e-01 2.69516422e-02
9.67550018e-01 -1.51523423e-02 2.52224654e-01 -1.46656998e-01 7.88422850e-02 9.66468827e-01 -2.44383836e-01 1.27748872e-01 -2.40064052e-01 2.56339557e-01 9.36301010e-01 3.14763228e-02
9.66923715e-01 -1.51068762e-02 2.54617649e-01 -1.46728219e-01 8.06055668e-02 9.65185957e-01 -2.48837944e-01 1.28837351e-01 -2.41993990e-01 2.61130919e-01 9.34478362e-01 3.62827422e-02
9.66147918e-01 -1.48878131e-02 2.57558444e-01 -1.47227895e-01 8.23075060e-02 9.63951500e-01 -2.53030484e-01 1.29797444e-01 -2.44506561e-01 2.65663878e-01 9.32544615e-01 4.09856067e-02
9.65292125e-01 -1.47013432e-02 2.60758154e-01 -1.47910872e-01 8.41647318e-02 9.62662088e-01 -2.57292699e-01 1.30850802e-01 -2.47239212e-01 2.70309267e-01 9.30486924e-01 4.56467640e-02
9.64383066e-01 -1.41863628e-02 2.64128412e-01 -1.48783001e-01 8.57282389e-02 9.61424364e-01 -2.61372071e-01 1.31884347e-01 -2.50231343e-01 2.74706084e-01 9.28397019e-01 5.00875434e-02
9.63350286e-01 -1.37373414e-02 2.67894306e-01 -1.49793850e-01 8.75274530e-02 9.60126069e-01 -2.65515372e-01 1.32999175e-01 -2.53564603e-01 2.79232422e-01 9.26139550e-01 5.45691757e-02
9.62290776e-01 -1.31789827e-02 2.71703083e-01 -1.51089986e-01 8.91543913e-02 9.58936998e-01 -2.69244913e-01 1.34023767e-01 -2.56997540e-01 2.83315436e-01 9.23950639e-01 5.84872752e-02
9.61178042e-01 -1.26262355e-02 2.75639689e-01 -1.52395118e-01 9.08724751e-02 9.57710461e-01 -2.73009984e-01 1.35121237e-01 -2.60535688e-01 2.87459264e-01 9.21677042e-01 6.23547263e-02
9.60086282e-01 -1.21931278e-02 2.79437796e-01 -1.53846995e-01 9.26828492e-02 9.56476444e-01 -2.76702468e-01 1.36316306e-01 -2.63901569e-01 2.91557352e-01 9.19429405e-01 6.57065243e-02
9.59032955e-01 -1.18826262e-02 2.83044857e-01 -1.55330503e-01 9.45921577e-02 9.55211024e-01 -2.80402989e-01 1.37604565e-01 -2.67035391e-01 2.95689552e-01 9.17202262e-01 6.86971782e-02
9.58053323e-01 -1.16291747e-02 2.86353577e-01 -1.56760459e-01 9.64948992e-02 9.53926501e-01 -2.84103047e-01 1.38965877e-01 -2.69856132e-01 2.99817545e-01 9.15034038e-01 7.14238651e-02
9.56974881e-01 -1.14479695e-02 2.89944547e-01 -1.58338273e-01 9.85827185e-02 9.52614644e-01 -2.87764400e-01 1.40274343e-01 -2.72910862e-01 3.03966832e-01 9.12756264e-01 7.42075237e-02
9.55749869e-01 -1.13267290e-02 2.93962021e-01 -1.59729316e-01 1.00976767e-01 9.51180327e-01 -2.91652700e-01 1.41306623e-01 -2.76307154e-01 3.08430378e-01 9.10233635e-01 7.81215813e-02
9.54519790e-01 -1.10931964e-02 2.97940808e-01 -1.61344326e-01 1.03197791e-01 9.49830479e-01 -2.95252335e-01 1.42467459e-01 -2.79717702e-01 3.12571046e-01 9.07776158e-01 8.12259379e-02
9.53251170e-01 -1.09040298e-02 3.01981949e-01 -1.63027636e-01 1.05538989e-01 9.48430189e-01 -2.98903634e-01 1.43630076e-01 -2.83149261e-01 3.16801123e-01 9.05242388e-01 8.43826202e-02
9.51985818e-01 -1.07610809e-02 3.05952550e-01 -1.64791797e-01 1.07903911e-01 9.47042459e-01 -3.02438548e-01 1.44811097e-01 -2.86495191e-01 3.20930713e-01 9.02731537e-01 8.72334474e-02
9.50731425e-01 -1.05088861e-02 3.09837032e-01 -1.66476633e-01 1.10177963e-01 9.45633431e-01 -3.06006546e-01 1.46009491e-01 -2.89776148e-01 3.25067301e-01 9.00200680e-01 9.01188328e-02
9.49472383e-01 -1.02000427e-02 3.13684172e-01 -1.68081414e-01 1.12388585e-01 9.44242243e-01 -3.09478817e-01 1.47111478e-01 -2.93036834e-01 3.29096175e-01 8.97677714e-01 9.30964685e-02
9.48347613e-01 -9.74246903e-03 3.17082783e-01 -1.69384695e-01 1.14203979e-01 9.42997665e-01 -3.12593480e-01 1.48125206e-01 -2.95962555e-01 3.32659468e-01 8.95401605e-01 9.56863725e-02
9.47296813e-01 -9.34135926e-03 3.20220386e-01 -1.70495246e-01 1.15963086e-01 9.41788761e-01 -3.15576239e-01 1.49088404e-01 -2.98631697e-01 3.36078178e-01 8.93236142e-01 9.81164960e-02
9.46274193e-01 -8.92483500e-03 3.23241680e-01 -1.71770125e-01 1.17667153e-01 9.40594149e-01 -3.18494832e-01 1.50085381e-01 -3.01196376e-01 3.39418418e-01 8.91109493e-01 1.00332615e-01
9.45345761e-01 -8.58027273e-03 3.25956160e-01 -1.72837817e-01 1.19348171e-01 9.39390432e-01 -3.21408610e-01 1.51122331e-01 -3.03441990e-01 3.42744609e-01 8.89072133e-01 1.02389332e-01
9.44493905e-01 -8.11303840e-03 3.28428197e-01 -1.73840186e-01 1.20826105e-01 9.38208501e-01 -3.24295688e-01 1.52146743e-01 -3.05502779e-01 3.45978073e-01 8.87111801e-01 1.04369060e-01
9.43665909e-01 -7.54199600e-03 3.30813214e-01 -1.74669382e-01 1.22194467e-01 9.37020362e-01 -3.27205204e-01 1.53074316e-01 -3.07510593e-01 3.49196024e-01 8.85155079e-01 1.06604162e-01
9.42810080e-01 -6.91856325e-03 3.33258018e-01 -1.75515071e-01 1.23568367e-01 9.35804358e-01 -3.30155992e-01 1.53968116e-01 -3.09579757e-01 3.52454635e-01 8.83139982e-01 1.09036219e-01
9.41953981e-01 -6.21889027e-03 3.35683913e-01 -1.76382793e-01 1.24877565e-01 9.34585873e-01 -3.33101705e-01 1.54874191e-01 -3.11653577e-01 3.55685934e-01 8.81112776e-01 1.11421109e-01
9.41111483e-01 -5.43600686e-03 3.38052224e-01 -1.77386551e-01 1.26134212e-01 9.33328506e-01 -3.36139845e-01 1.55842784e-01 -3.13686174e-01 3.58985089e-01 8.79051104e-01 1.13767694e-01
9.40301172e-01 -4.70382744e-03 3.40310659e-01 -1.77846281e-01 1.27464521e-01 9.31999386e-01 -3.39310889e-01 1.56276788e-01 -3.15572930e-01 3.62432010e-01 8.76958916e-01 1.17489406e-01
9.39543965e-01 -4.09907927e-03 3.42403500e-01 -1.78564105e-01 1.28816343e-01 9.30710101e-01 -3.42325914e-01 1.57131128e-01 -3.17274845e-01 3.65737457e-01 8.74970261e-01 1.19976266e-01
9.38806276e-01 -3.33868422e-03 3.44429090e-01 -1.79344097e-01 1.30001365e-01 9.29433237e-01 -3.45333914e-01 1.57951330e-01 -3.18970540e-01 3.68977960e-01 8.72990960e-01 1.22516021e-01
9.38088715e-01 -2.58053654e-03 3.46385193e-01 -1.80205882e-01 1.31141598e-01 9.28185688e-01 -3.48246040e-01 1.58742649e-01 -3.20610753e-01 3.72111250e-01 8.71058076e-01 1.24870966e-01
9.37337453e-01 -1.74574002e-03 3.48418175e-01 -1.80925797e-01 1.32218190e-01 9.26973017e-01 -3.51057566e-01 1.59420592e-01 -3.22361043e-01 3.75126691e-01 8.69116488e-01 1.27357036e-01
9.36590094e-01 -8.07936931e-04 3.50425518e-01 -1.81751148e-01 1.33161272e-01 9.25806584e-01 -3.53768683e-01 1.60030804e-01 -3.24140065e-01 3.77999430e-01 8.67208040e-01 1.29760508e-01
9.35997231e-01 1.75142164e-04 3.52006881e-01 -1.82219364e-01 1.33912280e-01 9.24635515e-01 -3.56537095e-01 1.60593267e-01 -3.25540137e-01 3.80855849e-01 8.65432031e-01 1.32296172e-01
9.35581072e-01 1.16623698e-03 3.53109580e-01 -1.82429154e-01 1.34542063e-01 9.23386008e-01 -3.59525621e-01 1.61386257e-01 -3.26475378e-01 3.83873513e-01 8.63744810e-01 1.34644762e-01
9.35196155e-01 2.27247645e-03 3.54122368e-01 -1.82677106e-01 1.35061889e-01 9.22106954e-01 -3.62600284e-01 1.62209393e-01 -3.27362347e-01 3.86930878e-01 8.62043217e-01 1.37036483e-01
9.34862480e-01 3.37061676e-03 3.54993512e-01 -1.82917111e-01 1.35434658e-01 9.20943739e-01 -3.65406606e-01 1.62845350e-01 -3.28160346e-01 3.89683419e-01 8.60498514e-01 1.39329644e-01
9.34532526e-01 4.36083943e-03 3.55850415e-01 -1.83363683e-01 1.35878505e-01 9.19798888e-01 -3.68115438e-01 1.63442564e-01 -3.28915739e-01 3.92368350e-01 8.58988709e-01 1.41507933e-01
9.34146951e-01 4.46760581e-03 3.56860083e-01 -1.85164557e-01 1.36564201e-01 9.19346166e-01 -3.68991542e-01 1.64916327e-01 -3.29726104e-01 3.93426707e-01 8.58193559e-01 1.39893190e-01
9.33766653e-01 4.56772744e-03 3.57852823e-01 -1.86958746e-01 1.37248577e-01 9.18895163e-01 -3.69859999e-01 1.66387129e-01 -3.30518302e-01 3.94477775e-01 8.57405985e-01 1.38275231e-01
9.33376512e-01 4.67094380e-03 3.58867868e-01 -1.88767857e-01 1.37943706e-01 9.18439970e-01 -3.70730953e-01 1.67865074e-01 -3.31329926e-01 3.95535178e-01 8.56605192e-01 1.36660503e-01
9.32986275e-01 4.80072247e-03 3.59879536e-01 -1.90571995e-01 1.38618438e-01 9.17981627e-01 -3.71613534e-01 1.69334692e-01 -3.32146467e-01 3.96596313e-01 8.55797985e-01 1.35080016e-01
9.32641141e-01 4.93430780e-03 3.60771314e-01 -1.92342533e-01 1.39227679e-01 9.17541762e-01 -3.72471198e-01 1.70833511e-01 -3.32860278e-01 3.97611351e-01 8.55049362e-01 1.33393844e-01
9.32266176e-01 5.01690498e-03 3.61738008e-01 -1.94153491e-01 1.39924009e-01 9.17086992e-01 -3.73329270e-01 1.72333830e-01 -3.33617823e-01 3.98658123e-01 8.54266351e-01 1.31765017e-01
9.31874105e-01 5.10625451e-03 3.62745625e-01 -1.95976659e-01 1.40624028e-01 9.16641716e-01 -3.74158965e-01 1.73824341e-01 -3.34417950e-01 3.99679836e-01 8.53475755e-01 1.30110490e-01
9.34257304e-01 7.20946295e-03 3.56526428e-01 -1.92309291e-01 1.36849153e-01 9.15995985e-01 -3.77128277e-01 1.76984229e-01 -3.29295296e-01 4.01125221e-01 8.54788495e-01 1.26274531e-01
9.36621902e-01 9.41270699e-03 3.50215193e-01 -1.88602529e-01 1.32872390e-01 9.15411142e-01 -3.79959862e-01 1.80161279e-01 -3.24166975e-01 4.02412679e-01 8.56142543e-01 1.22145037e-01
9.39090598e-01 1.17873606e-02 3.43467233e-01 -1.84696969e-01 1.28556719e-01 9.14806996e-01 -3.82888341e-01 1.83378159e-01 -3.18719101e-01 4.03721896e-01 8.57570412e-01 1.18082072e-01
9.41456680e-01 1.41568516e-02 3.36836236e-01 -1.80920357e-01 1.24275941e-01 9.14186267e-01 -3.85773364e-01 1.86635135e-01 -3.13392034e-01 4.05049614e-01 8.58906526e-01 1.13866815e-01
9.43757654e-01 1.65354668e-02 3.30223873e-01 -1.77086379e-01 1.20008211e-01 9.13508863e-01 -3.88718081e-01 1.89832088e-01 -3.08089713e-01 4.06485321e-01 8.60145663e-01 1.09945096e-01
9.45900845e-01 1.90796451e-02 3.23894000e-01 -1.73305393e-01 1.15806462e-01 9.12663805e-01 -3.91963918e-01 1.93187715e-01 -3.03084528e-01 4.08268066e-01 8.61079036e-01 1.06181860e-01
9.48096403e-01 2.17417313e-02 3.17238415e-01 -1.69311212e-01 1.11336135e-01 9.11811593e-01 -3.95228893e-01 1.96531445e-01 -2.97854303e-01 4.10035234e-01 8.62063825e-01 1.02548590e-01
9.50228996e-01 2.42538406e-02 3.10606366e-01 -1.65248659e-01 1.07035582e-01 9.10868860e-01 -3.98576545e-01 1.99934756e-01 -2.92588376e-01 4.11984965e-01 8.62937142e-01 9.89250897e-02
9.52194811e-01 2.65964783e-02 3.04331046e-01 -1.61430752e-01 1.02987428e-01 9.09940454e-01 -4.01751117e-01 2.03392477e-01 -2.87607988e-01 4.13887642e-01 8.63700627e-01 9.50599319e-02
9.54059774e-01 2.86424131e-02 2.98243679e-01 -1.57735919e-01 9.92380837e-02 9.09025214e-01 -4.04755499e-01 2.06712234e-01 -2.82703890e-01 4.15758118e-01 8.64421092e-01 9.13589993e-02
9.55914487e-01 3.04075325e-02 2.92066115e-01 -1.53871302e-01 9.57819605e-02 9.07937872e-01 -4.08015628e-01 2.10157242e-01 -2.77584324e-01 4.18002777e-01 8.64997547e-01 8.78809381e-02
9.57813933e-01 3.21584015e-02 2.85583719e-01 -1.49764649e-01 9.22829584e-02 9.06679908e-01 -4.11603689e-01 2.13792594e-01 -2.72169210e-01 4.20594316e-01 8.65462047e-01 8.44491365e-02
9.59551137e-01 3.48653773e-02 2.79366868e-01 -1.45138966e-01 8.79872960e-02 9.05459209e-01 -4.15215734e-01 2.17641531e-01 -2.67431630e-01 4.23001501e-01 8.65765748e-01 8.05637609e-02
9.61499094e-01 3.65899915e-02 2.72360927e-01 -1.40614421e-01 8.42393567e-02 9.04140466e-01 -4.18850771e-01 2.21251735e-01 -2.61577971e-01 4.25668189e-01 8.66246952e-01 7.71894052e-02
9.63381125e-01 3.83622008e-02 2.65377057e-01 -1.35983847e-01 8.04843992e-02 9.02704102e-01 -4.22669920e-01 2.24922807e-01 -2.55771185e-01 4.28550972e-01 8.66559557e-01 7.39481071e-02
9.65268038e-01 4.01622138e-02 2.58155840e-01 -1.31122071e-01 7.66151088e-02 9.01158910e-01 -4.26667415e-01 2.28610264e-01 -2.49775021e-01 4.31627098e-01 8.66781867e-01 7.09531537e-02
9.67010418e-01 4.14594241e-02 2.51339965e-01 -1.26340613e-01 7.32968609e-02 8.99656052e-01 -4.30405427e-01 2.32121248e-01 -2.43963575e-01 4.34628990e-01 8.66936969e-01 6.80487716e-02
9.68752407e-01 4.27862651e-02 2.44311131e-01 -1.21425486e-01 6.98646991e-02 8.98052834e-01 -4.34306724e-01 2.35624274e-01 -2.37986354e-01 4.37804412e-01 8.67000671e-01 6.54620633e-02
9.70562476e-01 4.38963847e-02 2.36815294e-01 -1.16267288e-01 6.63320606e-02 8.96509473e-01 -4.38033242e-01 2.39036198e-01 -2.31534937e-01 4.40847062e-01 8.67205744e-01 6.28748925e-02
9.72404945e-01 4.50239328e-02 2.28913561e-01 -1.10912234e-01 6.25253771e-02 8.95013058e-01 -4.41638459e-01 2.42451748e-01 -2.24764639e-01 4.43764293e-01 8.67499003e-01 6.02441496e-02
9.74184946e-01 4.60036609e-02 2.21014484e-01 -1.05465706e-01 5.87784135e-02 8.93563006e-01 -4.45076044e-01 2.45804414e-01 -2.17965203e-01 4.46577207e-01 8.67790570e-01 5.75617268e-02
9.75747487e-01 4.68393241e-02 2.13829319e-01 -1.00450456e-01 5.53995791e-02 8.92198255e-01 -4.48236016e-01 2.49097596e-01 -2.11772945e-01 4.49211143e-01 8.67964314e-01 5.48743913e-02
9.77082117e-01 4.73953669e-02 2.07519241e-01 -9.58926545e-02 5.26066822e-02 8.90890639e-01 -4.51163838e-01 2.52299572e-01 -2.06259749e-01 4.51740954e-01 8.67978987e-01 5.23979687e-02
9.78254560e-01 4.79480412e-02 2.01789464e-01 -9.16631730e-02 5.00160740e-02 8.89664515e-01 -4.53869902e-01 2.55357808e-01 -2.01286818e-01 4.54092968e-01 8.67919184e-01 5.00527965e-02
9.79368578e-01 4.84350657e-02 1.96191797e-01 -8.75609589e-02 4.75083946e-02 8.88457552e-01 -4.56496003e-01 2.58304422e-01 -1.96418218e-01 4.56398545e-01 8.67825325e-01 4.78313231e-02
9.80535718e-01 4.90072996e-02 1.90126231e-01 -8.32389640e-02 4.46404872e-02 8.87342727e-01 -4.58947226e-01 2.61180187e-01 -1.91198623e-01 4.58501412e-01 8.67882523e-01 4.55277126e-02
9.81674275e-01 4.96316329e-02 1.83989817e-01 -7.88131121e-02 4.16397051e-02 8.86294975e-01 -4.61248020e-01 2.64114706e-01 -1.85961484e-01 4.60456541e-01 8.67985358e-01 4.30438994e-02
9.83007494e-01 5.04085398e-02 1.76508534e-01 -7.28147739e-02 3.79582874e-02 8.84955543e-01 -4.64128478e-01 2.67475076e-01 -1.79598002e-01 4.62941660e-01 8.68003488e-01 4.02254008e-02
9.84086694e-01 5.09772813e-02 1.70219646e-01 -6.81642893e-02 3.49383453e-02 8.83751115e-01 -4.66653736e-01 2.70754357e-01 -1.74220296e-01 4.65174835e-01 8.67905643e-01 3.74876096e-02
9.85079103e-01 5.13249917e-02 1.64270823e-01 -6.35855808e-02 3.22678115e-02 8.82489694e-01 -4.69226162e-01 2.73792576e-01 -1.69050091e-01 4.67525466e-01 8.67665009e-01 3.53779970e-02
9.86116057e-01 5.15647895e-02 1.57848849e-01 -5.85745027e-02 2.95036373e-02 8.81038418e-01 -4.72126426e-01 2.76885670e-01 -1.63415758e-01 4.70228474e-01 8.67283734e-01 3.35036059e-02
9.87099920e-01 5.21148894e-02 1.51386354e-01 -5.36113101e-02 2.63632512e-02 8.79728956e-01 -4.74746783e-01 2.79938502e-01 -1.57920091e-01 4.72613458e-01 8.67005428e-01 3.14226478e-02
9.88075731e-01 5.28531396e-02 1.44612978e-01 -4.84993469e-02 2.28660529e-02 8.78449939e-01 -4.77289603e-01 2.83035205e-01 -1.52261285e-01 4.74904922e-01 8.66765483e-01 2.91900791e-02
9.89002597e-01 5.37255417e-02 1.37795317e-01 -4.33912183e-02 1.91442542e-02 8.77347030e-01 -4.79477126e-01 2.85965362e-01 -1.46654249e-01 4.76842006e-01 8.66668867e-01 2.68388349e-02
9.89821803e-01 5.44822841e-02 1.31470840e-01 -3.83840635e-02 1.56937984e-02 8.76395225e-01 -4.81339580e-01 2.88635649e-01 -1.41444663e-01 4.78503588e-01 8.66618981e-01 2.46189273e-02
9.90602938e-01 5.48060712e-02 1.25308467e-01 -3.33870668e-02 1.26977809e-02 8.75391925e-01 -4.83249808e-01 2.91114861e-01 -1.36178823e-01 4.80299717e-01 8.66468812e-01 2.28209913e-02
9.91315868e-01 5.55427629e-02 1.19197126e-01 -2.84904090e-02 9.32617815e-03 8.74447869e-01 -4.85032515e-01 2.93756594e-01 -1.31171509e-01 4.81931969e-01 8.66334973e-01 2.07072686e-02
9.91764279e-01 5.55222319e-02 1.15416541e-01 -2.54932926e-02 7.67888957e-03 8.73753114e-01 -4.86311721e-01 2.95767433e-01 -1.27846469e-01 4.83192743e-01 8.66129734e-01 1.91759119e-02
9.91564410e-01 5.50816812e-02 1.17329243e-01 -2.67394021e-02 9.17799197e-03 8.73102178e-01 -4.87453533e-01 2.97242383e-01 -1.29289967e-01 4.84418279e-01 8.65230465e-01 1.83063119e-02
9.91348486e-01 5.46458644e-02 1.19340320e-01 -2.80573269e-02 1.07298460e-02 8.72432945e-01 -4.88618743e-01 2.98710100e-01 -1.30817200e-01 4.85671817e-01 8.64297701e-01 1.74873372e-02
9.91121193e-01 5.42127077e-02 1.21407759e-01 -2.94102340e-02 1.23122289e-02 8.71759283e-01 -4.89782455e-01 3.00189362e-01 -1.32390545e-01 4.86928441e-01 8.63350589e-01 1.66684044e-02
9.90900993e-01 5.37892808e-02 1.23377735e-01 -3.07370014e-02 1.38396653e-02 8.71093219e-01 -4.90925412e-01 3.01659966e-01 -1.33879804e-01 4.88165832e-01 8.62421674e-01 1.58413178e-02
9.90685612e-01 5.36838975e-02 1.25140814e-01 -3.30712030e-02 1.48087030e-02 8.71081493e-01 -4.90917946e-01 3.05671703e-01 -1.35362004e-01 4.88198342e-01 8.62171888e-01 9.07662501e-03
9.90534259e-01 5.34824661e-02 1.26418699e-01 -3.48225990e-02 1.55826334e-02 8.71208916e-01 -4.90667848e-01 3.08867637e-01 -1.36378984e-01 4.87993053e-01 8.62127881e-01 3.53157572e-03
9.90355620e-01 5.30256725e-02 1.28000618e-01 -3.67242280e-02 1.67215641e-02 8.71366509e-01 -4.90350379e-01 3.11946139e-01 -1.37536368e-01 4.87761423e-01 8.62075096e-01 -1.89688186e-03
9.90175098e-01 5.24671184e-02 1.29617340e-01 -3.86104628e-02 1.79381399e-02 8.71621952e-01 -4.89853090e-01 3.14793783e-01 -1.38678263e-01 4.87365201e-01 8.62116243e-01 -7.14731979e-03
9.89980233e-01 5.19283156e-02 1.31311947e-01 -4.05608510e-02 1.91655388e-02 8.71909022e-01 -4.89295425e-01 3.17569155e-01 -1.39900121e-01 4.86909220e-01 8.62176497e-01 -1.23400814e-02
9.89754281e-01 5.14698145e-02 1.33182474e-01 -4.25764732e-02 2.03916500e-02 8.72252203e-01 -4.88633713e-01 3.20430640e-01 -1.41318359e-01 4.86342864e-01 8.62264846e-01 -1.77736191e-02
9.89554870e-01 5.09005471e-02 1.34872397e-01 -4.43688106e-02 2.15959491e-02 8.72689527e-01 -4.87800427e-01 3.23417911e-01 -1.42530802e-01 4.85617737e-01 8.62473943e-01 -2.36136348e-02
9.89354419e-01 5.02528265e-02 1.36574851e-01 -4.61014703e-02 2.28582924e-02 8.73175393e-01 -4.86872554e-01 3.26487734e-01 -1.43720281e-01 4.84811154e-01 8.62730281e-01 -2.97083634e-02
9.89161992e-01 4.97421258e-02 1.38146597e-01 -4.77773287e-02 2.39296079e-02 8.73674841e-01 -4.85924143e-01 3.29229207e-01 -1.44865867e-01 4.83963249e-01 8.63014694e-01 -3.53084585e-02
9.88984203e-01 4.89975449e-02 1.39677283e-01 -4.94111557e-02 2.51719339e-02 8.74211189e-01 -4.84895694e-01 3.31930238e-01 -1.45865899e-01 4.83069871e-01 8.63346745e-01 -4.08778980e-02
9.88750058e-01 4.85729909e-02 1.41471710e-01 -5.12728137e-02 2.62878678e-02 8.74656665e-01 -4.84032341e-01 3.34741415e-01 -1.47249833e-01 4.82305752e-01 8.63538973e-01 -4.65725719e-02
9.88459088e-01 4.82983417e-02 1.43583118e-01 -5.33091747e-02 2.74666313e-02 8.74966109e-01 -4.83407238e-01 3.37745674e-01 -1.48977880e-01 4.81771788e-01 8.63540664e-01 -5.23388178e-02
9.88116668e-01 4.86665538e-02 1.45798577e-01 -5.54111170e-02 2.81728883e-02 8.75140079e-01 -4.83051519e-01 3.40872261e-01 -1.51102378e-01 4.81418563e-01 8.63368528e-01 -5.80925588e-02
9.87770366e-01 4.85248476e-02 1.48173198e-01 -5.75661986e-02 2.93902508e-02 8.75353271e-01 -4.82592530e-01 3.43974268e-01 -1.53121361e-01 4.81045163e-01 8.63220975e-01 -6.38281063e-02
9.87375299e-01 4.80292353e-02 1.50941863e-01 -5.99022605e-02 3.11433343e-02 8.75459024e-01 -4.82290722e-01 3.47062222e-01 -1.55307199e-01 4.80902515e-01 8.62909918e-01 -6.93401237e-02
9.86923998e-01 4.73512468e-02 1.54075275e-01 -6.26801407e-02 3.32345221e-02 8.75561380e-01 -4.81965341e-01 3.51116935e-01 -1.57723736e-01 4.80783508e-01 8.62537885e-01 -7.69695474e-02
9.86504709e-01 4.66108023e-02 1.56959059e-01 -6.51768896e-02 3.53404466e-02 8.75413979e-01 -4.82083292e-01 3.54548391e-01 -1.59874148e-01 4.81124183e-01 8.61951834e-01 -8.27373861e-02
9.86096769e-01 4.58242669e-02 1.59729501e-01 -6.76410462e-02 3.74592743e-02 8.75186486e-01 -4.82336219e-01 3.58193862e-01 -1.61895514e-01 4.81613284e-01 8.61301117e-01 -8.86662233e-02
9.85680017e-01 4.50576577e-02 1.62495693e-01 -6.99501078e-02 3.95879628e-02 8.74877259e-01 -4.82727021e-01 3.61687113e-01 -1.63914038e-01 4.82247013e-01 8.60564423e-01 -9.41267158e-02
9.85244121e-01 4.44387643e-02 1.65285550e-01 -7.22233634e-02 4.16597307e-02 8.74398500e-01 -4.83419580e-01 3.65234019e-01 -1.66007709e-01 4.83171825e-01 8.59643822e-01 -9.93271357e-02
9.84741925e-01 4.38545551e-02 1.68405043e-01 -7.48185276e-02 4.38877905e-02 8.73860010e-01 -4.84195518e-01 3.69037146e-01 -1.68396316e-01 4.84198305e-01 8.58601054e-01 -1.04960253e-01
9.84235594e-01 4.33129532e-02 1.71477333e-01 -7.74895553e-02 4.60200656e-02 8.73435979e-01 -4.84762383e-01 3.72741914e-01 -1.70770655e-01 4.85011518e-01 8.57672660e-01 -1.10603859e-01
9.83792337e-01 4.26268567e-02 1.74171745e-01 -7.98303840e-02 4.80754346e-02 8.73068349e-01 -4.85224979e-01 3.76110006e-01 -1.72747140e-01 4.85733741e-01 8.56867752e-01 -1.15546688e-01
9.83417090e-01 4.18572661e-02 1.76462702e-01 -8.19755819e-02 5.00009740e-02 8.72716539e-01 -4.85663059e-01 3.79475176e-01 -1.74330139e-01 4.86432376e-01 8.56150534e-01 -1.20523385e-01
9.83046996e-01 4.10842358e-02 1.78692400e-01 -8.39528581e-02 5.19030615e-02 8.72358882e-01 -4.86105823e-01 3.82753544e-01 -1.75854889e-01 4.87139278e-01 8.55436443e-01 -1.25336200e-01
9.82725766e-01 4.02469442e-02 1.80639158e-01 -8.58065334e-02 5.36654641e-02 8.72158249e-01 -4.86274451e-01 3.85838882e-01 -1.77116687e-01 4.87568262e-01 8.54931569e-01 -1.30158664e-01
9.82485562e-01 3.92510328e-02 1.82158468e-01 -8.74306531e-02 5.53230032e-02 8.72043307e-01 -4.86294820e-01 3.88845474e-01 -1.77937343e-01 4.87854949e-01 8.54597530e-01 -1.35055218e-01
9.82251970e-01 3.83310115e-02 1.83608266e-01 -8.90155761e-02 5.68428596e-02 8.72030185e-01 -4.86143022e-01 3.91664638e-01 -1.78746000e-01 4.87951527e-01 8.54373592e-01 -1.39829814e-01
9.82022479e-01 3.72657663e-02 1.85049466e-01 -9.06107212e-02 5.84623967e-02 8.72075181e-01 -4.85870109e-01 3.94349553e-01 -1.79483072e-01 4.87953563e-01 8.54217870e-01 -1.44555307e-01
9.81839009e-01 3.60274325e-02 1.86264149e-01 -9.20466679e-02 6.00505644e-02 8.72305606e-01 -4.85262368e-01 3.96554434e-01 -1.79961725e-01 4.87634570e-01 8.54299289e-01 -1.48812057e-01
9.81759775e-01 3.45193022e-02 1.86966148e-01 -9.33951009e-02 6.15794382e-02 8.72640221e-01 -4.84468489e-01 3.99256387e-01 -1.79877406e-01 4.87144721e-01 8.54596452e-01 -1.54249599e-01
9.81436273e-01 3.35143497e-02 1.88838078e-01 -9.54513530e-02 6.32927568e-02 8.72855628e-01 -4.83859297e-01 4.01455388e-01 -1.81044311e-01 4.86828917e-01 8.54530027e-01 -1.58551104e-01
9.81061784e-01 3.23350421e-02 1.90977551e-01 -9.79546779e-02 6.52782983e-02 8.73094044e-01 -4.83164823e-01 4.03790664e-01 -1.82364225e-01 4.86481008e-01 8.54447468e-01 -1.63206032e-01
9.80610449e-01 3.12205195e-02 1.93464784e-01 -1.00802836e-01 6.74305303e-02 8.73190075e-01 -4.82695508e-01 4.06288703e-01 -1.84001240e-01 4.86381495e-01 8.54153097e-01 -1.67812169e-01
9.80187506e-01 3.02937962e-02 1.95742181e-01 -1.03514229e-01 6.93185177e-02 8.73278688e-01 -4.82267643e-01 4.08945798e-01 -1.85546892e-01 4.86281073e-01 8.53875895e-01 -1.72496590e-01
9.79715900e-01 2.95496987e-02 1.98201409e-01 -1.06221671e-01 7.12222296e-02 8.73145881e-01 -4.82230670e-01 4.11857415e-01 -1.87308216e-01 4.86565200e-01 8.53329291e-01 -1.77125120e-01
9.79286867e-01 2.86534992e-02 2.00440707e-01 -1.08859294e-01 7.31578697e-02 8.72990875e-01 -4.82221543e-01 4.14964255e-01 -1.88799948e-01 4.86896839e-01 8.52811213e-01 -1.82165009e-01
9.79002169e-01 2.76446935e-02 2.01967154e-01 -1.10946283e-01 7.47728023e-02 8.73007432e-01 -4.81943715e-01 4.17957615e-01 -1.89641724e-01 4.86925408e-01 8.52608068e-01 -1.87370835e-01
9.78821847e-01 2.67431212e-02 2.02959918e-01 -1.12491442e-01 7.60063808e-02 8.73089511e-01 -4.81601938e-01 4.20910306e-01 -1.90081419e-01 4.86828590e-01 8.52565427e-01 -1.92661904e-01
9.78780833e-01 2.57115564e-02 2.03290810e-01 -1.13579143e-01 7.70094418e-02 8.73213584e-01 -4.81217453e-01 4.23886689e-01 -1.89888861e-01 4.86661568e-01 8.52703661e-01 -1.98104322e-01
9.78707081e-01 2.50246524e-02 2.03731256e-01 -1.14598174e-01 7.77367473e-02 8.73420665e-01 -4.80724425e-01 4.26568910e-01 -1.89972772e-01 4.86325618e-01 8.52876623e-01 -2.03225459e-01
9.78383044e-01 2.42201693e-02 2.05377957e-01 -1.16074020e-01 7.91784496e-02 8.73572963e-01 -4.80212116e-01 4.28048320e-01 -1.91043160e-01 4.86092740e-01 8.52770277e-01 -2.06256472e-01
9.78196558e-01 2.34503484e-02 2.06353077e-01 -1.16803977e-01 8.03569158e-02 8.73478546e-01 -4.80188058e-01 4.28710381e-01 -1.91505274e-01 4.86300063e-01 8.52548365e-01 -2.07379939e-01
9.78032191e-01 2.26728179e-02 2.07217294e-01 -1.17455445e-01 8.14784883e-02 8.73406580e-01 -4.80129940e-01 4.29357102e-01 -1.91870556e-01 4.86466123e-01 8.52371496e-01 -2.08532446e-01
9.77875623e-01 2.18924829e-02 2.08038456e-01 -1.18076792e-01 8.25723304e-02 8.73356730e-01 -4.80033716e-01 4.29987456e-01 -1.92200625e-01 4.86591318e-01 8.52225659e-01 -2.09711988e-01
9.77708222e-01 2.11435430e-02 2.08901051e-01 -1.18740431e-01 8.36713513e-02 8.73276252e-01 -4.79989832e-01 4.30628712e-01 -1.92576721e-01 4.86768841e-01 8.52039382e-01 -2.10837222e-01
9.77563510e-01 2.03151471e-02 2.09659188e-01 -1.19313164e-01 8.47636252e-02 8.73255045e-01 -4.79836760e-01 4.31247535e-01 -1.92833608e-01 4.86842183e-01 8.51939371e-01 -2.12072900e-01
9.76492335e-01 1.94684836e-02 2.14671529e-01 -1.23752118e-01 8.83176159e-02 8.72345171e-01 -4.80849832e-01 4.31623378e-01 -1.96628782e-01 4.88505238e-01 8.50118024e-01 -2.11410281e-01
9.75271693e-01 1.87358647e-02 2.20214030e-01 -1.28442351e-01 9.21149441e-02 8.71271833e-01 -4.82081852e-01 4.32117911e-01 -2.00898183e-01 4.90445589e-01 8.47999968e-01 -2.10516027e-01
9.74264668e-01 1.75692603e-02 2.24721569e-01 -1.32450920e-01 9.56926635e-02 8.70421294e-01 -4.82920680e-01 4.32674825e-01 -2.04086675e-01 4.91996590e-01 8.46338497e-01 -2.10204530e-01
9.73314015e-01 1.65272036e-02 2.28881495e-01 -1.36006025e-01 9.90220308e-02 8.69517810e-01 -4.83876109e-01 4.33321955e-01 -2.07013327e-01 4.93627540e-01 8.44676383e-01 -2.09993763e-01
9.72209197e-01 1.55540940e-02 2.33596644e-01 -1.39723521e-01 1.02671377e-01 8.68394035e-01 -4.85131984e-01 4.34091378e-01 -2.10399387e-01 4.95633283e-01 8.42662814e-01 -2.09533430e-01
9.71156996e-01 1.45544978e-02 2.37996380e-01 -1.43320021e-01 1.06128487e-01 8.67430751e-01 -4.86110400e-01 4.34860832e-01 -2.13520122e-01 4.97347525e-01 8.40865931e-01 -2.09427215e-01
9.70136048e-01 1.33936013e-02 2.42191347e-01 -1.46693901e-01 1.09583082e-01 8.66571550e-01 -4.86875721e-01 4.35608445e-01 -2.16396797e-01 4.98875584e-01 8.39223735e-01 -2.09541574e-01
9.69093430e-01 1.19833753e-02 2.46402592e-01 -1.49939104e-01 1.13211855e-01 8.65828580e-01 -4.87367023e-01 4.36405622e-01 -2.19182343e-01 5.00199713e-01 8.37711313e-01 -2.10078072e-01
9.67993918e-01 1.04986713e-02 2.50753736e-01 -1.53287227e-01 1.16962581e-01 8.65121619e-01 -4.87736626e-01 4.37211261e-01 -2.22052692e-01 5.01454741e-01 8.36203708e-01 -2.10714267e-01
9.66745331e-01 8.95368959e-03 2.55583876e-01 -1.56773300e-01 1.21100875e-01 8.64211689e-01 -4.88339398e-01 4.38101165e-01 -2.25250640e-01 5.03051130e-01 8.34387534e-01 -2.11132492e-01
9.65419404e-01 7.34715372e-03 2.60597845e-01 -1.60369414e-01 1.25353989e-01 8.63382564e-01 -4.88732610e-01 4.38965281e-01 -2.28586053e-01 5.04498779e-01 8.32604503e-01 -2.11700814e-01
9.63944651e-01 5.87380464e-03 2.66037727e-01 -1.64227339e-01 1.29779278e-01 8.62420530e-01 -4.89275794e-01 4.39806490e-01 -2.32309928e-01 5.06160802e-01 8.30562594e-01 -2.11963036e-01
9.62529889e-01 4.50601837e-03 2.71138044e-01 -1.67954161e-01 1.33965319e-01 8.61432255e-01 -4.89888261e-01 4.40733572e-01 -2.35774102e-01 5.07855015e-01 8.28549835e-01 -2.12183781e-01
9.60818574e-01 2.88697148e-03 2.77162801e-01 -1.73251549e-01 1.38686426e-01 8.60769402e-01 -4.89739621e-01 4.41243219e-01 -2.39986707e-01 5.08989502e-01 8.26642024e-01 -2.12493664e-01
9.59190996e-01 1.67814172e-03 2.82753744e-01 -1.77410881e-01 1.43037325e-01 8.59720039e-01 -4.90331093e-01 4.42015848e-01 -2.43911474e-01 5.10765360e-01 8.24394898e-01 -2.12337131e-01
9.57420583e-01 5.86499230e-04 2.88695949e-01 -1.81812953e-01 1.47571656e-01 8.58487855e-01 -4.91145660e-01 4.42822743e-01 -2.48129572e-01 5.12836140e-01 8.21846633e-01 -2.11901853e-01
9.55545282e-01 -4.18785486e-04 2.94843876e-01 -1.86425620e-01 1.52251908e-01 8.57060483e-01 -4.92208895e-01 4.43715792e-01 -2.52492444e-01 5.15218299e-01 8.19023041e-01 -2.11260311e-01
9.53613929e-01 -1.38808381e-03 3.01028936e-01 -1.91229310e-01 1.56894217e-01 8.55726343e-01 -4.93071563e-01 4.44693422e-01 -2.56913492e-01 5.17429473e-01 8.16249534e-01 -2.10912635e-01
9.51635330e-01 -1.91477188e-03 3.07223767e-01 -1.96141007e-01 1.61219946e-01 8.54351423e-01 -4.94059483e-01 4.45725200e-01 -2.61530569e-01 5.19694936e-01 8.13338829e-01 -2.10430404e-01
9.49493953e-01 -2.22102253e-03 3.13777333e-01 -2.01366668e-01 1.65599836e-01 8.52927498e-01 -4.95070132e-01 4.46694007e-01 -2.66529251e-01 5.22027453e-01 8.10216428e-01 -2.09746144e-01
9.47334224e-01 -2.57620985e-03 3.20236011e-01 -2.06473417e-01 1.69993290e-01 8.51503827e-01 -4.96030796e-01 4.47734864e-01 -2.71403802e-01 5.24344820e-01 8.07095790e-01 -2.09159624e-01
9.45149239e-01 -2.79290247e-03 3.26626749e-01 -2.11506381e-01 1.74309207e-01 8.49991717e-01 -4.97125181e-01 4.48744466e-01 -2.76241095e-01 5.26791418e-01 8.03854973e-01 -2.08341876e-01
9.42924549e-01 -3.27661838e-03 3.32990173e-01 -2.16598559e-01 1.78792489e-01 8.48585363e-01 -4.97934987e-01 4.49637146e-01 -2.80938506e-01 5.29051162e-01 8.00736923e-01 -2.07597771e-01
