1.00000000e+00 0.00000000e+00 0.00000000e+00 0.00000000e+00 0.00000000e+00 1.00000000e+00 0.00000000e+00 0.00000000e+00 0.00000000e+00 0.00000000e+00 1.00000000e+00 0.00000000e+00
9.99929590e-01 -2.22486787e-03 1.16553750e-02 5.41811218e-04 2.21970608e-03 9.99997428e-01 4.55788490e-04 3.54463904e-04 -1.16563589e-02 -4.29884903e-04 9.99932008e-01 1.62487248e-02
9.99840968e-01 -4.63487434e-03 1.72184547e-02 1.17370568e-03 4.63680531e-03 9.99989269e-01 -7.22430295e-05 5.97769385e-04 -1.72179343e-02 1.52070190e-04 9.99851787e-01 3.22774480e-02
9.99803873e-01 -7.80899829e-03 1.81978410e-02 1.70284371e-03 7.84017762e-03 9.99967944e-01 -1.64264506e-03 7.15193484e-04 -1.81844292e-02 1.78499730e-03 9.99833110e-01 4.71847717e-02
9.99835755e-01 -9.64582140e-03 1.53402456e-02 1.96911720e-03 9.69503174e-03 9.99948100e-01 -3.13679911e-03 7.03486704e-04 -1.53091912e-02 3.28500833e-03 9.99877451e-01 6.27469202e-02
9.99896697e-01 -1.20293392e-02 7.86096526e-03 2.02153239e-03 1.20632093e-02 9.99918082e-01 -4.27548701e-03 7.57686729e-04 -7.80888865e-03 4.36987414e-03 9.99959990e-01 7.87945682e-02
9.99891759e-01 -1.35672096e-02 -5.69348357e-03 1.65258333e-03 1.35306033e-02 9.99887866e-01 -6.41963901e-03 8.60516843e-04 5.77994348e-03 6.34190826e-03 9.99963229e-01 9.48768194e-02
9.99669690e-01 -1.34276566e-02 -2.19139494e-02 5.70942786e-04 1.32794411e-02 9.99888084e-01 -6.89511856e-03 8.93259576e-04 2.20040821e-02 6.60183631e-03 9.99736162e-01 1.11933531e-01
9.99125404e-01 -9.68059868e-03 -4.06785908e-02 -1.29118531e-03 9.41432984e-03 9.99933034e-01 -6.73216696e-03 8.55489425e-04 4.07410385e-02 6.34331734e-03 9.99149692e-01 1.30511496e-01
9.98166647e-01 -7.22693729e-03 -6.00920835e-02 -3.26226114e-03 6.75891537e-03 9.99945260e-01 -7.98804162e-03 8.79819146e-04 6.01465234e-02 7.56723977e-03 9.98160966e-01 1.48043921e-01
9.96794950e-01 -7.74607929e-03 -7.96227768e-02 -5.41846670e-03 7.08410230e-03 9.99938003e-01 -8.59304271e-03 9.22515156e-04 7.96844037e-02 8.00144596e-03 9.96788137e-01 1.66948958e-01
9.94885412e-01 -1.03472802e-02 -1.00478638e-01 -8.10412787e-03 9.57384518e-03 9.99920725e-01 -8.17668656e-03 9.10845046e-04 1.00555289e-01 7.17289899e-03 9.94905728e-01 1.88459820e-01
9.92678737e-01 -1.25189050e-02 -1.20134356e-01 -1.13267471e-02 1.16742032e-02 9.99901921e-01 -7.73256269e-03 8.58107188e-04 1.20219390e-01 6.27347673e-03 9.92727678e-01 2.11270864e-01
9.90361897e-01 -1.17387493e-02 -1.38005609e-01 -1.54212175e-02 1.08228674e-02 9.99914075e-01 -7.38512413e-03 7.52605551e-04 1.38080469e-01 5.82032808e-03 9.90404035e-01 2.35911550e-01
9.88035060e-01 -1.11992336e-02 -1.53822707e-01 -1.99993344e-02 1.02619967e-02 9.99923587e-01 -6.88564750e-03 6.18031088e-04 1.53888090e-01 5.22473155e-03 9.88074637e-01 2.61294666e-01
9.85792691e-01 -1.06638620e-02 -1.67627956e-01 -2.48691595e-02 9.55679136e-03 9.99926811e-01 -7.40968279e-03 5.15475905e-04 1.67694734e-01 5.70242455e-03 9.85822611e-01 2.86493009e-01
9.83489980e-01 -1.20454675e-02 -1.80561636e-01 -3.02217237e-02 1.06832888e-02 9.99906631e-01 -8.51475976e-03 4.12092952e-04 1.80647372e-01 6.44518752e-03 9.83526961e-01 3.13818840e-01
9.81323183e-01 -1.61130596e-02 -1.91690415e-01 -3.54298933e-02 1.42777795e-02 9.99838020e-01 -1.09517021e-02 4.97503835e-04 1.91835866e-01 8.01024531e-03 9.81394430e-01 3.41072421e-01
9.79457618e-01 -1.47355515e-02 -2.01111174e-01 -4.15774583e-02 1.23867561e-02 9.99839560e-01 -1.29325898e-02 4.00891370e-04 2.01269521e-01 1.01758081e-02 9.79483139e-01 3.68747539e-01
9.77701599e-01 -1.35233645e-02 -2.09563443e-01 -4.82888726e-02 1.07082511e-02 9.99836598e-01 -1.45620985e-02 2.12257079e-04 2.09726164e-01 1.19933288e-02 9.77686722e-01 3.97979747e-01
9.75673396e-01 -1.37519350e-02 -2.18797663e-01 -5.50210658e-02 1.02422630e-02 9.99800178e-01 -1.71669355e-02 -3.27176612e-05 2.18990048e-01 1.45083395e-02 9.75619335e-01 4.26866074e-01
9.73610307e-01 -1.80807205e-02 -2.27499953e-01 -6.22235625e-02 1.41986603e-02 9.99724521e-01 -1.86891489e-02 -4.18071898e-04 2.27775228e-01 1.49657535e-02 9.73598840e-01 4.58482455e-01
9.71471419e-01 -2.49378520e-02 -2.35842163e-01 -6.94292207e-02 2.07679132e-02 9.99581252e-01 -2.01489768e-02 -8.35592105e-04 2.36245908e-01 1.46762052e-02 9.71582593e-01 4.90281108e-01
9.69217543e-01 -2.47738304e-02 -2.44956634e-01 -7.81309513e-02 1.98625932e-02 9.99549480e-01 -2.24998987e-02 -1.33991485e-03 2.45403721e-01 1.69418223e-02 9.69273050e-01 5.23357146e-01
9.66890834e-01 -1.92245228e-02 -2.54465432e-01 -8.71797386e-02 1.29384072e-02 9.99568884e-01 -2.63541156e-02 -2.00256078e-03 2.54862423e-01 2.21891763e-02 9.66722799e-01 5.54731833e-01
9.64376440e-01 -1.48899076e-02 -2.64114678e-01 -9.72587360e-02 7.50237010e-03 9.99552497e-01 -2.89576414e-02 -2.88444135e-03 2.64427697e-01 2.59445822e-02 9.64056591e-01 5.89088867e-01
9.61712405e-01 -1.75440514e-02 -2.73498851e-01 -1.07668932e-01 9.64142929e-03 9.99496965e-01 -3.02120034e-02 -3.89963205e-03 2.73891364e-01 2.64183388e-02 9.61397839e-01 6.25668110e-01
9.59183229e-01 -1.98791261e-02 -2.82086038e-01 -1.18556148e-01 1.11959711e-02 9.99413515e-01 -3.23606352e-02 -4.93639508e-03 2.82563951e-01 2.78815520e-02 9.58843284e-01 6.62648915e-01
9.56773132e-01 -1.92483469e-02 -2.90197894e-01 -1.30665073e-01 9.63233403e-03 9.99357268e-01 -3.45282294e-02 -6.20038268e-03 2.90676047e-01 3.02404016e-02 9.56343595e-01 7.01667433e-01
9.54222285e-01 -1.78495771e-02 -2.98565468e-01 -1.43243512e-01 6.91897959e-03 9.99267839e-01 -3.76274772e-02 -7.60480806e-03 2.99018581e-01 3.38392129e-02 9.53647112e-01 7.40670668e-01
9.51634745e-01 -1.82344978e-02 -3.06690271e-01 -1.56129367e-01 5.39174390e-03 9.99074607e-01 -4.26705897e-02 -9.26010420e-03 3.07184604e-01 3.89532241e-02 9.50852419e-01 7.80090631e-01
9.49839886e-01 -1.89925955e-02 -3.12159477e-01 -1.69023713e-01 3.51247590e-03 9.98739105e-01 -5.00781193e-02 -1.11267072e-02 3.12717038e-01 4.64697474e-02 9.48708962e-01 8.18671492e-01
9.48672491e-01 -1.83513377e-02 -3.15727493e-01 -1.81808353e-01 -7.23304625e-05 9.98302456e-01 -5.82426460e-02 -1.33079107e-02 3.16260406e-01 5.52760370e-02 9.47060729e-01 8.56164129e-01
9.47697493e-01 -1.70482331e-02 -3.18714438e-01 -1.94267055e-01 -4.57328439e-03 9.97744564e-01 -6.69686432e-02 -1.57192142e-02 3.19137353e-01 6.49235917e-02 9.45482062e-01 8.92002021e-01
9.46763845e-01 -1.46051722e-02 -3.21597568e-01 -2.07244164e-01 -1.03485981e-02 9.97073328e-01 -7.57471774e-02 -1.85800303e-02 3.21762709e-01 7.50427772e-02 9.43841841e-01 9.28713338e-01
9.45539534e-01 -1.26077211e-02 -3.25263007e-01 -2.20619513e-01 -1.51550861e-02 9.96460852e-01 -8.26802786e-02 -2.18067530e-02 3.25154306e-01 8.31068709e-02 9.42002103e-01 9.66073151e-01
9.43803658e-01 -1.06321804e-02 -3.30335577e-01 -2.35023921e-01 -1.99585187e-02 9.95824822e-01 -8.90752216e-02 -2.55111392e-02 3.29903500e-01 9.06625357e-02 9.39650995e-01 1.00573660e+00
9.42045626e-01 -9.61576218e-03 -3.35347020e-01 -2.49822528e-01 -2.35814726e-02 9.95218700e-01 -9.47812569e-02 -2.95704812e-02 3.34655088e-01 9.71962478e-02 9.37314739e-01 1.04610712e+00
9.40297147e-01 -7.22504182e-03 -3.40278080e-01 -2.65340538e-01 -2.86134409e-02 9.94557184e-01 -1.00185282e-01 -3.40020654e-02 3.39149933e-01 1.03940461e-01 9.34972604e-01 1.08729021e+00
9.38326870e-01 -4.48461446e-03 -3.45720516e-01 -2.81403283e-01 -3.33294525e-02 9.94085870e-01 -1.03355202e-01 -3.86760014e-02 3.44139459e-01 1.08503641e-01 9.32628047e-01 1.12902591e+00
9.36436156e-01 -3.69546671e-03 -3.50818735e-01 -2.98205559e-01 -3.54677327e-02 9.93824423e-01 -1.05142369e-01 -4.36854090e-02 3.49040852e-01 1.10901862e-01 9.30522080e-01 1.17280835e+00
9.33908099e-01 -4.68948307e-03 -3.57482576e-01 -3.15221415e-01 -3.50721464e-02 9.93889090e-01 -1.04662407e-01 -4.86827333e-02 3.55788939e-01 1.10282750e-01 9.28036637e-01 1.21655131e+00
9.31379242e-01 -5.20048763e-03 -3.64013478e-01 -3.33436734e-01 -3.48958427e-02 9.94018358e-01 -1.03486942e-01 -5.38559241e-02 3.62374372e-01 1.09088142e-01 9.25626620e-01 1.26226407e+00
9.28446187e-01 -5.85152152e-03 -3.71421038e-01 -3.51703807e-01 -3.44885758e-02 9.94199118e-01 -1.01874574e-01 -5.89235883e-02 3.69862706e-01 1.07394840e-01 9.22858568e-01 1.30716166e+00
9.24768881e-01 -5.40635412e-03 -3.80491060e-01 -3.70421254e-01 -3.48973694e-02 9.94480495e-01 -9.89471617e-02 -6.38644215e-02 3.78925990e-01 1.04781392e-01 9.19475920e-01 1.35165182e+00
9.21373178e-01 -4.03778596e-03 -3.88658367e-01 -3.89946913e-01 -3.48641463e-02 9.95056502e-01 -9.29883733e-02 -6.87161461e-02 3.87112621e-01 9.92272334e-02 9.16677576e-01 1.39701818e+00
9.17569290e-01 -1.30813186e-03 -3.97573918e-01 -4.09951854e-01 -3.64215862e-02 9.95512995e-01 -8.73336529e-02 -7.34089513e-02 3.95904376e-01 9.46149570e-02 9.13404428e-01 1.44187864e+00
9.13640411e-01 2.32243970e-03 -4.06516829e-01 -4.31500473e-01 -3.94133959e-02 9.95778761e-01 -8.28920844e-02 -7.80818315e-02 4.04608430e-01 9.17557752e-02 9.09875169e-01 1.48886941e+00
9.09349838e-01 3.46262835e-03 -4.16017969e-01 -4.52193567e-01 -4.09980460e-02 9.95843827e-01 -8.13265909e-02 -8.23126795e-02 4.14007444e-01 9.10102553e-02 9.05712353e-01 1.53320158e+00
9.04818687e-01 3.34929711e-03 -4.25783888e-01 -4.72935606e-01 -4.16951051e-02 9.95860066e-01 -8.07711952e-02 -8.65124244e-02 4.23750771e-01 9.08364042e-02 9.01212443e-01 1.57672337e+00
9.00435166e-01 3.27779499e-03 -4.34977900e-01 -4.94788172e-01 -4.21388870e-02 9.95925613e-01 -7.97256361e-02 -9.07227592e-02 4.32944447e-01 9.01172611e-02 8.96904582e-01 1.62134122e+00
8.96065129e-01 3.47845309e-03 -4.43909026e-01 -5.17918083e-01 -4.24950404e-02 9.96049140e-01 -7.79745490e-02 -9.49958385e-02 4.41884109e-01 8.87342176e-02 8.92672682e-01 1.66731186e+00
8.91829584e-01 1.41318254e-03 -4.52369375e-01 -5.41473867e-01 -3.99306357e-02 9.96337527e-01 -7.56092434e-02 -9.92498819e-02 4.50605897e-01 8.54939646e-02 8.88619684e-01 1.71394332e+00
8.87878509e-01 1.50695249e-03 -4.60075566e-01 -5.65515668e-01 -3.87463639e-02 9.96686897e-01 -7.15101958e-02 -1.03314645e-01 4.58443676e-01 8.13186339e-02 8.84995186e-01 1.76011064e+00
8.84009183e-01 2.70453280e-03 -4.67461703e-01 -5.90546058e-01 -3.77241730e-02 9.97134464e-01 -6.55705515e-02 -1.07236345e-01 4.65944993e-01 7.55995928e-02 8.81577965e-01 1.80687585e+00
8.79881377e-01 2.04787560e-03 -4.75189055e-01 -6.16933686e-01 -3.55495292e-02 9.97472058e-01 -6.15263738e-02 -1.11043456e-01 4.73861955e-01 7.10286697e-02 8.77729798e-01 1.85559739e+00
8.75644808e-01 -1.81360035e-04 -4.82955793e-01 -6.44131912e-01 -3.27065246e-02 9.97681836e-01 -5.96746701e-02 -1.14738135e-01 4.81847177e-01 6.80496279e-02 8.73608871e-01 1.90493759e+00
8.71838935e-01 -1.27847861e-03 -4.89791127e-01 -6.71573087e-01 -3.14788526e-02 9.97782803e-01 -5.86374902e-02 -1.18284688e-01 4.88780274e-01 6.65405193e-02 8.69865541e-01 1.95351493e+00
8.68074938e-01 -2.02026957e-03 -4.96429170e-01 -6.99819387e-01 -3.01865584e-02 9.97926389e-01 -5.68465126e-02 -1.21836340e-01 4.95514723e-01 6.43325306e-02 8.66213823e-01 2.00261410e+00
8.64612009e-01 -4.13158443e-03 -5.02423198e-01 -7.28037207e-01 -2.77993398e-02 9.98040983e-01 -5.60466264e-02 -1.25280802e-01 5.01670613e-01 6.24256310e-02 8.62803281e-01 2.05103469e+00
8.61707614e-01 -6.39536515e-03 -5.07364880e-01 -7.56141067e-01 -2.57821927e-02 9.98076961e-01 -5.63692355e-02 -1.28679897e-01 5.06749802e-01 6.16547915e-02 8.59885555e-01 2.09868673e+00
8.59522931e-01 -7.77594047e-03 -5.11038055e-01 -7.84827423e-01 -2.48491317e-02 9.98065909e-01 -5.69806670e-02 -1.32132304e-01 5.10492862e-01 6.16750564e-02 8.57667196e-01 2.14658669e+00
8.58145887e-01 -8.61954262e-03 -5.13333552e-01 -8.14262104e-01 -2.41416769e-02 9.98075450e-01 -5.71169059e-02 -1.35687059e-01 5.12838082e-01 6.14073851e-02 8.56286161e-01 2.19535761e+00
8.58035918e-01 -8.70546146e-03 -5.13515858e-01 -8.44461963e-01 -2.36580393e-02 9.98124921e-01 -5.64511790e-02 -1.39264004e-01 5.13044533e-01 6.05859346e-02 8.56220994e-01 2.24519807e+00
8.58461402e-01 -8.13794469e-03 -5.12813590e-01 -8.74293824e-01 -2.34843746e-02 9.98201556e-01 -5.51540181e-02 -1.42784130e-01 5.12340264e-01 5.93907177e-02 8.56726322e-01 2.29472714e+00
8.58426586e-01 -9.41584637e-03 -5.12849992e-01 -9.03567979e-01 -2.19442123e-02 9.98241866e-01 -5.50585541e-02 -1.46260078e-01 5.12466861e-01 5.85178313e-02 8.56710666e-01 2.34347590e+00
8.58027735e-01 -1.14880070e-02 -5.13474876e-01 -9.33402048e-01 -2.02250044e-02 9.98218527e-01 -5.61296184e-02 -1.49799917e-01 5.13205053e-01 5.85458137e-02 8.56266778e-01 2.39323000e+00
8.57189768e-01 -1.33176474e-02 -5.14828421e-01 -9.63558341e-01 -1.86169131e-02 9.98210773e-01 -5.68190059e-02 -1.53356366e-01 5.14664096e-01 5.82892001e-02 8.55408096e-01 2.44334674e+00
8.55729650e-01 -1.36821475e-02 -5.17242185e-01 -9.94300661e-01 -1.72995681e-02 9.98334785e-01 -5.50285954e-02 -1.56969001e-01 5.17133868e-01 5.60376827e-02 8.54067977e-01 2.49398627e+00
8.53764526e-01 -1.36437574e-02 -5.20480434e-01 -1.02620681e+00 -1.52522240e-02 9.98572064e-01 -5.11951532e-02 -1.60533028e-01 5.20435825e-01 5.16471062e-02 8.52337295e-01 2.54612540e+00
8.50960488e-01 -1.42114024e-02 -5.25037232e-01 -1.05904524e+00 -1.24312219e-02 9.98808747e-01 -4.71832152e-02 -1.63983756e-01 5.25082428e-01 4.66779253e-02 8.49770135e-01 2.59905328e+00
8.46524515e-01 -1.46968376e-02 -5.32146705e-01 -1.09201344e+00 -1.12922463e-02 9.98898081e-01 -4.55509698e-02 -1.67189237e-01 5.32229870e-01 4.45691628e-02 8.45425730e-01 2.65118294e+00
8.40624226e-01 -1.86171376e-02 -5.41298555e-01 -1.12500770e+00 -8.79338415e-03 9.98808086e-01 -4.80083920e-02 -1.70556745e-01 5.41547239e-01 4.51168819e-02 8.39458604e-01 2.70301594e+00
8.34024408e-01 -2.21174641e-02 -5.51283851e-01 -1.15843281e+00 -7.44549793e-03 9.98653845e-01 -5.13300220e-02 -1.74133445e-01 5.51677103e-01 4.69150931e-02 8.32737072e-01 2.75413657e+00
8.27610095e-01 -2.20240474e-02 -5.60870955e-01 -1.19210533e+00 -7.89337690e-03 9.98674287e-01 -5.08628285e-02 -1.77699577e-01 5.61247696e-01 4.65217754e-02 8.26339159e-01 2.80363956e+00
8.21620389e-01 -2.00442584e-02 -5.69682361e-01 -1.22876739e+00 -7.25217047e-03 9.98933011e-01 -4.56068132e-02 -1.81396653e-01 5.69988746e-01 4.16029389e-02 8.20598408e-01 2.85623836e+00
8.16469105e-01 -1.55355177e-02 -5.77179900e-01 -1.26692245e+00 -9.92395027e-03 9.99112609e-01 -4.09306055e-02 -1.84761445e-01 5.77303650e-01 3.91465005e-02 8.15590416e-01 2.90916941e+00
8.12119064e-01 -1.53953699e-02 -5.83288440e-01 -1.30375235e+00 -1.16419234e-02 9.99025258e-01 -4.25775314e-02 -1.87898453e-01 5.83375443e-01 4.13686463e-02 8.11148195e-01 2.95984089e+00
8.08194516e-01 -1.77151990e-02 -5.88648923e-01 -1.34003831e+00 -1.21673191e-02 9.98831716e-01 -4.67648100e-02 -1.91140302e-01 5.88789729e-01 4.49573642e-02 8.07034779e-01 3.00941511e+00
8.04816463e-01 -2.06287402e-02 -5.93164957e-01 -1.37301454e+00 -1.38221922e-02 9.98473208e-01 -5.34784879e-02 -1.94404631e-01 5.93362587e-01 5.12392292e-02 8.03302570e-01 3.05372798e+00
8.01242276e-01 -2.20435987e-02 -5.97933638e-01 -1.40862466e+00 -1.35332086e-02 9.98397692e-01 -5.49419671e-02 -1.97984319e-01 5.98186766e-01 5.21138085e-02 7.99660162e-01 3.10117141e+00
7.97696774e-01 -2.00993181e-02 -6.02723549e-01 -1.44667929e+00 -1.33066163e-02 9.98614345e-01 -5.09124023e-02 -2.01699943e-01 6.02911792e-01 4.86328896e-02 7.96323978e-01 3.15072878e+00
7.94533839e-01 -1.74183608e-02 -6.06969882e-01 -1.48566631e+00 -1.29946117e-02 9.98871743e-01 -4.56750147e-02 -2.05302449e-01 6.07080730e-01 4.41777014e-02 7.93411014e-01 3.20095843e+00
7.91437225e-01 -1.68461513e-02 -6.11018216e-01 -1.52342790e+00 -1.19067247e-02 9.99005548e-01 -4.29656813e-02 -2.08442594e-01 6.11134467e-01 4.12798829e-02 7.90449503e-01 3.24933982e+00
7.88372272e-01 -1.67327883e-02 -6.14970843e-01 -1.56278323e+00 -1.26682711e-02 9.98976487e-01 -4.34215122e-02 -2.11640138e-01 6.15068067e-01 4.20229511e-02 7.87353247e-01 3.29923249e+00
7.84813886e-01 -1.81156375e-02 -6.19466689e-01 -1.60160174e+00 -1.25374396e-02 9.98903965e-01 -4.50957725e-02 -2.14853013e-01 6.19604734e-01 4.31583307e-02 7.83726461e-01 3.34814079e+00
7.80988551e-01 -2.07992054e-02 -6.24198885e-01 -1.64075572e+00 -1.14810691e-02 9.98798259e-01 -4.76463264e-02 -2.18174124e-01 6.24439821e-01 4.43777222e-02 7.79811099e-01 3.39722124e+00
7.76864052e-01 -2.22516785e-02 -6.29275083e-01 -1.67964975e+00 -1.02773097e-02 9.98794160e-01 -4.80058924e-02 -2.21524895e-01 6.29584512e-01 4.37613208e-02 7.75698511e-01 3.44507089e+00
7.72546211e-01 -2.29039543e-02 -6.34545296e-01 -1.71927153e+00 -9.05827991e-03 9.98849935e-01 -4.70818158e-02 -2.24940799e-01 6.34893924e-01 4.21207830e-02 7.71450180e-01 3.49299607e+00
7.67793292e-01 -2.25812919e-02 -6.40299569e-01 -1.75931831e+00 -9.25240739e-03 9.98883664e-01 -4.63220882e-02 -2.28288106e-01 6.40630829e-01 4.14901153e-02 7.66727181e-01 3.54052188e+00
7.62268464e-01 -2.39100724e-02 -6.46819200e-01 -1.79988298e+00 -8.86488077e-03 9.98838049e-01 -4.73698107e-02 -2.31689840e-01 6.47200252e-01 4.18425027e-02 7.61170741e-01 3.58816130e+00
7.56900461e-01 -2.52616318e-02 -6.53041685e-01 -1.84014758e+00 -8.14106893e-03 9.98810593e-01 -4.80728253e-02 -2.35165004e-01 6.53479361e-01 4.17028176e-02 7.55794540e-01 3.63471418e+00
7.51715254e-01 -2.64830990e-02 -6.58955823e-01 -1.88121763e+00 -7.68352175e-03 9.98773823e-01 -4.89053146e-02 -2.38664816e-01 6.59442980e-01 4.18259876e-02 7.50590025e-01 3.68133456e+00
7.46303312e-01 -2.77110233e-02 -6.65028890e-01 -1.92370691e+00 -7.38314821e-03 9.98726789e-01 -4.99012997e-02 -2.42398755e-01 6.65565005e-01 4.21515257e-02 7.45148520e-01 3.72887006e+00
7.40621664e-01 -2.96602932e-02 -6.71267271e-01 -1.96560248e+00 -6.12647983e-03 9.98685560e-01 -5.08868917e-02 -2.46056167e-01 6.71894282e-01 4.18004547e-02 7.39466432e-01 3.77515996e+00
7.35218882e-01 -3.11863354e-02 -6.77111888e-01 -2.00797300e+00 -4.45760675e-03 9.98696888e-01 -5.08379897e-02 -2.49727515e-01 6.77815018e-01 4.03953644e-02 7.34121786e-01 3.82118112e+00
7.29954441e-01 -3.06641086e-02 -6.82807514e-01 -2.05159937e+00 -3.75324474e-03 9.98798177e-01 -4.88672803e-02 -2.53378960e-01 6.83485374e-01 3.82336498e-02 7.28962064e-01 3.86753462e+00
7.24444255e-01 -3.11562276e-02 -6.88628864e-01 -2.09642557e+00 -2.50739520e-03 9.98852306e-01 -4.78297306e-02 -2.57065891e-01 6.89328692e-01 3.63766551e-02 7.23534713e-01 3.91466688e+00
7.18577388e-01 -3.30251709e-02 -6.94662389e-01 -2.14024484e+00 -7.93517855e-04 9.98832205e-01 -4.83066366e-02 -2.60572148e-01 6.95446473e-01 3.52632992e-02 7.17712023e-01 3.96018099e+00
7.12780111e-01 -3.45949518e-02 -7.00533838e-01 -2.18365778e+00 -2.99086095e-04 9.98767762e-01 -4.96271511e-02 -2.64092904e-01 7.01387415e-01 3.55827827e-02 7.11891425e-01 4.00432008e+00
7.07611006e-01 -3.34996115e-02 -7.05807640e-01 -2.22901648e+00 -1.61057527e-03 9.98796500e-01 -4.90203635e-02 -2.67870289e-01 7.06600317e-01 3.58241215e-02 7.06705378e-01 4.04920100e+00
7.03190576e-01 -3.23054856e-02 -7.10267112e-01 -2.27486071e+00 -2.43993654e-03 9.98851679e-01 -4.78469621e-02 -2.71538048e-01 7.10997197e-01 3.53785540e-02 7.02304227e-01 4.09402431e+00
6.99051128e-01 -3.16414757e-02 -7.14371360e-01 -2.32281048e+00 -2.99958081e-03 9.98881997e-01 -4.71784816e-02 -2.75277204e-01 7.15065432e-01 3.51229979e-02 6.98174611e-01 4.14055196e+00
6.94819171e-01 -3.26354059e-02 -7.18443720e-01 -2.36996540e+00 -2.42024761e-03 9.98858150e-01 -4.77139283e-02 -2.78915065e-01 7.19180435e-01 3.48913760e-02 6.93946759e-01 4.18609281e+00
6.90148205e-01 -3.45215542e-02 -7.22844246e-01 -2.41829223e+00 -2.49825429e-03 9.98741951e-01 -5.00831096e-02 -2.82813805e-01 7.23663712e-01 3.63706301e-02 6.89193713e-01 4.23217393e+00
6.85597137e-01 -3.73203155e-02 -7.27023976e-01 -2.46629601e+00 -1.29372883e-03 9.98621020e-01 -5.24822161e-02 -2.86742492e-01 7.27979960e-01 3.69222410e-02 6.84603463e-01 4.27759159e+00
6.81226933e-01 -3.80264850e-02 -7.31084119e-01 -2.51735016e+00 -1.16555962e-03 9.98592461e-01 -5.30266900e-02 -2.90986463e-01 7.32071352e-01 3.69753441e-02 6.80223763e-01 4.32509068e+00
6.77090451e-01 -3.82036900e-02 -7.34907552e-01 -2.56836450e+00 5.06704444e-04 9.98675602e-01 -5.14486507e-02 -2.95239844e-01 7.35899605e-01 3.44630246e-02 6.76213027e-01 4.37223572e+00
6.73141038e-01 -3.90452119e-02 -7.38482722e-01 -2.61881642e+00 2.41694517e-03 9.98716100e-01 -5.06012249e-02 -2.99304703e-01 7.39510167e-01 3.22769042e-02 6.72371110e-01 4.41836870e+00
6.68896543e-01 -4.10233439e-02 -7.42222778e-01 -2.66981050e+00 4.70136362e-03 9.98689607e-01 -5.09615989e-02 -3.03437112e-01 7.43340635e-01 3.05985922e-02 6.68212879e-01 4.46468512e+00
6.65235300e-01 -4.24961514e-02 -7.45423489e-01 -2.71975748e+00 6.61073734e-03 9.98675079e-01 -5.10342759e-02 -3.07459580e-01 7.46604470e-01 2.90220187e-02 6.64634838e-01 4.50956073e+00
6.61816858e-01 -4.31373885e-02 -7.48423475e-01 -2.77063699e+00 7.93100429e-03 9.98690126e-01 -5.05489345e-02 -3.11527006e-01 7.49623554e-01 2.75184029e-02 6.61292089e-01 4.55467200e+00
6.58817857e-01 -4.42835888e-02 -7.50998044e-01 -2.82085246e+00 9.59642879e-03 9.98679492e-01 -5.04699205e-02 -3.15464732e-01 7.52241214e-01 2.60436017e-02 6.58372864e-01 4.59880799e+00
6.55780972e-01 -4.75673876e-02 -7.53451235e-01 -2.87225471e+00 1.30995522e-02 9.98579800e-01 -5.16415561e-02 -3.19531484e-01 7.54837492e-01 2.39956923e-02 6.55472763e-01 4.64392645e+00
6.52400972e-01 -5.30365491e-02 -7.56015970e-01 -2.92360526e+00 1.74812154e-02 9.98336069e-01 -5.49506034e-02 -3.23690789e-01 7.57672267e-01 2.26337670e-02 6.52242574e-01 4.68888462e+00
6.48613146e-01 -5.72011004e-02 -7.58965801e-01 -2.97464600e+00 2.16636963e-02 9.98155433e-01 -5.67143151e-02 -3.28018028e-01 7.60809827e-01 2.03436642e-02 6.48655910e-01 4.73308494e+00
6.42951670e-01 -6.15420438e-02 -7.63430308e-01 -3.02665766e+00 2.74422819e-02 9.97977654e-01 -5.73379380e-02 -3.32405431e-01 7.65414925e-01 1.59152719e-02 6.43340251e-01 4.77789589e+00
6.35396231e-01 -6.61458090e-02 -7.69348080e-01 -3.07727134e+00 3.32148841e-02 9.97743491e-01 -5.83506182e-02 -3.36745511e-01 7.71471531e-01 1.15219755e-02 6.36159492e-01 4.82094873e+00
6.27381882e-01 -6.84166812e-02 -7.75700522e-01 -3.12988876e+00 3.79246450e-02 9.97635469e-01 -5.73180864e-02 -3.41315766e-01 7.77787679e-01 6.54218236e-03 6.28493089e-01 4.86453644e+00
6.19756221e-01 -6.80163529e-02 -7.81841529e-01 -3.18513430e+00 3.98804937e-02 9.97679754e-01 -5.51804249e-02 -3.45974736e-01 7.83780411e-01 3.01820648e-03 6.21030750e-01 4.90882499e+00
6.11560010e-01 -6.83044773e-02 -7.88244258e-01 -3.24027927e+00 4.00563504e-02 9.97661998e-01 -5.53735881e-02 -3.50553086e-01 7.90183420e-01 2.29010518e-03 6.12866183e-01 4.95207221e+00
6.02558232e-01 -7.03255701e-02 -7.94970460e-01 -3.29541697e+00 4.06120802e-02 9.97521429e-01 -5.74614005e-02 -3.55220959e-01 7.97040934e-01 2.33845713e-03 6.03920788e-01 4.99451993e+00
5.93011454e-01 -7.29051037e-02 -8.01886783e-01 -3.34942122e+00 4.16901268e-02 9.97336851e-01 -5.98441324e-02 -3.59865148e-01 8.04114026e-01 2.05751596e-03 5.94471566e-01 5.03519532e+00
5.83239594e-01 -7.45768996e-02 -8.08869598e-01 -3.40263858e+00 4.20576551e-02 9.97213469e-01 -6.16161141e-02 -3.64532968e-01 8.11210695e-01 1.91782033e-03 5.84750888e-01 5.07419993e+00
5.73170365e-01 -7.56164979e-02 -8.15939972e-01 -3.45597941e+00 4.49590879e-02 9.97135342e-01 -6.08263750e-02 -3.69177754e-01 8.18201965e-01 -1.82001917e-03 5.74928075e-01 5.11256816e+00
5.63130461e-01 -7.56308069e-02 -8.22899867e-01 -3.51003304e+00 4.57984645e-02 9.97128969e-01 -6.03027886e-02 -3.73867677e-01 8.25097922e-01 -3.72919104e-03 5.64977461e-01 5.15050020e+00
5.52777968e-01 -7.59561141e-02 -8.29859766e-01 -3.56696780e+00 4.54542044e-02 9.97103124e-01 -6.09861996e-02 -3.78735801e-01 8.32087929e-01 -4.00876605e-03 5.54629185e-01 5.18892098e+00
5.42245424e-01 -7.65744469e-02 -8.36723516e-01 -3.62463787e+00 4.41989191e-02 9.97059257e-01 -6.26044246e-02 -3.83761729e-01 8.39056744e-01 -3.03529048e-03 5.44035342e-01 5.22665242e+00
5.31642163e-01 -7.65838214e-02 -8.43499614e-01 -3.68349273e+00 4.20294867e-02 9.97062210e-01 -6.40358098e-02 -3.88970452e-01 8.45925570e-01 -1.40769768e-03 5.33299083e-01 5.26390379e+00
5.21025848e-01 -7.77602019e-02 -8.49991466e-01 -3.74114240e+00 4.10371087e-02 9.96972033e-01 -6.60516601e-02 -3.94107040e-01 8.52553769e-01 -4.66548393e-04 5.22639265e-01 5.29956979e+00
5.11512277e-01 -7.74181503e-02 -8.55781348e-01 -3.79850775e+00 3.97705040e-02 9.96998737e-01 -6.64219868e-02 -3.99251713e-01 8.58355056e-01 -5.91722187e-05 5.13056088e-01 5.33401563e+00
5.03285658e-01 -7.52126802e-02 -8.60840702e-01 -3.85861469e+00 3.88478569e-02 9.97167025e-01 -6.44114941e-02 -4.04502280e-01 8.63246401e-01 -1.02441377e-03 5.04781732e-01 5.36920292e+00
4.96005453e-01 -7.39560004e-02 -8.65164255e-01 -3.92113347e+00 4.00830944e-02 9.97254289e-01 -6.22673775e-02 -4.09764773e-01 8.67393688e-01 -3.79348012e-03 4.97608008e-01 5.40528462e+00
4.88979448e-01 -7.47003454e-02 -8.69090904e-01 -3.98193260e+00 4.08342577e-02 9.97194393e-01 -6.27364255e-02 -4.14873336e-01 8.71338907e-01 -4.81183764e-03 4.90657965e-01 5.43956983e+00
4.82183719e-01 -7.78629546e-02 -8.72603212e-01 -4.04163854e+00 4.20595964e-02 9.96951517e-01 -6.57173131e-02 -4.19937533e-01 8.75059872e-01 -5.01349834e-03 4.83988708e-01 5.47283353e+00
4.76389175e-01 -8.15759207e-02 -8.75442130e-01 -4.10246017e+00 4.44853115e-02 9.96647689e-01 -6.86626035e-02 -4.25265024e-01 8.78108389e-01 -6.23417190e-03 4.78421149e-01 5.50636448e+00
4.71039112e-01 -8.45308681e-02 -8.78052898e-01 -4.16322851e+00 4.54078429e-02 9.96401825e-01 -7.15649974e-02 -4.30847797e-01 8.80942823e-01 -6.16055136e-03 4.73182657e-01 5.53916543e+00
4.66193904e-01 -8.82298647e-02 -8.80272058e-01 -4.22208129e+00 4.74737738e-02 9.96075772e-01 -7.46946988e-02 -4.36422516e-01 8.83407819e-01 -6.96759927e-03 4.68553136e-01 5.57065681e+00
4.62050782e-01 -8.88451926e-02 -8.82392102e-01 -4.28173719e+00 4.92680733e-02 9.96004274e-01 -7.44859935e-02 -4.42220683e-01 8.85483825e-01 -9.05742258e-03 4.64581882e-01 5.60207044e+00
4.58385038e-01 -8.60148931e-02 -8.84581709e-01 -4.34446021e+00 5.10687729e-02 9.96210293e-01 -7.04059072e-02 -4.48255317e-01 8.87285181e-01 -1.29014633e-02 4.61040683e-01 5.63468621e+00
4.54768835e-01 -8.43507437e-02 -8.86606186e-01 -4.40759046e+00 5.48809660e-02 9.96267051e-01 -6.66335675e-02 -4.53931839e-01 8.88916896e-01 -1.83549086e-02 4.57700581e-01 5.66743962e+00
4.51779114e-01 -8.42376498e-02 -8.88144076e-01 -4.46868894e+00 5.72084498e-02 9.96218657e-01 -6.53875403e-02 -4.59228846e-01 8.90293575e-01 -2.12685950e-02 4.54890028e-01 5.69878658e+00
4.49259039e-01 -8.45281317e-02 -8.89393983e-01 -4.53044713e+00 5.97856389e-02 9.96127000e-01 -6.44725941e-02 -4.64496213e-01 8.91398849e-01 -2.42080643e-02 4.52572750e-01 5.73028484e+00
4.46834762e-01 -8.42669479e-02 -8.90639174e-01 -4.59174723e+00 6.28399280e-02 9.96051313e-01 -6.27135676e-02 -4.69681384e-01 8.92406715e-01 -2.79450718e-02 4.50365804e-01 5.76148387e+00
4.45069944e-01 -8.43426649e-02 -8.91515208e-01 -4.65329378e+00 6.56843247e-02 9.95947717e-01 -6.14311250e-02 -4.74703388e-01 8.93083557e-01 -3.12173995e-02 4.48806487e-01 5.79268050e+00
4.43396441e-01 -8.60001601e-02 -8.92190498e-01 -4.71556439e+00 6.83133074e-02 9.95733661e-01 -6.20309166e-02 -4.79566867e-01 8.93718541e-01 -3.34441675e-02 4.47379818e-01 5.82408360e+00
4.41684235e-01 -8.72344373e-02 -8.92919661e-01 -4.77742510e+00 7.14338318e-02 9.95521349e-01 -6.19233412e-02 -4.84467649e-01 8.94322238e-01 -3.64340781e-02 4.45937664e-01 5.85522958e+00
4.40324872e-01 -8.72490754e-02 -8.93589360e-01 -4.83835935e+00 7.46526341e-02 9.95378665e-01 -6.04018780e-02 -4.89263020e-01 8.94729588e-01 -4.01123190e-02 4.44803432e-01 5.88573776e+00
4.39363517e-01 -8.70767270e-02 -8.94079217e-01 -4.90102760e+00 7.66209270e-02 9.95296457e-01 -5.92819158e-02 -4.94108585e-01 8.95035739e-01 -4.24588381e-02 4.43968904e-01 5.91683104e+00
4.38087324e-01 -8.90324028e-02 -8.94512732e-01 -4.96456830e+00 7.92938990e-02 9.95031793e-01 -6.02030845e-02 -4.99005228e-01 8.95428405e-01 -4.45551653e-02 4.42970579e-01 5.94851574e+00
4.36766684e-01 -9.06953693e-02 -8.94991391e-01 -5.02726155e+00 8.07134588e-02 9.94842990e-01 -6.14248482e-02 -5.03876846e-01 8.95946584e-01 -4.54094928e-02 4.41834650e-01 5.97959172e+00
4.35761861e-01 -9.27162794e-02 -8.95274050e-01 -5.09055555e+00 8.14445345e-02 9.94661537e-01 -6.33670835e-02 -5.08972612e-01 8.96369574e-01 -4.53021893e-02 4.40986857e-01 6.01086394e+00
4.35797440e-01 -9.40795483e-02 -8.95114498e-01 -5.15375216e+00 8.11691774e-02 9.94577693e-01 -6.50152677e-02 -5.14183699e-01 8.96377277e-01 -4.43221896e-02 4.41070814e-01 6.04204619e+00
4.38088593e-01 -9.43561600e-02 -8.93966241e-01 -5.21767214e+00 7.97283388e-02 9.94635323e-01 -6.59106542e-02 -5.19590650e-01 8.95389238e-01 -4.23997071e-02 4.43261271e-01 6.07348733e+00
4.40935093e-01 -9.57655221e-02 -8.92415530e-01 -5.27988909e+00 7.96168549e-02 9.94545304e-01 -6.73870916e-02 -5.24868537e-01 8.94000828e-01 -4.13379557e-02 4.46154490e-01 6.10447477e+00
4.44558862e-01 -9.72384823e-02 -8.90456231e-01 -5.34157553e+00 7.95913138e-02 9.94446558e-01 -6.88584628e-02 -5.30178383e-01 8.92206648e-01 -4.02609150e-02 4.49829371e-01 6.13540955e+00
4.48587276e-01 -9.81545916e-02 -8.88332899e-01 -5.40281510e+00 7.99959495e-02 9.94371194e-01 -6.94750056e-02 -5.35620510e-01 8.90151770e-01 -3.98974031e-02 4.53914239e-01 6.16647339e+00
4.53724263e-01 -9.79049315e-02 -8.85747767e-01 -5.46252185e+00 7.98225718e-02 9.94416316e-01 -6.90273480e-02 -5.40896182e-01 8.87559984e-01 -3.93832561e-02 4.59005824e-01 6.19697253e+00
4.60096748e-01 -9.75264732e-02 -8.82496317e-01 -5.52195574e+00 7.96644506e-02 9.94474588e-01 -6.83676914e-02 -5.46120111e-01 8.84287662e-01 -3.88478063e-02 4.65323882e-01 6.22786370e+00
4.66997765e-01 -9.78601470e-02 -8.78826911e-01 -5.58008600e+00 8.00986342e-02 9.94453162e-01 -6.81720631e-02 -5.51309708e-01 8.80623326e-01 -3.85566071e-02 4.72245837e-01 6.25870799e+00
4.74980011e-01 -9.80226167e-02 -8.74520357e-01 -5.63948555e+00 8.03711370e-02 9.94455669e-01 -6.78137027e-02 -5.56571723e-01 8.76318817e-01 -3.80760130e-02 4.80224722e-01 6.29086568e+00
4.83372087e-01 -9.92223051e-02 -8.69773918e-01 -5.69800242e+00 8.06604169e-02 9.94377605e-01 -6.86102941e-02 -5.61801468e-01 8.71691176e-01 -3.69919968e-02 4.88657665e-01 6.32325478e+00
4.93000839e-01 -1.00632936e-01 -8.64189516e-01 -5.75619099e+00 7.90903710e-02 9.94359326e-01 -7.06716370e-02 -5.67127243e-01 8.66426616e-01 -3.35078626e-02 4.98179070e-01 6.35601291e+00
5.03764002e-01 -1.01862242e-01 -8.57814827e-01 -5.81398875e+00 7.86230750e-02 9.94308512e-01 -7.18978291e-02 -5.72561855e-01 8.60256029e-01 -3.12244717e-02 5.08905541e-01 6.38947591e+00
5.14660593e-01 -1.00994273e-01 -8.51425273e-01 -5.87158213e+00 7.79561174e-02 9.94437246e-01 -7.08359609e-02 -5.78001072e-01 8.53842806e-01 -2.99173016e-02 5.19670748e-01 6.42376515e+00
5.25753938e-01 -9.91697087e-02 -8.44836357e-01 -5.92847873e+00 7.74501091e-02 9.94636621e-01 -6.85554252e-02 -5.83223235e-01 8.47103560e-01 -2.93893567e-02 5.30614771e-01 6.45853377e+00
5.36897965e-01 -9.74941970e-02 -8.37995109e-01 -5.98690291e+00 7.82302590e-02 9.94774032e-01 -6.56125854e-02 -5.88429926e-01 8.40012382e-01 -3.03292829e-02 5.41719099e-01 6.49548558e+00
5.48769984e-01 -9.76982374e-02 -8.30245082e-01 -6.04305930e+00 7.92134732e-02 9.94756047e-01 -6.46988924e-02 -5.93403819e-01 8.32212082e-01 -3.02617578e-02 5.53631224e-01 6.53202884e+00
5.61034085e-01 -9.87296182e-02 -8.21884157e-01 -6.09868910e+00 8.02998143e-02 9.94670691e-01 -6.46715636e-02 -5.98398354e-01 8.23888917e-01 -2.97141637e-02 5.65972083e-01 6.56943622e+00
5.73387072e-01 -9.96942009e-02 -8.13196527e-01 -6.15343941e+00 8.07317458e-02 9.94613549e-01 -6.50109440e-02 -6.03463780e-01 8.15297371e-01 -2.83743118e-02 5.78347021e-01 6.60744635e+00
5.86361580e-01 -1.00800676e-01 -8.03753399e-01 -6.20528878e+00 8.24014408e-02 9.94502796e-01 -6.46087767e-02 -6.08270128e-01 8.05847491e-01 -2.83463059e-02 5.91444357e-01 6.64485038e+00
5.99774546e-01 -1.01165419e-01 -7.93748272e-01 -6.25399388e+00 8.34577026e-02 9.94474248e-01 -6.36859494e-02 -6.12862603e-01 7.95804900e-01 -2.80471666e-02 6.04903376e-01 6.68121962e+00
6.14507900e-01 -9.93818336e-02 -7.82626048e-01 -6.29824162e+00 8.30717064e-02 9.94669888e-01 -6.10814270e-02 -6.16993053e-01 7.84524825e-01 -2.74790325e-02 6.19488367e-01 6.71560608e+00
6.27647054e-01 -9.74324431e-02 -7.72377088e-01 -6.34260222e+00 8.43596884e-02 9.94807251e-01 -5.69390383e-02 -6.20854167e-01 7.73913908e-01 -2.94198411e-02 6.32607233e-01 6.75162047e+00
6.41409360e-01 -9.59247065e-02 -7.61178542e-01 -6.38631457e+00 8.30187647e-02 9.95004933e-01 -5.54358297e-02 -6.24703647e-01 7.62693941e-01 -2.76350121e-02 6.46169056e-01 6.78776335e+00
6.55708770e-01 -9.54545757e-02 -7.48955755e-01 -6.42647404e+00 8.10015429e-02 9.95144407e-01 -5.59147612e-02 -6.28343298e-01 7.50656312e-01 -2.40027431e-02 6.60256893e-01 6.82206968e+00
6.69132253e-01 -9.49828342e-02 -7.37048519e-01 -6.46300013e+00 7.89301562e-02 9.95271948e-01 -5.66028535e-02 -6.31757882e-01 7.38939910e-01 -2.03005322e-02 6.73465545e-01 6.85448260e+00
6.80998758e-01 -9.46431802e-02 -7.26142965e-01 -6.50267814e+00 7.87545388e-02 9.95327280e-01 -5.58694577e-02 -6.35359661e-01 7.28037498e-01 -1.91399948e-02 6.85270184e-01 6.89122572e+00
6.92736270e-01 -9.26624481e-02 -7.15213469e-01 -6.54173883e+00 7.82074693e-02 9.95515062e-01 -5.32284957e-02 -6.38903663e-01 7.16938044e-01 -1.90616976e-02 6.96876305e-01 6.92874536e+00
7.04269500e-01 -9.04166108e-02 -7.04151594e-01 -6.58086786e+00 7.73537777e-02 9.95724377e-01 -5.04893408e-02 -6.42343284e-01 7.05705990e-01 -1.89106543e-02 7.08252439e-01 6.96748164e+00
7.15283762e-01 -8.97483379e-02 -6.93047301e-01 -6.61830895e+00 7.73942652e-02 9.95791903e-01 -4.90757883e-02 -6.45670295e-01 6.94535398e-01 -1.85347429e-02 7.19219817e-01 7.00568194e+00
7.26490618e-01 -8.88284408e-02 -6.81411117e-01 -6.65455391e+00 7.59700378e-02 9.95913639e-01 -4.88309739e-02 -6.48898464e-01 6.82964215e-01 -1.62915546e-02 7.30270227e-01 7.04349100e+00
7.36632793e-01 -8.72317591e-02 -6.70643706e-01 -6.68888015e+00 7.43734575e-02 9.96080759e-01 -4.78704031e-02 -6.51988934e-01 6.72191134e-01 -1.46151528e-02 7.40233491e-01 7.08031678e+00
7.45650430e-01 -8.36825226e-02 -6.61062018e-01 -6.72296704e+00 7.21714115e-02 9.96388970e-01 -4.47245960e-02 -6.54862771e-01 6.62417568e-01 -1.43608346e-02 7.48997304e-01 7.11805356e+00
7.54903222e-01 -8.01377578e-02 -6.50921928e-01 -6.75733712e+00 6.97680085e-02 9.96687419e-01 -4.17933750e-02 -6.57606559e-01 6.52114910e-01 -1.38635439e-02 7.57993495e-01 7.15721731e+00
7.63883442e-01 -7.79542777e-02 -6.40629028e-01 -6.79031785e+00 6.75616614e-02 9.96882851e-01 -4.07444431e-02 -6.60283171e-01 6.41808292e-01 -1.21579266e-02 7.66768888e-01 7.19569589e+00
7.73242522e-01 -7.61055905e-02 -6.29527068e-01 -6.82251899e+00 6.53502643e-02 9.97049646e-01 -4.02674925e-02 -6.62899372e-01 6.30734317e-01 -1.00031930e-02 7.75934558e-01 7.23422192e+00
7.83254921e-01 -7.23996376e-02 -6.17470980e-01 -6.85496919e+00 6.14750989e-02 9.97347995e-01 -3.89605137e-02 -6.65553998e-01 6.18654159e-01 -7.44304578e-03 7.85628359e-01 7.27410811e+00
7.93919206e-01 -6.84871413e-02 -6.04154118e-01 -6.88661940e+00 5.89489666e-02 9.97625128e-01 -3.56263474e-02 -6.67985607e-01 6.05159249e-01 -7.32978932e-03 7.96070889e-01 7.31475260e+00
8.04705473e-01 -6.36043033e-02 -5.90257550e-01 -6.91669860e+00 5.56676750e-02 9.97947861e-01 -3.16433434e-02 -6.70221118e-01 5.91058883e-01 -7.39466360e-03 8.06594699e-01 7.35470999e+00
8.16388089e-01 -6.06714551e-02 -5.74308191e-01 -6.94507950e+00 5.27577679e-02 9.98143056e-01 -3.04505584e-02 -6.72252822e-01 5.75089195e-01 -5.43971491e-03 8.18072824e-01 7.39378414e+00
8.27677688e-01 -5.95799438e-02 -5.58032524e-01 -6.97125044e+00 5.08926419e-02 9.98220090e-01 -3.10935571e-02 -6.74193882e-01 5.58891799e-01 -2.66427638e-03 8.29236497e-01 7.43137326e+00
8.38493419e-01 -6.02497412e-02 -5.41570965e-01 -6.99518813e+00 5.06228949e-02 9.98183422e-01 -3.26704193e-02 -6.76065686e-01 5.42555524e-01 -2.19292321e-05 8.40020088e-01 7.46734124e+00
8.48775450e-01 -5.87173094e-02 -5.25483455e-01 -7.01978307e+00 4.94733981e-02 9.98274360e-01 -3.16360136e-02 -6.78023609e-01 5.26434228e-01 8.54448711e-04 8.50215570e-01 7.50601178e+00
8.59070571e-01 -5.62181414e-02 -5.08760869e-01 -7.04268811e+00 4.78898973e-02 9.98418161e-01 -2.94606628e-02 -6.79862711e-01 5.09612303e-01 9.44312040e-04 8.60403760e-01 7.54350238e+00
8.68753486e-01 -5.27209154e-02 -4.92430997e-01 -7.06475638e+00 4.58383209e-02 9.98609409e-01 -2.60451143e-02 -6.81554134e-01 4.93119312e-01 5.46033741e-05 8.69961866e-01 7.58123656e+00
8.78278574e-01 -5.04098416e-02 -4.75484962e-01 -7.08747444e+00 4.47100978e-02 9.98728422e-01 -2.32979795e-02 -6.83230927e-01 4.76054745e-01 -7.96833123e-04 8.79415456e-01 7.62184496e+00
8.87418025e-01 -4.82402199e-02 -4.58434803e-01 -7.10984326e+00 4.39606666e-02 9.98833006e-01 -2.00081968e-02 -6.84757456e-01 4.58864967e-01 -2.39743479e-03 8.88502939e-01 7.66384616e+00
8.95829628e-01 -4.67850364e-02 -4.41928431e-01 -7.13112340e+00 4.35002443e-02 9.98899042e-01 -1.75701182e-02 -6.86138010e-01 4.42263874e-01 -3.48413193e-03 8.96878318e-01 7.70574266e+00
9.03036271e-01 -4.65996521e-02 -4.27029555e-01 -7.15098906e+00 4.39842023e-02 9.98904326e-01 -1.59925224e-02 -6.87370179e-01 4.27306892e-01 -4.34069606e-03 9.04096325e-01 7.74686856e+00
9.09785167e-01 -4.62462631e-02 -4.12495369e-01 -7.16950004e+00 4.37006780e-02 9.98922836e-01 -1.56080131e-02 -6.88570730e-01 4.12772828e-01 -3.82635822e-03 9.10826056e-01 7.78668304e+00
9.16618710e-01 -4.48472088e-02 -3.97239331e-01 -7.18786182e+00 4.21126641e-02 9.98991018e-01 -1.56095260e-02 -6.89853939e-01 3.97538556e-01 -2.42079274e-03 9.17582345e-01 7.82763503e+00
9.23399472e-01 -4.18708404e-02 -3.81550118e-01 -7.20552425e+00 3.92457743e-02 9.99122118e-01 -1.46627376e-02 -6.91083861e-01 3.81829073e-01 -1.43463556e-03 9.24231950e-01 7.86845314e+00
9.29722492e-01 -4.00733198e-02 -3.66074401e-01 -7.22182759e+00 3.74073144e-02 9.99196779e-01 -1.43761118e-02 -6.92257664e-01 3.66356435e-01 -3.28035670e-04 9.30474657e-01 7.90817650e+00
9.35389965e-01 -4.03092954e-02 -3.51313369e-01 -7.23714669e+00 3.75503365e-02 9.99187227e-01 -1.46659422e-02 -6.93297608e-01 3.51618962e-01 5.26469995e-04 9.36143242e-01 7.94781074e+00
9.40355456e-01 -4.13511147e-02 -3.37671388e-01 -7.25241464e+00 3.81684838e-02 9.99142332e-01 -1.60621310e-02 -6.94415576e-01 3.38045912e-01 2.21573759e-03 9.41127196e-01 7.98922828e+00
9.44509357e-01 -4.13358115e-02 -3.25873787e-01 -7.26701023e+00 3.79110063e-02 9.99139038e-01 -1.68560367e-02 -6.95537110e-01 3.26289949e-01 3.56651098e-03 9.45263173e-01 8.03031574e+00
9.47695293e-01 -3.95998457e-02 -3.16710957e-01 -7.28086867e+00 3.62866199e-02 9.99207680e-01 -1.63550715e-02 -6.96581018e-01 3.17107655e-01 4.00728380e-03 9.48381255e-01 8.07044611e+00
9.50507262e-01 -3.63238911e-02 -3.08572362e-01 -7.29435423e+00 3.39711072e-02 9.99338447e-01 -1.29956400e-02 -6.97472791e-01 3.08840249e-01 1.86993536e-03 9.51112269e-01 8.11099146e+00
9.53348960e-01 -2.99137208e-02 -3.00385399e-01 -7.30834903e+00 2.87193352e-02 9.99552454e-01 -8.39189519e-03 -6.98330394e-01 3.00501965e-01 -6.26433579e-04 9.53781186e-01 8.15324105e+00
9.56033797e-01 -2.61853541e-02 -2.92085877e-01 -7.32124099e+00 2.55982307e-02 9.99655504e-01 -5.83244719e-03 -6.98907087e-01 2.92137942e-01 -1.90083376e-03 9.56374489e-01 8.19369817e+00
9.58589557e-01 -2.16072602e-02 -2.83971280e-01 -7.33396076e+00 2.14067303e-02 9.99763783e-01 -3.80991222e-03 -6.99433222e-01 2.83986499e-01 -2.42672290e-03 9.58825390e-01 8.23440827e+00
9.61049620e-01 -1.85922073e-02 -2.75750838e-01 -7.34633886e+00 1.88359950e-02 9.99821228e-01 -1.76455062e-03 -6.99866757e-01 2.75734325e-01 -3.49818844e-03 9.61227740e-01 8.27590128e+00
9.63442661e-01 -1.63159519e-02 -2.67418425e-01 -7.35845113e+00 1.72287846e-02 9.99851154e-01 1.06724893e-03 -7.00175110e-01 2.67361202e-01 -5.63549459e-03 9.63580117e-01 8.31835303e+00
9.65779369e-01 -1.61813052e-02 -2.58860901e-01 -7.37041354e+00 1.75060879e-02 9.99842951e-01 2.81322418e-03 -7.00441469e-01 2.58774731e-01 -7.24856226e-03 9.65910690e-01 8.36237423e+00
