1.00000000e+00 0.00000000e+00 0.00000000e+00 0.00000000e+00 0.00000000e+00 1.00000000e+00 0.00000000e+00 0.00000000e+00 0.00000000e+00 0.00000000e+00 1.00000000e+00 0.00000000e+00
9.99859043e-01 1.85178150e-03 1.66892864e-02 2.72501858e-04 -1.82393457e-03 9.99996938e-01 -1.68362397e-03 4.63301460e-04 -1.66923530e-02 1.65294643e-03 9.99859340e-01 2.99441119e-03
9.99261859e-01 5.15857113e-03 3.80674964e-02 6.46877984e-04 -5.08836463e-03 9.99985142e-01 -1.94092375e-03 8.92015396e-04 -3.80769465e-02 1.74578971e-03 9.99273303e-01 8.14382937e-03
9.97943445e-01 6.55402002e-03 6.37651021e-02 1.57430776e-03 -6.48197310e-03 9.99978126e-01 -1.33668904e-03 1.32931015e-03 -6.37724692e-02 9.20616381e-04 9.97964057e-01 1.40720438e-02
9.95437757e-01 6.39230235e-03 9.51991952e-02 2.93866259e-03 -6.44050306e-03 9.99979245e-01 1.99054694e-04 1.68869161e-03 -9.51959502e-02 -8.11277119e-04 9.95458225e-01 2.01815974e-02
9.91365002e-01 4.05781008e-03 1.31068793e-01 4.94653743e-03 -4.29573309e-03 9.99989647e-01 1.53256406e-03 2.04279144e-03 -1.31061208e-01 -2.08236669e-03 9.91372093e-01 2.79589450e-02
9.85790534e-01 1.80646552e-03 1.67969643e-01 7.31027154e-03 -2.07910991e-03 9.99996822e-01 1.44732667e-03 2.47268836e-03 -1.67966482e-01 -1.77598803e-03 9.85791116e-01 3.63240415e-02
9.77854957e-01 1.66052683e-03 2.09277166e-01 1.00345001e-02 -2.10175926e-03 9.99996023e-01 1.88599327e-03 2.95472963e-03 -2.09273198e-01 -2.28407784e-03 9.77854519e-01 4.46261888e-02
9.67443632e-01 1.39239449e-03 2.53082869e-01 1.36367339e-02 -2.43585934e-03 9.99989859e-01 3.80972521e-03 3.35952286e-03 -2.53074971e-01 -4.30216845e-03 9.67437100e-01 5.35323666e-02
9.55567701e-01 -1.71321026e-04 2.94771819e-01 1.77063623e-02 -2.66866517e-03 9.99953920e-01 9.23223755e-03 3.45230961e-03 -2.94759776e-01 -9.60867407e-03 9.55523101e-01 6.19803707e-02
9.41676230e-01 -5.02845036e-03 3.36482882e-01 2.17908793e-02 8.20435086e-05 9.99891901e-01 1.47129281e-02 3.69055941e-03 -3.36520428e-01 -1.38272067e-02 9.41574691e-01 6.82709669e-02
9.24119526e-01 -9.23469125e-03 3.81992226e-01 2.69650852e-02 2.70177025e-03 9.99841058e-01 1.76350833e-02 4.07750187e-03 -3.82094261e-01 -1.52648671e-02 9.23997381e-01 7.58416738e-02
9.03467660e-01 -8.88090528e-03 4.28564484e-01 3.24145373e-02 -5.57645424e-05 9.99783147e-01 2.08355118e-02 4.22175196e-03 -4.28656463e-01 -1.88481071e-02 9.03271034e-01 8.37944520e-02
8.80120556e-01 -7.94729911e-03 4.74683945e-01 3.82914198e-02 -4.21367358e-03 9.99689999e-01 2.45497559e-02 4.31085023e-03 -4.74731746e-01 -2.36069050e-02 8.79813991e-01 9.18673003e-02
8.53725680e-01 -9.29365999e-03 5.20640215e-01 4.47762596e-02 -5.93005509e-03 9.99602600e-01 2.75672255e-02 4.60173371e-03 -5.20689358e-01 -2.66222702e-02 8.53331111e-01 9.96132294e-02
8.24226718e-01 -1.09475302e-02 5.66154279e-01 5.10902379e-02 -6.96365201e-03 9.99541794e-01 2.94657157e-02 5.00174505e-03 -5.66217270e-01 -2.82289271e-02 8.23772614e-01 1.06032906e-01
7.92307878e-01 -1.20711824e-02 6.10002149e-01 5.95217119e-02 -8.14650935e-03 9.99506031e-01 3.03601601e-02 5.62137467e-03 -6.10067151e-01 -2.90239784e-02 7.91818030e-01 1.14488364e-01
7.57434098e-01 -1.22559969e-02 6.52796672e-01 6.86821516e-02 -9.53336999e-03 9.99509842e-01 2.98268795e-02 6.29366857e-03 -6.52842090e-01 -2.88152446e-02 7.56945835e-01 1.22806743e-01
7.20324872e-01 -1.23221706e-02 6.93527436e-01 7.81225109e-02 -1.08724465e-02 9.99519011e-01 2.90513874e-02 6.99497207e-03 -6.93551687e-01 -2.84667753e-02 7.19844251e-01 1.30519047e-01
6.81757644e-01 -1.14042216e-02 7.31489248e-01 8.89662327e-02 -1.42634383e-02 9.99481452e-01 2.88760421e-02 7.70728734e-03 -7.31439058e-01 -3.01200124e-02 6.81241315e-01 1.38961687e-01
6.41842572e-01 -1.10499341e-02 7.66756876e-01 1.00973427e-01 -1.59359172e-02 9.99488252e-01 2.77436427e-02 8.34333007e-03 -7.66670852e-01 -3.00260222e-02 6.41337905e-01 1.47515499e-01
6.02331799e-01 -1.14667476e-02 7.98163514e-01 1.17276449e-01 -1.66097611e-02 9.99500500e-01 2.68937462e-02 8.98707890e-03 -7.98073009e-01 -2.94562612e-02 6.01840384e-01 1.58754922e-01
5.64409719e-01 -1.27226037e-02 8.25396782e-01 1.34006069e-01 -1.65737182e-02 9.99505288e-01 2.67394728e-02 9.68885951e-03 -8.25328408e-01 -2.87719118e-02 5.63919520e-01 1.69446579e-01
5.27298431e-01 -1.17236112e-02 8.49599287e-01 1.49692892e-01 -1.75119136e-02 9.99542724e-01 2.46613358e-02 1.02967820e-02 -8.49499633e-01 -2.78819939e-02 5.26851922e-01 1.78373283e-01
4.90757904e-01 -1.01164206e-02 8.71237248e-01 1.66016708e-01 -1.70559757e-02 9.99629704e-01 2.12146881e-02 1.08783328e-02 -8.71129000e-01 -2.52710790e-02 4.90403537e-01 1.86709303e-01
4.56823057e-01 -8.05944449e-03 8.89521027e-01 1.83953970e-01 -1.43783216e-02 9.99761634e-01 1.64424092e-02 1.14170172e-02 -8.89441334e-01 -2.03010942e-02 4.56598208e-01 1.94946048e-01
4.25905930e-01 -5.62801860e-03 9.04749889e-01 2.05823796e-01 -1.12864939e-02 9.99869969e-01 1.15327651e-02 1.18696867e-02 -9.04697016e-01 -1.51233309e-02 4.25786960e-01 2.04626088e-01
3.99211760e-01 -3.02694634e-03 9.16853690e-01 2.28629952e-01 -9.48935387e-03 9.99927524e-01 7.43301263e-03 1.21937742e-02 -9.16809586e-01 -1.16676999e-02 3.99154045e-01 2.14408253e-01
3.78267047e-01 -2.03265757e-03 9.25694263e-01 2.53311940e-01 -7.77411353e-03 9.99955572e-01 5.37245917e-03 1.24714590e-02 -9.25663864e-01 -9.22868130e-03 3.78234363e-01 2.24344106e-01
3.63230242e-01 -2.27547701e-03 9.31696659e-01 2.81962315e-01 -5.82840849e-03 9.99972184e-01 4.71447890e-03 1.26657768e-02 -9.31681222e-01 -7.14275496e-03 3.63206780e-01 2.35298985e-01
3.51212681e-01 -3.20954513e-03 9.36290268e-01 3.14742319e-01 -4.42148643e-03 9.99977588e-01 5.08640533e-03 1.27675228e-02 -9.36285315e-01 -5.92620990e-03 3.51190531e-01 2.47419807e-01
3.39730894e-01 -4.12413420e-03 9.40513668e-01 3.49531264e-01 -5.58169025e-03 9.99964243e-01 6.40102941e-03 1.28708463e-02 -9.40506129e-01 -7.42428866e-03 3.39695641e-01 2.60111234e-01
3.29127980e-01 -4.99202390e-03 9.44272167e-01 3.85265630e-01 -6.06246873e-03 9.99954562e-01 7.39947867e-03 1.30382840e-02 -9.44265834e-01 -8.16000118e-03 3.29082694e-01 2.72618687e-01
3.19031061e-01 -6.06853811e-03 9.47724863e-01 4.23316506e-01 -5.95322107e-03 9.99947259e-01 8.40695178e-03 1.31804149e-02 -9.47725490e-01 -8.32409998e-03 3.18978055e-01 2.85467455e-01
3.08978353e-01 -7.09550815e-03 9.51042613e-01 4.62429444e-01 -6.44622180e-03 9.99933855e-01 9.55454432e-03 1.33495961e-02 -9.51047133e-01 -9.08278440e-03 3.08912142e-01 2.98290505e-01
2.99064144e-01 -7.92290292e-03 9.54200125e-01 5.03127293e-01 -6.23630692e-03 9.99928239e-01 1.02571637e-02 1.35807004e-02 -9.54212543e-01 -9.01824034e-03 2.98993235e-01 3.11137510e-01
2.89741433e-01 -8.45888546e-03 9.57067619e-01 5.45215102e-01 -5.94146096e-03 9.99926076e-01 1.06363905e-02 1.38223939e-02 -9.57086423e-01 -8.76818843e-03 2.89669733e-01 3.24023875e-01
2.80382464e-01 -1.03549827e-02 9.59832551e-01 5.88612213e-01 -6.99168557e-03 9.99893606e-01 1.28295535e-02 1.41110039e-02 -9.59862829e-01 -1.03080347e-02 2.80280192e-01 3.36930342e-01
2.69894131e-01 -1.26953929e-02 9.62806358e-01 6.32906555e-01 -8.27882323e-03 9.99845840e-01 1.55045076e-02 1.45208311e-02 -9.62854355e-01 -1.21554836e-02 2.69747391e-01 3.49577089e-01
2.58727746e-01 -1.54641469e-02 9.65826556e-01 6.78346384e-01 -8.77734343e-03 9.99793244e-01 1.83592889e-02 1.50134390e-02 -9.65910386e-01 -1.32274524e-02 2.58538486e-01 3.61910459e-01
2.46784395e-01 -1.67273825e-02 9.68926131e-01 7.24567033e-01 -9.06519531e-03 9.99767757e-01 1.95687196e-02 1.55629210e-02 -9.69028003e-01 -1.36127624e-02 2.46575417e-01 3.73965226e-01
2.33855678e-01 -1.66216924e-02 9.72129333e-01 7.70765968e-01 -8.76575883e-03 9.99777569e-01 1.92031171e-02 1.61101473e-02 -9.72231797e-01 -1.30122134e-02 2.33657927e-01 3.85347599e-01
2.20649733e-01 -1.47114258e-02 9.75242281e-01 8.15714075e-01 -9.17285513e-03 9.99811099e-01 1.71574102e-02 1.66384027e-02 -9.75309981e-01 -1.27315376e-02 2.20473085e-01 3.95872976e-01
2.05586271e-01 -1.31754281e-02 9.78550439e-01 8.61505669e-01 -7.74301926e-03 9.99856540e-01 1.50890476e-02 1.70456359e-02 -9.78608377e-01 -1.06790398e-02 2.05454749e-01 4.05714758e-01
1.86482824e-01 -1.09704552e-02 9.82397129e-01 9.07021934e-01 -8.61625024e-03 9.99881301e-01 1.28012731e-02 1.73025241e-02 -9.82420472e-01 -1.08518003e-02 1.86366162e-01 4.14828168e-01
1.63569187e-01 -8.77357855e-03 9.86493036e-01 9.52420373e-01 -1.13871590e-02 9.99877407e-01 1.07807050e-02 1.73753149e-02 -9.86466178e-01 -1.29967457e-02 1.63449245e-01 4.23068037e-01
1.36008410e-01 -7.30773399e-03 9.90680919e-01 9.97020566e-01 -1.36524725e-02 9.99864388e-01 9.24979242e-03 1.73649139e-02 -9.90613687e-01 -1.47832936e-02 1.35890220e-01 4.29783387e-01
1.05951868e-01 -6.28923271e-03 9.94351569e-01 1.04273149e+00 -1.50996687e-02 9.99854935e-01 7.93296553e-03 1.73124140e-02 -9.94256739e-01 -1.58548909e-02 1.05841560e-01 4.35248891e-01
7.46186953e-02 -4.83505586e-03 9.97200634e-01 1.08626984e+00 -1.55943967e-02 9.99860725e-01 6.01485207e-03 1.72259026e-02 -9.97090387e-01 -1.59995604e-02 7.45329372e-02 4.38928329e-01
4.27164946e-02 -3.10855532e-03 9.99082597e-01 1.13014801e+00 -1.58828802e-02 9.99867091e-01 3.79007834e-03 1.69873054e-02 -9.98961134e-01 -1.60302065e-02 4.26614937e-02 4.41260851e-01
1.18225435e-02 -9.17191618e-04 9.99929842e-01 1.17342389e+00 -1.78953239e-02 9.99839594e-01 1.12869025e-03 1.66273669e-02 -9.99770074e-01 -1.79074107e-02 1.18042981e-02 4.42415605e-01
-2.03757295e-02 1.88702233e-03 9.99790726e-01 1.21930622e+00 -2.07948194e-02 9.99781398e-01 -2.31080469e-03 1.60674327e-02 -9.99576190e-01 -2.08375490e-02 -2.03319594e-02 4.42332740e-01
-5.35610104e-02 5.37776017e-03 9.98550208e-01 1.26262965e+00 -1.96249335e-02 9.99786997e-01 -6.43708020e-03 1.54218226e-02 -9.98371811e-01 -1.99412550e-02 -5.34439775e-02 4.40237103e-01
-8.63757307e-02 9.43099600e-03 9.96218103e-01 1.30861607e+00 -1.46997363e-02 9.99834582e-01 -1.07397548e-02 1.44407013e-02 -9.96154302e-01 -1.55717955e-02 -8.62227113e-02 4.36055938e-01
-1.17109759e-01 1.34748463e-02 9.93027690e-01 1.35392089e+00 -1.02436522e-02 9.99838666e-01 -1.47753246e-02 1.32840807e-02 -9.93066254e-01 -1.19025635e-02 -1.16952731e-01 4.30490140e-01
-1.47191637e-01 1.75020610e-02 9.88953236e-01 1.39976546e+00 -4.62064500e-03 9.99820619e-01 -1.83821073e-02 1.19629681e-02 -9.89097287e-01 -7.27529441e-03 -1.47084253e-01 4.23374851e-01
-1.75312429e-01 2.21307217e-02 9.84264162e-01 1.44452786e+00 4.01798088e-03 9.99755281e-01 -2.17633726e-02 1.05923385e-02 -9.84504712e-01 1.39363798e-04 -1.75358338e-01 4.14896677e-01
-2.00098763e-01 3.18005163e-02 9.79259591e-01 1.48557155e+00 1.04222803e-02 9.99485871e-01 -3.03276937e-02 9.22537657e-03 -9.79720377e-01 4.13758264e-03 -2.00327201e-01 4.06021815e-01
-2.12954327e-01 4.93411094e-02 9.75815557e-01 1.51126520e+00 2.04044117e-02 9.98731039e-01 -4.60469126e-02 8.69030693e-03 -9.76849133e-01 1.01050517e-02 -2.13690756e-01 3.99450508e-01
-2.22890951e-01 6.82711085e-02 9.72449919e-01 1.52838062e+00 2.92965037e-02 9.97563368e-01 -6.33192942e-02 8.52284301e-03 -9.74403144e-01 1.43760830e-02 -2.24347846e-01 3.94715907e-01
-2.34887334e-01 8.57413224e-02 9.68233722e-01 1.54647242e+00 3.56391826e-02 9.96192054e-01 -7.95713233e-02 7.92397036e-03 -9.71369111e-01 1.58167618e-02 -2.37048530e-01 3.89490347e-01
-2.55338583e-01 9.76944778e-02 9.61903416e-01 1.57960188e+00 4.19102945e-02 9.95065405e-01 -8.99373939e-02 4.97359466e-03 -9.65942982e-01 1.73491690e-02 -2.58172883e-01 3.79844733e-01
-2.76969275e-01 1.01816518e-01 9.55469320e-01 1.62146511e+00 4.54402224e-02 9.94645742e-01 -9.28191288e-02 6.27171616e-04 -9.59803817e-01 1.77086912e-02 -2.80112755e-01 3.67666008e-01
-2.97822239e-01 1.01625595e-01 9.49196654e-01 1.66492632e+00 5.02250797e-02 9.94608500e-01 -9.07288682e-02 -3.87772003e-03 -9.53299298e-01 2.06524024e-02 -3.01320544e-01 3.53936995e-01
-3.15981658e-01 9.67793801e-02 9.43816433e-01 1.70854912e+00 5.35678950e-02 9.95017004e-01 -8.40954348e-02 -8.26065916e-03 -9.47251972e-01 2.39856435e-02 -3.19591233e-01 3.39030503e-01
-3.33413270e-01 9.46465765e-02 9.38017978e-01 1.75225316e+00 6.17050013e-02 9.95005684e-01 -7.84639651e-02 -1.23513509e-02 -9.40759434e-01 3.17194710e-02 -3.37588105e-01 3.22910611e-01
-3.48235242e-01 9.52777311e-02 9.32552660e-01 1.79570813e+00 6.42833879e-02 9.94906779e-01 -7.76435683e-02 -1.64463200e-02 -9.35200570e-01 3.29094145e-02 -3.52586217e-01 3.06637425e-01
-3.60080026e-01 9.91543678e-02 9.27637240e-01 1.83787675e+00 6.83475479e-02 9.94467774e-01 -7.97674199e-02 -2.04352678e-02 -9.30414509e-01 3.46790751e-02 -3.64864784e-01 2.89792783e-01
-3.71023657e-01 1.01949810e-01 9.23010158e-01 1.87887245e+00 6.93686147e-02 9.94221119e-01 -8.19311185e-02 -2.44455803e-02 -9.26028966e-01 3.36295510e-02 -3.75951518e-01 2.73069593e-01
-3.83130758e-01 1.02767952e-01 9.17959500e-01 1.91590420e+00 6.33839972e-02 9.94374260e-01 -8.48680696e-02 -2.83095942e-02 -9.21516965e-01 2.56683728e-02 -3.87489060e-01 2.58062393e-01
-3.95337401e-01 1.01928102e-01 9.12863122e-01 1.95866881e+00 6.37915802e-02 9.94471223e-01 -8.34137932e-02 -3.27623111e-02 -9.16318284e-01 2.52563864e-02 -3.99653686e-01 2.39586384e-01
-4.04498718e-01 1.03391962e-01 9.08675362e-01 2.00060870e+00 6.66911897e-02 9.94278376e-01 -8.34444333e-02 -3.70559190e-02 -9.12103738e-01 2.68474731e-02 -4.09079541e-01 2.20621482e-01
-4.11881870e-01 1.06653024e-01 9.04974312e-01 2.04278040e+00 7.06716461e-02 9.93874539e-01 -8.49652490e-02 -4.13185311e-02 -9.08492736e-01 2.89603763e-02 -4.16896122e-01 2.00993590e-01
-4.15241358e-01 1.09744849e-01 9.03067419e-01 2.08576321e+00 7.21612923e-02 9.93542290e-01 -8.75591497e-02 -4.57094806e-02 -9.06844840e-01 2.88083286e-02 -4.20479072e-01 1.80950035e-01
-4.14698232e-01 1.12256814e-01 9.03008292e-01 2.13005659e+00 7.25631318e-02 9.93280868e-01 -9.01550580e-02 -5.04627882e-02 -9.07061333e-01 2.81379620e-02 -4.20057404e-01 1.60354437e-01
-4.09790878e-01 1.12819129e-01 9.05175947e-01 2.17577697e+00 7.56990529e-02 9.93105329e-01 -8.95080352e-02 -5.53418892e-02 -9.09033205e-01 3.18413805e-02 -4.15505694e-01 1.39162254e-01
-4.01981124e-01 1.12095138e-01 9.08760727e-01 2.22415792e+00 7.39139933e-02 9.93211911e-01 -8.98170566e-02 -6.06651051e-02 -9.12659964e-01 3.10653685e-02 -4.07537706e-01 1.17943210e-01
-3.92545184e-01 1.11283071e-01 9.12975672e-01 2.27124686e+00 7.24048771e-02 9.93311575e-01 -8.99439084e-02 -6.57487361e-02 -9.16878513e-01 3.07968370e-02 -3.97976968e-01 9.78879016e-02
-3.83216190e-01 1.11157255e-01 9.16945802e-01 2.31971871e+00 7.13801053e-02 9.93327474e-01 -9.05850320e-02 -7.10544905e-02 -9.20896623e-01 3.07380316e-02 -3.88593446e-01 7.77432807e-02
-3.74867699e-01 1.10300976e-01 9.20493413e-01 2.36855964e+00 6.94657873e-02 9.93447834e-01 -9.07532935e-02 -7.64480244e-02 -9.24472342e-01 2.99223150e-02 -3.80073503e-01 5.79449617e-02
-3.69212580e-01 1.08946465e-01 9.22937132e-01 2.41974886e+00 6.64928187e-02 9.93656568e-01 -9.06946016e-02 -8.20633482e-02 -9.26963385e-01 2.78830969e-02 -3.74114543e-01 3.75641857e-02
-3.67014601e-01 1.07299493e-01 9.24006166e-01 2.47391421e+00 6.34417818e-02 9.93899546e-01 -9.02168107e-02 -8.79685832e-02 -9.28049472e-01 2.55097031e-02 -3.71582792e-01 1.62905688e-02
-3.66951957e-01 1.05620118e-01 9.24224507e-01 2.52851573e+00 6.07796727e-02 9.94132742e-01 -8.94774202e-02 -9.39887986e-02 -9.28252397e-01 2.33401413e-02 -3.71218372e-01 -5.02857118e-03
-3.66800011e-01 1.05301238e-01 9.24321161e-01 2.58552218e+00 6.03469134e-02 9.94173980e-01 -8.93115223e-02 -1.00313999e-01 -9.28340629e-01 2.30204555e-02 -3.71017512e-01 -2.75424409e-02
-3.65977868e-01 1.04879506e-01 9.24694902e-01 2.64105479e+00 5.94071705e-02 9.94235673e-01 -8.92545890e-02 -1.06497615e-01 -9.28725617e-01 2.22682979e-02 -3.70098734e-01 -4.93223313e-02
-3.64682524e-01 1.04720728e-01 9.25224481e-01 2.69668062e+00 5.85462007e-02 9.94268386e-01 -8.94591003e-02 -1.12689459e-01 -9.29289668e-01 2.15442033e-02 -3.68723170e-01 -7.10424028e-02
-3.63384245e-01 1.04191890e-01 9.25794845e-01 2.75133109e+00 5.86476492e-02 9.94314028e-01 -8.88834584e-02 -1.18770862e-01 -9.29791692e-01 2.19968381e-02 -3.67428546e-01 -9.24351791e-02
-3.61879222e-01 1.04436118e-01 9.26356691e-01 2.80658740e+00 5.93675991e-02 9.94269741e-01 -8.89007452e-02 -1.24892745e-01 -9.30332836e-01 2.28242342e-02 -3.66005576e-01 -1.14123404e-01
-3.60734556e-01 1.03537732e-01 9.26903796e-01 2.86337715e+00 5.85726541e-02 9.94372302e-01 -8.82787353e-02 -1.31280153e-01 -9.30827617e-01 2.24460203e-02 -3.64768820e-01 -1.36128541e-01
-3.59245762e-01 1.03414237e-01 9.27495613e-01 2.91842500e+00 5.93424548e-02 9.94361573e-01 -8.78846638e-02 -1.37384752e-01 -9.31354495e-01 2.34676685e-02 -3.63356922e-01 -1.57460276e-01
-3.57730068e-01 1.02831356e-01 9.28146016e-01 2.97324826e+00 5.81347542e-02 9.94442987e-01 -8.77700275e-02 -1.43531328e-01 -9.32013825e-01 2.25595570e-02 -3.61720137e-01 -1.78427672e-01
-3.56175808e-01 1.00931991e-01 9.28951932e-01 3.02728160e+00 5.61516144e-02 9.94664507e-01 -8.65423250e-02 -1.49479158e-01 -9.32730435e-01 2.13378611e-02 -3.59942837e-01 -1.98766098e-01
-3.53636213e-01 9.86987581e-02 9.30161362e-01 3.08155629e+00 5.54964667e-02 9.94879623e-01 -8.44669238e-02 -1.55254906e-01 -9.33735414e-01 2.17500979e-02 -3.57302823e-01 -2.19165670e-01
-3.51187645e-01 9.73317463e-02 9.31232503e-01 3.13776133e+00 5.55952045e-02 9.94995055e-01 -8.30300775e-02 -1.61104024e-01 -9.34653267e-01 2.26129149e-02 -3.54841069e-01 -2.40252997e-01
-3.48650492e-01 9.70147610e-02 9.32218448e-01 3.19319681e+00 5.52605130e-02 9.95025918e-01 -8.28836309e-02 -1.66742985e-01 -9.35622493e-01 2.26174409e-02 -3.52277286e-01 -2.60745548e-01
-3.46051176e-01 9.74901334e-02 9.33136927e-01 3.24987481e+00 5.63461281e-02 9.94950927e-01 -8.30524555e-02 -1.72542650e-01 -9.36522287e-01 2.38382427e-02 -3.49797074e-01 -2.81800598e-01
-3.44442623e-01 9.82998043e-02 9.33647001e-01 3.30804125e+00 5.65101978e-02 9.94870704e-01 -8.38980156e-02 -1.78380407e-01 -9.37105224e-01 2.38625140e-02 -3.48230751e-01 -3.03227412e-01
-3.44331587e-01 1.00401655e-01 9.33464260e-01 3.36769024e+00 5.63827912e-02 9.94682147e-01 -8.61879950e-02 -1.84542400e-01 -9.37153686e-01 2.29540618e-02 -3.48161347e-01 -3.25305667e-01
-3.46942041e-01 1.03356230e-01 9.32174287e-01 3.42722432e+00 5.65779785e-02 9.94405580e-01 -8.91987526e-02 -1.90828412e-01 -9.36178610e-01 2.17937312e-02 -3.50848728e-01 -3.47453121e-01
-3.51706459e-01 1.04792315e-01 9.30226495e-01 3.48421971e+00 5.57244530e-02 9.94295937e-01 -9.09412654e-02 -1.96999278e-01 -9.34450384e-01 1.98517245e-02 -3.55539753e-01 -3.68650414e-01
-3.58587008e-01 1.03355916e-01 9.27757008e-01 3.54165208e+00 5.59693458e-02 9.94444193e-01 -8.91524953e-02 -2.03212664e-01 -9.31817033e-01 1.99570192e-02 -3.62379465e-01 -3.90554815e-01
-3.64608353e-01 1.00688900e-01 9.25701157e-01 3.60039285e+00 5.62943238e-02 9.94701627e-01 -8.60213535e-02 -2.09432917e-01 -9.29457866e-01 2.07476098e-02 -3.68344647e-01 -4.13492527e-01
-3.70051556e-01 9.91731020e-02 9.23702700e-01 3.66048192e+00 5.40659725e-02 9.94899579e-01 -8.51573893e-02 -2.15757498e-01 -9.27436731e-01 1.84282543e-02 -3.73525944e-01 -4.37095919e-01
-3.75184541e-01 1.02896206e-01 9.21221527e-01 3.71658302e+00 5.64878137e-02 9.94510781e-01 -8.80766099e-02 -2.21718963e-01 -9.25227518e-01 1.89928003e-02 -3.78937362e-01 -4.60000301e-01
-3.81012873e-01 1.04794514e-01 9.18611730e-01 3.77031857e+00 5.63613206e-02 9.94340606e-01 -9.00566499e-02 -2.27647764e-01 -9.22850436e-01 1.74614194e-02 -3.84762836e-01 -4.82084111e-01
-3.86956861e-01 1.06598933e-01 9.15915548e-01 3.82144159e+00 5.53748885e-02 9.94188982e-01 -9.23140162e-02 -2.33446854e-01 -9.20433746e-01 1.49971712e-02 -3.90611091e-01 -5.03452712e-01
-3.91602703e-01 1.07145122e-01 9.13874969e-01 3.87606162e+00 5.33514016e-02 9.94170205e-01 -9.36976958e-02 -2.39726978e-01 -9.18586533e-01 1.20642320e-02 -3.95036009e-01 -5.26396728e-01
-3.95923354e-01 1.06448431e-01 9.12093016e-01 3.93169145e+00 5.27130153e-02 9.94255225e-01 -9.31556689e-02 -2.46004655e-01 -9.16769512e-01 1.11966607e-02 -3.99259994e-01 -5.50223878e-01
-3.97720752e-01 9.88004492e-02 9.12171497e-01 3.98961138e+00 5.43547729e-02 9.94976313e-01 -8.40698520e-02 -2.52419703e-01 -9.15895218e-01 1.61445416e-02 -4.01092911e-01 -5.75457653e-01
-3.99629915e-01 8.91567206e-02 9.12330616e-01 4.04781482e+00 5.40332046e-02 9.95819511e-01 -7.36473741e-02 -2.58331878e-01 -9.15082857e-01 1.98644436e-02 -4.02776597e-01 -6.00642012e-01
-4.01703000e-01 8.77713878e-02 9.11554216e-01 4.10386417e+00 5.40393427e-02 9.95933713e-01 -7.20821179e-02 -2.63417014e-01 -9.14174351e-01 2.03041776e-02 -4.04812585e-01 -6.25135292e-01
-4.03173854e-01 9.26039068e-02 9.10426017e-01 4.15418462e+00 5.32054723e-02 9.95556010e-01 -7.77013754e-02 -2.68066232e-01 -9.13575568e-01 1.71124746e-02 -4.06309085e-01 -6.47387589e-01
-4.04596056e-01 9.94343120e-02 9.09073706e-01 4.20379652e+00 5.47233377e-02 9.94922344e-01 -8.44690576e-02 -2.72925673e-01 -9.12856839e-01 1.55716930e-02 -4.07982937e-01 -6.69675741e-01
-4.05104105e-01 1.02888554e-01 9.08462844e-01 4.25470960e+00 5.97940810e-02 9.94501935e-01 -8.59694586e-02 -2.78143309e-01 -9.12313276e-01 1.94941145e-02 -4.09028841e-01 -6.92784314e-01
-4.05377517e-01 1.04079475e-01 9.08205178e-01 4.30330301e+00 6.25218380e-02 9.94327872e-01 -8.60424431e-02 -2.83183224e-01 -9.12008932e-01 2.19029794e-02 -4.09585288e-01 -7.14698672e-01
-4.05477963e-01 1.01013639e-01 9.08506459e-01 4.35452676e+00 6.10983632e-02 9.94647958e-01 -8.33224534e-02 -2.88518144e-01 -9.12060745e-01 2.17228331e-02 -4.09479484e-01 -7.37343635e-01
-4.05037661e-01 9.65139713e-02 9.09191778e-01 4.40762510e+00 6.02280663e-02 9.95069596e-01 -7.87991080e-02 -2.93835279e-01 -9.12314267e-01 2.28422495e-02 -4.08853387e-01 -7.60828144e-01
-4.04851412e-01 9.01559005e-02 9.09927130e-01 4.46282843e+00 5.73402531e-02 9.95672125e-01 -7.31393177e-02 -2.99161908e-01 -9.12582980e-01 2.25648884e-02 -4.08268692e-01 -7.84944946e-01
-4.05199863e-01 8.60105255e-02 9.10173316e-01 4.51596902e+00 5.02719498e-02 9.96154723e-01 -7.17551467e-02 -3.04059775e-01 -9.12845060e-01 1.66810039e-02 -4.07965536e-01 -8.07748945e-01
-4.05120624e-01 8.16800875e-02 9.10607384e-01 4.56831735e+00 4.36993095e-02 9.96592922e-01 -6.99514637e-02 -3.08851792e-01 -9.13218484e-01 1.14541258e-02 -4.07309552e-01 -8.30183131e-01
-4.03709905e-01 8.23631198e-02 9.11172227e-01 4.61913391e+00 4.74259676e-02 9.96484633e-01 -6.90618709e-02 -3.13237961e-01 -9.13657190e-01 1.53322557e-02 -4.06196692e-01 -8.53159070e-01
-4.01236108e-01 8.51233756e-02 9.12010846e-01 4.66712375e+00 5.08291074e-02 9.96207607e-01 -7.06198745e-02 -3.17443239e-01 -9.14563520e-01 1.80214454e-02 -4.04041018e-01 -8.74680374e-01
-3.96313734e-01 8.81900977e-02 9.13869893e-01 4.71831445e+00 5.38813979e-02 9.95894677e-01 -7.27391542e-02 -3.21960894e-01 -9.16532962e-01 2.04130530e-02 -3.99438360e-01 -8.97314262e-01
-3.89264973e-01 9.00367525e-02 9.16715006e-01 4.77119773e+00 5.93836801e-02 9.95594274e-01 -7.25679104e-02 -3.26686971e-01 -9.19209892e-01 2.61897572e-02 -3.92896485e-01 -9.20419599e-01
-3.81602727e-01 9.25588444e-02 9.19680643e-01 4.82423151e+00 6.66247262e-02 9.95140236e-01 -7.25087144e-02 -3.31364645e-01 -9.21922428e-01 3.36039389e-02 -3.85914742e-01 -9.43376057e-01
-3.71528632e-01 9.19138507e-02 9.23860701e-01 4.87514817e+00 6.51458465e-02 9.95215784e-01 -7.28146373e-02 -3.36130887e-01 -9.26133370e-01 3.31329539e-02 -3.75738768e-01 -9.63925478e-01
-3.59822421e-01 8.95018056e-02 9.28718257e-01 4.92803797e+00 6.29577640e-02 9.95449016e-01 -7.15404105e-02 -3.41066531e-01 -9.30894562e-01 3.27281692e-02 -3.63819517e-01 -9.84531371e-01
-3.47810238e-01 8.56533258e-02 9.33644422e-01 4.98369302e+00 6.20179431e-02 9.95739231e-01 -6.82464547e-02 -3.46111931e-01 -9.35511835e-01 3.41658768e-02 -3.51640152e-01 -1.00524831e+00
-3.36042656e-01 8.49381118e-02 9.38009151e-01 5.04061138e+00 6.12182376e-02 9.95789235e-01 -6.82387129e-02 -3.51108633e-01 -9.39855419e-01 3.44921353e-02 -3.39827233e-01 -1.02581665e+00
-3.23329714e-01 8.42173449e-02 9.42531513e-01 5.09838878e+00 6.26663614e-02 9.95751168e-01 -6.74753484e-02 -3.56082564e-01 -9.44209365e-01 3.72482219e-02 -3.27233359e-01 -1.04604941e+00
-3.09700833e-01 8.53125148e-02 9.46999229e-01 5.15697628e+00 6.50901157e-02 9.95532710e-01 -6.83981112e-02 -3.61129955e-01 -9.48603837e-01 4.04573217e-02 -3.13870130e-01 -1.06608907e+00
-2.95401888e-01 8.86929174e-02 9.51247396e-01 5.21277046e+00 6.49409657e-02 9.95242815e-01 -7.26281315e-02 -3.66096430e-01 -9.53163675e-01 4.03204235e-02 -2.99756211e-01 -1.08432385e+00
-2.82633797e-01 9.68040764e-02 9.54330917e-01 5.26072233e+00 6.63374126e-02 9.94485481e-01 -8.12308088e-02 -3.70473031e-01 -9.56931596e-01 4.03492582e-02 -2.87496747e-01 -1.09969499e+00
-2.66648394e-01 1.00768123e-01 9.58511779e-01 5.31558037e+00 6.62677665e-02 9.94082732e-01 -8.60726876e-02 -3.76055136e-01 -9.61513309e-01 4.05672753e-02 -2.71748059e-01 -1.11605661e+00
-2.50229143e-01 9.75970486e-02 9.63255177e-01 5.37063347e+00 6.32813718e-02 9.94427732e-01 -8.43165944e-02 -3.81893355e-01 -9.66116690e-01 3.98576241e-02 -2.55010694e-01 -1.13090661e+00
-2.35223775e-01 9.33034447e-02 9.67452645e-01 5.42391925e+00 5.75437609e-02 9.94972632e-01 -8.19665387e-02 -3.87709001e-01 -9.70236663e-01 3.63903669e-02 -2.39410064e-01 -1.14420802e+00
-2.23926792e-01 9.40532114e-02 9.70057278e-01 5.48153471e+00 5.30292691e-02 9.95034093e-01 -8.42336982e-02 -3.93830070e-01 -9.73162543e-01 3.25792288e-02 -2.27802188e-01 -1.15794721e+00
-2.16626047e-01 9.90894197e-02 9.71213033e-01 5.53427059e+00 4.80727426e-02 9.94711548e-01 -9.07644503e-02 -3.99491917e-01 -9.75070686e-01 2.70269125e-02 -2.20243750e-01 -1.16989892e+00
-2.12939074e-01 1.04545642e-01 9.71456318e-01 5.58039323e+00 4.22594505e-02 9.94314199e-01 -9.77424908e-02 -4.04793279e-01 -9.76151487e-01 2.02399986e-02 -2.16146205e-01 -1.17995486e+00
-2.09909224e-01 1.06836909e-01 9.71866330e-01 5.63227382e+00 4.06576028e-02 9.94106033e-01 -1.00500282e-01 -4.11096575e-01 -9.76875489e-01 1.84178034e-02 -2.13015573e-01 -1.19115525e+00
-2.06556329e-01 1.06393160e-01 9.72633074e-01 5.69139228e+00 3.83588882e-02 9.94186848e-01 -1.00604670e-01 -4.18263403e-01 -9.77682827e-01 1.65285771e-02 -2.09436514e-01 -1.20363543e+00
-2.02356564e-01 1.06546174e-01 9.73498772e-01 5.74950636e+00 3.73001947e-02 9.94181321e-01 -1.01056415e-01 -4.25205998e-01 -9.78601601e-01 1.58622501e-02 -2.05153118e-01 -1.21579020e+00
-1.98462642e-01 1.02517076e-01 9.74732228e-01 5.80326702e+00 3.47243359e-02 9.94625837e-01 -9.75392606e-02 -4.31660826e-01 -9.79493397e-01 1.44890154e-02 -2.00955716e-01 -1.22637781e+00
-1.95666121e-01 9.90622062e-02 9.75654421e-01 5.85475011e+00 3.42454946e-02 9.94968457e-01 -9.41553696e-02 -4.37690837e-01 -9.80072695e-01 1.49887370e-02 -1.98073868e-01 -1.23662832e+00
-1.90811522e-01 9.64131764e-02 9.76880519e-01 5.91237815e+00 3.22906790e-02 9.95242934e-01 -9.19182212e-02 -4.44141709e-01 -9.81095654e-01 1.40050638e-02 -1.93016893e-01 -1.24739307e+00
-1.85821543e-01 9.56785337e-02 9.77914101e-01 5.97006198e+00 2.60628749e-02 9.95377681e-01 -9.24347483e-02 -4.50652354e-01 -9.82237988e-01 8.31086958e-03 -1.87456093e-01 -1.25785150e+00
-1.80570645e-01 9.65356498e-02 9.78813107e-01 6.02644038e+00 1.99698309e-02 9.95326467e-01 -9.44802819e-02 -4.57064313e-01 -9.83359445e-01 2.48635069e-03 -1.81654370e-01 -1.26759349e+00
-1.74293928e-01 1.00469499e-01 9.79554759e-01 6.08299336e+00 2.07501121e-02 9.94935141e-01 -9.83549165e-02 -4.63326337e-01 -9.84475192e-01 3.18319129e-03 -1.75495727e-01 -1.27772281e+00
-1.67541429e-01 1.03688052e-01 9.80397151e-01 6.13848066e+00 2.27226580e-02 9.94595782e-01 -1.01306617e-01 -4.69636334e-01 -9.85603266e-01 5.30415956e-03 -1.68991892e-01 -1.28737399e+00
-1.62804416e-01 1.01963405e-01 9.81375645e-01 6.19449279e+00 2.19638676e-02 9.94774023e-01 -9.97118030e-02 -4.76076014e-01 -9.86414014e-01 5.32126838e-03 -1.64192931e-01 -1.29669827e+00
-1.58225373e-01 9.66232320e-02 9.82664063e-01 6.25236427e+00 2.05333981e-02 9.95307487e-01 -9.45602110e-02 -4.82551148e-01 -9.87189644e-01 5.21559222e-03 -1.59466716e-01 -1.30591558e+00
-1.51596159e-01 9.41028510e-02 9.83952850e-01 6.31373135e+00 2.07078692e-02 9.95541866e-01 -9.20207627e-02 -4.89144396e-01 -9.88225663e-01 6.42555716e-03 -1.52868814e-01 -1.31533089e+00
-1.45135749e-01 9.77994322e-02 9.84566322e-01 6.36985721e+00 2.02789101e-02 9.95187871e-01 -9.58651618e-02 -4.95241220e-01 -9.89203957e-01 6.05245519e-03 -1.46420429e-01 -1.32378390e+00
-1.39960007e-01 1.00674723e-01 9.85025720e-01 6.42520700e+00 2.03712368e-02 9.94899937e-01 -9.87894092e-02 -5.01495408e-01 -9.89947598e-01 6.23961198e-03 -1.41296898e-01 -1.33176285e+00
-1.34580906e-01 1.01743834e-01 9.85665302e-01 6.48081230e+00 1.72122081e-02 9.94804754e-01 -1.00337106e-01 -5.07926885e-01 -9.90753132e-01 3.46200407e-03 -1.35632785e-01 -1.33913569e+00
-1.29414070e-01 1.01385467e-01 9.86393927e-01 6.53702861e+00 1.73249027e-02 9.94838704e-01 -9.99804382e-02 -5.14415248e-01 -9.91439304e-01 4.15028950e-03 -1.30502450e-01 -1.34637001e+00
-1.23412772e-01 1.00864009e-01 9.87216138e-01 6.59034756e+00 1.75253545e-02 9.94887620e-01 -9.94569482e-02 -5.20647228e-01 -9.92200664e-01 5.02704100e-03 -1.24549354e-01 -1.35280704e+00
-1.17926044e-01 1.01612036e-01 9.87809906e-01 6.64361602e+00 1.75944253e-02 9.94808655e-01 -1.00231529e-01 -5.26775494e-01 -9.92866485e-01 5.56002600e-03 -1.19101495e-01 -1.35896581e+00
-1.12811719e-01 1.02089514e-01 9.88357833e-01 6.69716770e+00 1.83934292e-02 9.94751874e-01 -1.00650540e-01 -5.32908577e-01 -9.93446072e-01 6.82471544e-03 -1.14097293e-01 -1.36502649e+00
-1.08072854e-01 1.01674963e-01 9.88929956e-01 6.75327237e+00 1.30870850e-02 9.94815627e-01 -1.00849912e-01 -5.39430532e-01 -9.94056799e-01 2.04305877e-03 -1.08843043e-01 -1.37032507e+00
-1.04237934e-01 1.00648521e-01 9.89446485e-01 6.81044566e+00 9.22541654e-03 9.94921233e-01 -1.00233545e-01 -5.45974429e-01 -9.94509555e-01 -1.32009513e-03 -1.04636910e-01 -1.37563174e+00
-1.00870379e-01 1.00747916e-01 9.89785356e-01 6.86694224e+00 1.12889313e-02 9.94911457e-01 -1.00119238e-01 -5.52312158e-01 -9.94835497e-01 1.07453948e-03 -1.01494285e-01 -1.38123372e+00
-9.74664989e-02 1.01144933e-01 9.90085857e-01 6.92473013e+00 1.21250865e-02 9.94869332e-01 -1.00439988e-01 -5.58813568e-01 -9.95164914e-01 2.21532898e-03 -9.81926697e-02 -1.38673910e+00
-9.35047182e-02 1.02358034e-01 9.90343268e-01 6.98089825e+00 1.21129872e-02 9.94744599e-01 -1.01669290e-01 -5.65184170e-01 -9.95545127e-01 2.48944314e-03 -9.42530265e-02 -1.39187864e+00
-8.78047216e-02 1.01199375e-01 9.90983924e-01 7.03583184e+00 1.69974093e-02 9.94833622e-01 -1.00086499e-01 -5.71231939e-01 -9.95992636e-01 8.05607728e-03 -8.90710740e-02 -1.39691243e+00
-8.17516632e-02 9.93683689e-02 9.91686765e-01 7.09356326e+00 2.37809796e-02 9.94928554e-01 -9.77327944e-02 -5.77461789e-01 -9.96368895e-01 1.55934481e-02 -8.37000034e-02 -1.40216154e+00
-7.68408756e-02 9.89564694e-02 9.92120563e-01 7.15105128e+00 2.49849147e-02 9.94941251e-01 -9.73027241e-02 -5.83578754e-01 -9.96730219e-01 1.73112045e-02 -7.89244348e-02 -1.40659458e+00
-7.23112836e-02 1.01145281e-01 9.92240349e-01 7.20767674e+00 2.32533500e-02 9.94745323e-01 -9.97060203e-02 -5.89792897e-01 -9.97110985e-01 1.58630254e-02 -7.42831347e-02 -1.41047380e+00
-6.83633290e-02 1.03439305e-01 9.92283732e-01 7.26664706e+00 2.21245038e-02 9.94523215e-01 -1.02148518e-01 -5.96403772e-01 -9.97415105e-01 1.49705562e-02 -7.02773227e-02 -1.41446027e+00
-6.59529108e-02 1.03946536e-01 9.92393897e-01 7.32635765e+00 2.09319872e-02 9.94484532e-01 -1.02774447e-01 -6.03276427e-01 -9.97603127e-01 1.39944858e-02 -6.77648228e-02 -1.41829002e+00
-6.41523321e-02 1.03820298e-01 9.92525093e-01 7.38515844e+00 2.11058715e-02 9.94492462e-01 -1.02661933e-01 -6.10024556e-01 -9.97716837e-01 1.43620887e-02 -6.59900954e-02 -1.42203469e+00
-6.20479225e-02 9.99553050e-02 9.93055516e-01 7.44599623e+00 2.33190202e-02 9.94846240e-01 -9.86785603e-02 -6.16933096e-01 -9.97800636e-01 1.70342654e-02 -6.40588687e-02 -1.42605317e+00
-6.04043297e-02 9.60011550e-02 9.93546859e-01 7.50631404e+00 2.32361760e-02 9.95229895e-01 -9.47511261e-02 -6.23566461e-01 -9.97903427e-01 1.73628339e-02 -6.23467621e-02 -1.42969455e+00
-5.91773589e-02 9.51757663e-02 9.93700076e-01 7.56695284e+00 2.43516800e-02 9.95286046e-01 -9.38774854e-02 -6.29999275e-01 -9.97950339e-01 1.86428276e-02 -6.12159547e-02 -1.43349270e+00
-5.77854710e-02 9.99811386e-02 9.93310038e-01 7.62296704e+00 2.51740205e-02 9.94802241e-01 -9.86668577e-02 -6.36019752e-01 -9.98011501e-01 1.93040806e-02 -6.00019061e-02 -1.43694197e+00
-5.71208272e-02 1.03699574e-01 9.92967175e-01 7.67989855e+00 2.60050190e-02 9.94408236e-01 -1.02354132e-01 -6.42394669e-01 -9.98028485e-01 1.99755614e-02 -5.94979913e-02 -1.44036349e+00
-5.65530365e-02 1.03887056e-01 9.92980109e-01 7.73743655e+00 2.41865147e-02 9.94422584e-01 -1.02660490e-01 -6.49071970e-01 -9.98106574e-01 1.82109495e-02 -5.87501416e-02 -1.44345515e+00
-5.63084710e-02 1.04012658e-01 9.92980854e-01 7.79731455e+00 2.34693339e-02 9.94421957e-01 -1.02832759e-01 -6.56037752e-01 -9.98137533e-01 1.75142276e-02 -5.84353467e-02 -1.44682822e+00
-5.52204707e-02 1.05151346e-01 9.92922028e-01 7.85627975e+00 2.73809484e-02 9.94224887e-01 -1.03766573e-01 -6.62798900e-01 -9.98098660e-01 2.14570902e-02 -5.77805723e-02 -1.45061745e+00
-5.42321765e-02 1.08459159e-01 9.92620645e-01 7.91441005e+00 2.61656838e-02 9.93896637e-01 -1.07169027e-01 -6.69546097e-01 -9.98185405e-01 2.01605726e-02 -5.67389502e-02 -1.45374657e+00
-5.41722822e-02 1.11574771e-01 9.92278575e-01 7.96952936e+00 2.14822127e-02 9.93638019e-01 -1.10554860e-01 -6.76236625e-01 -9.98300424e-01 1.53273163e-02 -5.62243791e-02 -1.45634986e+00
-5.26433090e-02 1.14605109e-01 9.92015503e-01 8.02430378e+00 2.00688850e-02 9.93313765e-01 -1.13690124e-01 -6.83144469e-01 -9.98411660e-01 1.39236071e-02 -5.45911863e-02 -1.45912843e+00
-5.18475173e-02 1.18472242e-01 9.91603033e-01 8.07598400e+00 1.99707906e-02 9.92863000e-01 -1.17578593e-01 -6.89924977e-01 -9.98455244e-01 1.37069260e-02 -5.38433323e-02 -1.46162764e+00
-5.15472285e-02 1.20390420e-01 9.91387668e-01 8.12589854e+00 1.98162941e-02 9.92635291e-01 -1.19511601e-01 -6.96695490e-01 -9.98473872e-01 1.34851254e-02 -5.35531574e-02 -1.46402501e+00
-5.01478454e-02 1.22078279e-01 9.91253032e-01 8.17665171e+00 1.81289291e-02 9.92449576e-01 -1.21308510e-01 -7.03582364e-01 -9.98577170e-01 1.18869848e-02 -5.19822248e-02 -1.46619852e+00
-4.85012967e-02 1.21232932e-01 9.91438725e-01 8.21889993e+00 2.03932806e-02 9.92520184e-01 -1.20367561e-01 -7.09381006e-01 -9.98614838e-01 1.43806921e-02 -5.06107238e-02 -1.46824122e+00
-4.74488786e-02 1.18162306e-01 9.91860269e-01 8.26285928e+00 2.09859284e-02 9.92877425e-01 -1.17279585e-01 -7.15434436e-01 -9.98653103e-01 1.52503097e-02 -4.95905390e-02 -1.47012405e+00
-4.85366903e-02 1.14055892e-01 9.92288286e-01 8.30219869e+00 2.13877938e-02 9.93350057e-01 -1.13131807e-01 -7.20771421e-01 -9.98592339e-01 1.57317984e-02 -5.06531981e-02 -1.47186204e+00
-4.60348696e-02 1.14264525e-01 9.92383462e-01 8.34915732e+00 2.21451710e-02 9.93309271e-01 -1.13343877e-01 -7.26869108e-01 -9.98694268e-01 1.67587157e-02 -4.82571419e-02 -1.47387683e+00
-4.22445330e-02 1.19452003e-01 9.91941072e-01 8.39391007e+00 2.32481955e-02 9.92676103e-01 -1.18550453e-01 -7.32692432e-01 -9.98836719e-01 1.80527163e-02 -4.47120543e-02 -1.47579129e+00
-3.66533059e-02 1.22661980e-01 9.91771648e-01 8.44242769e+00 2.33905007e-02 9.92271947e-01 -1.21859432e-01 -7.39286218e-01 -9.99054149e-01 1.87314698e-02 -3.92390508e-02 -1.47767732e+00
-2.90311289e-02 1.23608305e-01 9.91906574e-01 8.48711413e+00 2.22918842e-02 9.92158089e-01 -1.22987242e-01 -7.45578285e-01 -9.99329787e-01 1.85409934e-02 -3.15588152e-02 -1.47900035e+00
-2.01591564e-02 1.19937616e-01 9.92576960e-01 8.53248578e+00 2.08037249e-02 9.92614057e-01 -1.19519614e-01 -7.52085463e-01 -9.99580173e-01 1.82398687e-02 -2.25053012e-02 -1.48016731e+00
-7.76332612e-03 1.19512932e-01 9.92802528e-01 8.58066963e+00 2.14849182e-02 9.92623169e-01 -1.19323374e-01 -7.58671700e-01 -9.99738879e-01 2.04039190e-02 -1.02736790e-02 -1.48089739e+00
6.35510789e-03 1.22479636e-01 9.92450916e-01 8.62538760e+00 2.15731551e-02 9.92223099e-01 -1.22589714e-01 -7.64801447e-01 -9.99746911e-01 2.21893508e-02 3.66350727e-03 -1.48126816e+00
2.19701922e-02 1.23873410e-01 9.92055028e-01 8.67256593e+00 1.92907418e-02 9.92057222e-01 -1.24300943e-01 -7.71466743e-01 -9.99572313e-01 2.18683767e-02 1.94061658e-02 -1.48071035e+00
3.72989229e-02 1.24337766e-01 9.91538914e-01 8.72233297e+00 1.94367798e-02 9.91951264e-01 -1.25120691e-01 -7.78382898e-01 -9.99114923e-01 2.39391716e-02 3.45820681e-02 -1.47944500e+00
5.15326279e-02 1.26197917e-01 9.90665920e-01 8.77030975e+00 2.00309135e-02 9.91653621e-01 -1.27365779e-01 -7.85218467e-01 -9.98470220e-01 2.64074151e-02 4.85747307e-02 -1.47779653e+00
6.40206873e-02 1.32522309e-01 9.89110534e-01 8.81251151e+00 1.83895054e-02 9.90818666e-01 -1.33941510e-01 -7.91379933e-01 -9.97778947e-01 2.67642592e-02 6.09959387e-02 -1.47569651e+00
7.36043317e-02 1.41265111e-01 9.87231995e-01 8.84885378e+00 1.57854705e-02 9.89627925e-01 -1.42784924e-01 -7.96807223e-01 -9.97162377e-01 2.60934910e-02 7.06110287e-02 -1.47312177e+00
8.51001317e-02 1.49342433e-01 9.85116886e-01 8.88237452e+00 1.20148057e-02 9.88477618e-01 -1.50889902e-01 -8.02140116e-01 -9.96299746e-01 2.46767203e-02 8.23253148e-02 -1.47019831e+00
9.93154721e-02 1.50336995e-01 9.83633920e-01 8.92684975e+00 8.79719473e-03 9.88349713e-01 -1.51946055e-01 -8.09564055e-01 -9.95016906e-01 2.37437960e-02 9.68359240e-02 -1.46539838e+00
1.11359274e-01 1.47355397e-01 9.82794996e-01 8.97357413e+00 4.03778533e-03 9.88870618e-01 -1.48723930e-01 -8.17492596e-01 -9.93771819e-01 2.05300881e-02 1.09524966e-01 -1.45983468e+00
1.23079076e-01 1.45743365e-01 9.81636885e-01 9.01836538e+00 1.31658615e-03 9.89132524e-01 -1.47021399e-01 -8.25050111e-01 -9.92395789e-01 1.93876512e-02 1.21549674e-01 -1.45433533e+00
1.30692009e-01 1.53006061e-01 9.79545454e-01 9.05507379e+00 -1.96746914e-03 9.88057570e-01 -1.54073239e-01 -8.30941861e-01 -9.91420883e-01 1.82089009e-02 1.29432295e-01 -1.44923819e+00
1.36241202e-01 1.61056567e-01 9.77496639e-01 9.09081142e+00 -4.04284230e-03 9.86778907e-01 -1.62022542e-01 -8.36835540e-01 -9.90667253e-01 1.81222678e-02 1.35091097e-01 -1.44432620e+00
1.39621664e-01 1.64019092e-01 9.76526552e-01 9.13509372e+00 -5.76025166e-03 9.86303996e-01 -1.64837813e-01 -8.44695680e-01 -9.90188003e-01 1.73898780e-02 1.38654218e-01 -1.43767227e+00
1.39705459e-01 1.60071684e-01 9.77169405e-01 9.18848433e+00 -5.94760146e-03 9.86964982e-01 -1.60826063e-01 -8.54197175e-01 -9.90175055e-01 1.66564519e-02 1.38836464e-01 -1.42991730e+00
1.39305079e-01 1.56645970e-01 9.77781550e-01 9.23964252e+00 -4.09765257e-03 9.87491825e-01 -1.57617889e-01 -8.63061869e-01 -9.90240841e-01 1.79503494e-02 1.38204534e-01 -1.42272300e+00
1.37505717e-01 1.54292884e-01 9.78410190e-01 9.29319960e+00 -6.86166170e-04 9.87807669e-01 -1.55678490e-01 -8.72103740e-01 -9.90500582e-01 2.07353132e-02 1.35935097e-01 -1.41547278e+00
1.34879002e-01 1.54769603e-01 9.78700534e-01 9.34390161e+00 2.64052835e-03 9.87666418e-01 -1.56551443e-01 -8.80760687e-01 -9.90858417e-01 2.36997690e-02 1.32806817e-01 -1.40874954e+00
1.30550912e-01 1.55160780e-01 9.79225332e-01 9.39248750e+00 4.27825704e-03 9.87580667e-01 -1.57055179e-01 -8.89209718e-01 -9.91432211e-01 2.46930543e-02 1.28265777e-01 -1.40236030e+00
1.26028949e-01 1.54627333e-01 9.79901926e-01 9.44663489e+00 3.50659577e-03 9.87702049e-01 -1.56309278e-01 -8.98542644e-01 -9.92020176e-01 2.31355949e-02 1.23936881e-01 -1.39515501e+00
1.20377292e-01 1.55663357e-01 9.80448303e-01 9.49883971e+00 2.37555254e-03 9.87581894e-01 -1.57087701e-01 -9.07506581e-01 -9.92725191e-01 2.12388808e-02 1.18512694e-01 -1.38836737e+00
1.14807625e-01 1.54687412e-01 9.81270447e-01 9.54703164e+00 1.98309652e-03 9.87764161e-01 -1.55943191e-01 -9.15760008e-01 -9.93385633e-01 1.98494037e-02 1.13096138e-01 -1.38248008e+00
1.08575615e-01 1.53128302e-01 9.82223901e-01 9.59714629e+00 3.14068741e-03 9.88007130e-01 -1.54377175e-01 -9.24225576e-01 -9.94083093e-01 1.98464370e-02 1.06792603e-01 -1.37679442e+00
