1.00000000e+00 0.00000000e+00 0.00000000e+00 0.00000000e+00 0.00000000e+00 1.00000000e+00 0.00000000e+00 0.00000000e+00 0.00000000e+00 0.00000000e+00 1.00000000e+00 0.00000000e+00
9.99260505e-01 4.48629240e-03 -3.81881718e-02 -3.30566030e-03 -4.34263392e-03 9.99983114e-01 3.84398704e-03 -9.04601658e-05 3.82047742e-02 -3.67530724e-03 9.99263177e-01 -2.00243810e-02
9.98922544e-01 8.52334406e-03 -4.56194726e-02 -5.35222348e-03 -8.11682157e-03 9.99925605e-01 9.08901286e-03 -1.65170280e-04 4.56935542e-02 -8.70893505e-03 9.98917544e-01 -4.04546857e-02
9.97237567e-01 7.93602810e-03 -7.38533827e-02 -7.44679360e-03 -6.89583804e-03 9.99873433e-01 1.43288885e-02 -3.38488316e-04 7.39577595e-02 -1.37800260e-02 9.97166165e-01 -5.42779726e-02
9.95816802e-01 6.88035011e-03 -9.11135437e-02 -9.42156686e-03 -5.82931444e-03 9.99913332e-01 1.17965596e-02 -3.24440858e-04 9.11868240e-02 -1.12160840e-02 9.95770625e-01 -6.52990596e-02
9.92367822e-01 1.57279525e-02 -1.22306425e-01 -1.22561228e-02 -1.28126383e-02 9.99615497e-01 2.45862545e-02 -6.84959581e-04 1.22646109e-01 -2.28315411e-02 9.92187743e-01 -6.30841048e-02
9.96102421e-01 1.70963874e-02 -8.65319790e-02 -1.10466504e-02 -1.45788222e-02 9.99454145e-01 2.96428672e-02 -6.69070432e-04 8.69915505e-02 -2.82657994e-02 9.95807887e-01 -6.40777875e-02
9.99389628e-01 1.37696273e-02 -3.21063378e-02 -8.86649310e-03 -1.28434123e-02 9.99500329e-01 2.88782310e-02 -3.84301107e-04 3.24879593e-02 -2.84482527e-02 9.99067077e-01 -6.25809414e-02
9.99816464e-01 1.14807513e-02 1.53360359e-02 -7.04657017e-03 -1.19013204e-02 9.99547524e-01 2.76198902e-02 -2.29999309e-04 -1.50119790e-02 -2.77973448e-02 9.99500701e-01 -7.01153206e-02
9.98330535e-01 1.36188442e-02 5.61301023e-02 -6.73878979e-03 -1.50963511e-02 9.99548199e-01 2.59834994e-02 9.73792276e-05 -5.57508596e-02 -2.67874848e-02 9.98085141e-01 -8.64633756e-02
9.94125704e-01 1.56720366e-02 1.07090369e-01 -5.96738074e-03 -1.79606109e-02 9.99629535e-01 2.04394950e-02 9.00596778e-04 -1.06730358e-01 -2.22428389e-02 9.94039018e-01 -9.77817804e-02
9.89395620e-01 1.83804841e-02 1.44077646e-01 -6.59862069e-03 -2.09874631e-02 9.99641763e-01 1.65952316e-02 1.26668048e-03 -1.43721009e-01 -1.94430766e-02 9.89427037e-01 -1.09102948e-01
9.82560921e-01 1.56069633e-02 1.85284556e-01 -2.96248639e-03 -1.83670471e-02 9.99744065e-01 1.31892832e-02 1.77041169e-03 -1.85031304e-01 -1.63624062e-02 9.82596231e-01 -9.78056008e-02
9.71097096e-01 1.05621615e-02 2.38450900e-01 -2.46231787e-03 -1.36220686e-02 9.99844429e-01 1.11881742e-02 2.42848301e-03 -2.38295642e-01 -1.41130000e-02 9.71089946e-01 -1.08154252e-01
9.56218694e-01 4.20151538e-03 2.92622841e-01 -1.87788299e-03 -7.29428257e-03 9.99928297e-01 9.47879756e-03 3.05925444e-03 -2.92562029e-01 -1.11982786e-02 9.56180842e-01 -1.16282912e-01
9.41671246e-01 -8.80457350e-04 3.36533139e-01 3.81941782e-03 -2.05038787e-03 9.99962821e-01 8.35345049e-03 3.34754104e-03 -3.36527993e-01 -8.55622836e-03 9.41634469e-01 -1.06537658e-01
9.31220894e-01 -4.99954117e-03 3.64421027e-01 1.00077531e-02 1.60693148e-03 9.99952286e-01 9.61221065e-03 3.67088157e-03 -3.64451727e-01 -8.36549251e-03 9.31184557e-01 -9.37923274e-02
9.23093259e-01 -7.59248748e-03 3.84501273e-01 1.58431397e-02 4.21909604e-03 9.99944653e-01 9.61621086e-03 4.03617857e-03 -3.84553038e-01 -7.25441250e-03 9.23074233e-01 -8.13900633e-02
9.20694624e-01 -8.00284385e-03 3.90201823e-01 2.27346256e-02 5.04832293e-03 9.99950107e-01 8.59677692e-03 4.28495632e-03 -3.90251198e-01 -5.94514224e-03 9.20689073e-01 -6.58328209e-02
9.20966950e-01 -8.38638382e-03 3.89550533e-01 3.00629672e-02 5.73595815e-03 9.99951607e-01 7.96648177e-03 4.57311699e-03 -3.89598550e-01 -5.10242173e-03 9.20970459e-01 -4.82342806e-02
9.21251353e-01 -8.72548527e-03 3.88870072e-01 3.75367729e-02 6.32926816e-03 9.99952055e-01 7.44263429e-03 4.79664043e-03 -3.88916439e-01 -4.39527454e-03 9.21262371e-01 -3.03167958e-02
9.21492713e-01 -8.89526054e-03 3.88293869e-01 4.50571490e-02 6.70472097e-03 9.99952845e-01 6.99595555e-03 5.00151204e-03 -3.88337845e-01 -3.84332076e-03 9.21508878e-01 -1.22234194e-02
9.21659873e-01 -8.92972890e-03 3.87896229e-01 5.27576513e-02 7.00268016e-03 9.99954922e-01 6.38117723e-03 5.19568937e-03 -3.87935787e-01 -3.16496237e-03 9.21680808e-01 6.20770290e-03
9.21840411e-01 -8.93344776e-03 3.87466871e-01 6.01078535e-02 7.21518210e-03 9.99956409e-01 5.88904465e-03 5.39580734e-03 -3.87502651e-01 -2.63311584e-03 9.21864673e-01 2.38356644e-02
9.22003488e-01 -9.03706576e-03 3.87076368e-01 6.75733784e-02 7.51277629e-03 9.99956743e-01 5.45077651e-03 5.55117308e-03 -3.87108926e-01 -2.11761715e-03 9.22031458e-01 4.18974324e-02
9.21458467e-01 -8.95239726e-03 3.88373914e-01 7.51919749e-02 7.64464462e-03 9.99958552e-01 4.91227813e-03 5.67743131e-03 -3.88401814e-01 -1.55748019e-03 9.21488690e-01 6.00676127e-02
9.17284927e-01 -1.01238228e-02 3.98102970e-01 8.26529871e-02 8.69838931e-03 9.99947465e-01 5.38651281e-03 5.76114768e-03 -3.98136620e-01 -1.47811285e-03 9.17324809e-01 7.64425833e-02
9.14441818e-01 -1.08565039e-02 4.04571881e-01 9.02464513e-02 9.63364635e-03 9.99940593e-01 5.05830369e-03 5.88176844e-03 -4.04602809e-01 -7.28022431e-04 9.14492084e-01 9.27302433e-02
9.13011746e-01 -1.19045704e-02 4.07759709e-01 9.74657406e-02 1.03764409e-02 9.99928188e-01 5.95915015e-03 6.05797142e-03 -4.07801429e-01 -1.20967994e-03 9.13069697e-01 1.08530487e-01
9.10626903e-01 -1.34794294e-02 4.13009734e-01 1.04886542e-01 1.16914798e-02 9.99907920e-01 6.85603677e-03 6.30921471e-03 -4.13064172e-01 -1.41459687e-03 9.10700672e-01 1.24276609e-01
9.06893122e-01 -1.48032542e-02 4.21100611e-01 1.11798286e-01 1.27936185e-02 9.99889024e-01 7.59714989e-03 6.51572395e-03 -4.21166412e-01 -1.50240277e-03 9.06981935e-01 1.38373000e-01
9.02190757e-01 -1.64514036e-02 4.31023423e-01 1.19002552e-01 1.42301566e-02 9.99863328e-01 8.37736081e-03 6.73026830e-03 -4.31102425e-01 -1.42444692e-03 9.02301682e-01 1.52596704e-01
8.98087868e-01 -1.79744779e-02 4.39448661e-01 1.26491242e-01 1.60092228e-02 9.99838081e-01 8.17815271e-03 7.02036186e-03 -4.39524594e-01 -3.09468235e-04 8.98230321e-01 1.66916800e-01
8.92724225e-01 -2.00140733e-02 4.50158757e-01 1.33560513e-01 1.83992905e-02 9.99798729e-01 7.96285839e-03 7.33712304e-03 -4.50227586e-01 1.17396539e-03 8.92912890e-01 1.79809751e-01
8.88673604e-01 -2.15952250e-02 4.58031540e-01 1.40133960e-01 2.06282177e-02 9.99761629e-01 7.11375177e-03 7.66385540e-03 -4.58076034e-01 3.12657134e-03 8.88907363e-01 1.91533447e-01
8.86283781e-01 -2.29228425e-02 4.62575018e-01 1.47600602e-01 2.26068808e-02 9.99724741e-01 6.22692603e-03 7.99051475e-03 -4.62590500e-01 4.93855539e-03 8.86558159e-01 2.05272277e-01
8.86312988e-01 -2.30912064e-02 4.62510655e-01 1.55544609e-01 2.35866667e-02 9.99710379e-01 4.71199812e-03 8.14672532e-03 -4.62485590e-01 6.73278043e-03 8.86601064e-01 2.20944244e-01
8.86391862e-01 -2.29895962e-02 4.62364430e-01 1.63746303e-01 2.45896896e-02 9.99693969e-01 2.56607053e-03 8.34432588e-03 -4.62282032e-01 9.09485553e-03 8.86686078e-01 2.36932979e-01
8.87470331e-01 -2.33233744e-02 4.60274172e-01 1.72422838e-01 2.53653848e-02 9.99676363e-01 1.74851849e-03 8.46656182e-03 -4.60166089e-01 1.01232755e-02 8.87774890e-01 2.54158868e-01
8.88791934e-01 -2.02856466e-02 4.57861655e-01 1.78962802e-01 2.49916789e-02 9.99678374e-01 -4.22241327e-03 8.70102444e-03 -4.57628841e-01 1.51955813e-02 8.89013235e-01 2.67110815e-01
8.89894774e-01 -1.70088582e-02 4.55848580e-01 1.85012379e-01 2.48610432e-02 9.99627433e-01 -1.12344143e-02 8.87452702e-03 -4.55487745e-01 2.13303218e-02 8.89986285e-01 2.78829784e-01
8.90356254e-01 -1.48688413e-02 4.55021584e-01 1.91940913e-01 2.48273331e-02 9.99564658e-01 -1.59174926e-02 8.85179395e-03 -4.54586911e-01 2.54692151e-02 8.90337997e-01 2.92279443e-01
8.90569667e-01 -1.51282639e-02 4.54595137e-01 2.00891483e-01 2.55454169e-02 9.99532401e-01 -1.67814891e-02 8.67733592e-03 -4.54128791e-01 2.65579114e-02 8.90539940e-01 3.09685953e-01
8.90240377e-01 -1.99202328e-02 4.55055176e-01 2.09015676e-01 2.69370845e-02 9.99596758e-01 -8.94019059e-03 8.50958858e-03 -4.54693680e-01 2.02167794e-02 8.90418238e-01 3.25440565e-01
8.89401282e-01 -2.51759743e-02 4.56433439e-01 2.17726001e-01 2.86033189e-02 9.99590259e-01 -6.00678391e-04 8.49352481e-03 -4.56231392e-01 1.35897540e-02 8.89757233e-01 3.42169986e-01
8.89851699e-01 -2.48483877e-02 4.55572743e-01 2.27058671e-01 2.89585944e-02 9.99578131e-01 -2.04346836e-03 8.53460466e-03 -4.55329856e-01 1.50111284e-02 8.90196138e-01 3.60526643e-01
8.90231548e-01 -2.45629050e-02 4.54845481e-01 2.36230406e-01 2.93762249e-02 9.99561842e-01 -3.51657974e-03 8.56281130e-03 -4.54559871e-01 1.64922124e-02 8.90563368e-01 3.78465511e-01
8.90560110e-01 -2.41760557e-02 4.54222665e-01 2.45310628e-01 2.96733566e-02 9.99546850e-01 -4.97730709e-03 8.55037835e-03 -4.53896585e-01 1.79109010e-02 8.90874228e-01 3.96303357e-01
8.90919368e-01 -2.38266805e-02 4.53536165e-01 2.54649176e-01 3.00179424e-02 9.99528115e-01 -6.45621469e-03 8.53618906e-03 -4.53168387e-01 1.93661873e-02 8.91214478e-01 4.14601425e-01
8.91215750e-01 -2.36342621e-02 4.52963636e-01 2.63854387e-01 3.04489001e-02 9.99505863e-01 -7.75769446e-03 8.48431756e-03 -4.52556519e-01 2.07060220e-02 8.91495254e-01 4.32578945e-01
8.91505716e-01 -2.34151538e-02 4.52404077e-01 2.73080220e-01 3.08316334e-02 9.99483458e-01 -9.02625616e-03 8.38915966e-03 -4.51959101e-01 2.19953133e-02 8.91767421e-01 4.50640343e-01
8.91791103e-01 -2.28164338e-02 4.51871839e-01 2.82815873e-01 3.07598740e-02 9.99473975e-01 -1.02395135e-02 8.24027183e-03 -4.51400574e-01 2.30310266e-02 8.92024112e-01 4.69891836e-01
8.92074717e-01 -2.25550357e-02 4.51324730e-01 2.91627103e-01 3.09716056e-02 9.99456355e-01 -1.12695196e-02 8.08138050e-03 -4.50825221e-01 2.40315053e-02 8.92288636e-01 4.87357347e-01
8.92304890e-01 -2.20637601e-02 4.50893760e-01 3.01365474e-01 3.08900963e-02 9.99447630e-01 -1.22241894e-02 7.87737761e-03 -4.50375047e-01 2.48358567e-02 8.92493889e-01 5.06695681e-01
8.92449788e-01 -2.15475293e-02 4.50631889e-01 3.10934969e-01 3.07177323e-02 9.99442579e-01 -1.30450512e-02 7.63870309e-03 -4.50099641e-01 2.54844437e-02 8.92614565e-01 5.25804368e-01
8.92545667e-01 -2.10630971e-02 4.50464821e-01 3.20891808e-01 3.06230436e-02 9.99433361e-01 -1.39440537e-02 7.37197896e-03 -4.49915881e-01 2.62403108e-02 8.92685295e-01 5.45577000e-01
8.92701330e-01 -2.07578756e-02 4.50170426e-01 3.31120895e-01 3.07046619e-02 9.99418483e-01 -1.48039281e-02 7.07776830e-03 -4.49601364e-01 2.70378197e-02 8.92819942e-01 5.65903954e-01
8.92888556e-01 -2.03659067e-02 4.49816815e-01 3.41554549e-01 3.07966331e-02 9.99399114e-01 -1.58826822e-02 6.80293674e-03 -4.49223056e-01 2.80343133e-02 8.92979612e-01 5.86641645e-01
8.93004979e-01 -1.97521150e-02 4.49613077e-01 3.51786972e-01 3.07356925e-02 9.99380173e-01 -1.71419795e-02 6.48899061e-03 -4.48995807e-01 2.91270461e-02 8.93058947e-01 6.06952700e-01
8.93134272e-01 -1.92064270e-02 4.49379880e-01 3.61739879e-01 3.07012463e-02 9.99360581e-01 -1.83056519e-02 6.14013620e-03 -4.48740964e-01 3.01459305e-02 8.93153228e-01 6.26711272e-01
8.93331299e-01 -1.85061025e-02 4.49017527e-01 3.72038936e-01 3.05599589e-02 9.99340111e-01 -1.96123272e-02 5.71987962e-03 -4.48358293e-01 3.12422650e-02 8.93307743e-01 6.47208079e-01
8.93583724e-01 -1.80464170e-02 4.48533750e-01 3.82724095e-01 3.06229580e-02 9.99314163e-01 -2.08014201e-02 5.23375091e-03 -4.47850729e-01 3.23232420e-02 8.93523909e-01 6.68533727e-01
8.93871276e-01 -1.75966503e-02 4.47978240e-01 3.93077912e-01 3.07066564e-02 9.99285516e-01 -2.20183096e-02 4.71641846e-03 -4.47270710e-01 3.34374522e-02 8.93773365e-01 6.89226379e-01
8.87946731e-01 -1.74232742e-02 4.59616235e-01 4.01276575e-01 3.42025124e-02 9.99016430e-01 -2.82058636e-02 4.45035966e-03 -4.58672746e-01 4.07653387e-02 8.87669703e-01 7.03329625e-01
8.77235330e-01 -1.90329517e-02 4.79683125e-01 4.11722199e-01 3.78999318e-02 9.98840274e-01 -2.96785102e-02 3.85808149e-03 -4.78562012e-01 4.42150025e-02 8.76939758e-01 7.21452361e-01
8.66042623e-01 -1.96962484e-02 4.99582070e-01 4.20237381e-01 4.28144385e-02 9.98474404e-01 -3.48549875e-02 3.61075552e-03 -4.98133474e-01 5.15752381e-02 8.65565119e-01 7.34000421e-01
8.59630045e-01 -1.96846725e-02 5.10537601e-01 4.31448594e-01 4.52062059e-02 9.98268363e-01 -3.76270586e-02 2.80809848e-03 -5.08912922e-01 5.54248314e-02 8.59031787e-01 7.52122433e-01
8.58962900e-01 -1.85691792e-02 5.11700935e-01 4.45378568e-01 4.53139168e-02 9.98177521e-01 -3.98428820e-02 1.79702095e-03 -5.10028559e-01 5.74107471e-02 8.58239343e-01 7.75460454e-01
8.58630836e-01 -1.73470879e-02 5.12300847e-01 4.60141436e-01 4.50699251e-02 9.98110988e-01 -4.17413115e-02 6.58564443e-04 -5.10609071e-01 5.89297523e-02 8.57791108e-01 8.00191837e-01
8.54777610e-01 -1.80350011e-02 5.18680955e-01 4.75055483e-01 4.66118614e-02 9.98024536e-01 -4.21133672e-02 -5.14378931e-04 -5.16896881e-01 6.01742657e-02 8.53930051e-01 8.24336326e-01
8.47889837e-01 -1.87295616e-02 5.29841483e-01 4.89689714e-01 4.91584967e-02 9.97847496e-01 -4.33936242e-02 -1.66969092e-03 -5.27888341e-01 6.28392422e-02 8.46985822e-01 8.47123232e-01
8.40027024e-01 -2.01093305e-02 5.42171678e-01 5.03936314e-01 5.15452686e-02 9.97750267e-01 -4.28560314e-02 -2.74347314e-03 -5.40090244e-01 6.39466306e-02 8.39174083e-01 8.68755573e-01
8.33256695e-01 -2.12890951e-02 5.52476306e-01 5.19890694e-01 5.38454484e-02 9.97632600e-01 -4.27681372e-02 -4.04018486e-03 -5.50257974e-01 6.53851899e-02 8.32430668e-01 8.92398072e-01
8.26378444e-01 -2.13166928e-02 5.62711609e-01 5.37576435e-01 5.59668536e-02 9.97444269e-01 -4.44056597e-02 -5.57189512e-03 -5.60327023e-01 6.81890932e-02 8.25459745e-01 9.18009497e-01
8.20734913e-01 -2.01518319e-02 5.70953771e-01 5.54383944e-01 5.78012363e-02 9.97178261e-01 -4.78926985e-02 -7.05448115e-03 -5.68377692e-01 7.23090570e-02 8.19584136e-01 9.41709283e-01
8.18370559e-01 -1.80903569e-02 5.74406149e-01 5.72664497e-01 5.83980063e-02 9.96947949e-01 -5.18031662e-02 -8.55922828e-03 -5.71716046e-01 7.59383757e-02 8.16929641e-01 9.67630819e-01
8.15872398e-01 -1.64880024e-02 5.77996912e-01 5.89648690e-01 5.92882982e-02 9.96709985e-01 -5.52562140e-02 -9.98984426e-03 -5.75184382e-01 7.93504924e-02 8.14166029e-01 9.91530941e-01
8.12429821e-01 -1.51975987e-02 5.82860961e-01 6.06583990e-01 6.03681144e-02 9.96479807e-01 -5.81626668e-02 -1.15320484e-02 -5.79925384e-01 8.24393233e-02 8.10487648e-01 1.01513841e+00
8.08962755e-01 -1.39903610e-02 5.87693490e-01 6.23073477e-01 6.16705439e-02 9.96219709e-01 -6.11742178e-02 -1.31488725e-02 -5.84616132e-01 8.57310631e-02 8.06767682e-01 1.03774733e+00
8.07795930e-01 -1.20545596e-02 5.89339005e-01 6.38685736e-01 6.23936544e-02 9.95922508e-01 -6.51508269e-02 -1.46896081e-02 -5.86150762e-01 8.93996159e-02 8.05254528e-01 1.05900682e+00
8.07181917e-01 -9.52396643e-03 5.90225953e-01 6.54502450e-01 6.24071403e-02 9.95642879e-01 -6.92809883e-02 -1.63147429e-02 -5.86994577e-01 9.27567060e-02 8.04259546e-01 1.08053413e+00
8.06468193e-01 -7.34115586e-03 5.91231903e-01 6.71619263e-01 6.26328177e-02 9.95357438e-01 -7.30750408e-02 -1.81641803e-02 -5.87950739e-01 9.59632506e-02 8.03184182e-01 1.10381092e+00
8.05822007e-01 -5.06792609e-03 5.92136137e-01 6.87937061e-01 6.28490248e-02 9.95046840e-01 -7.70131998e-02 -1.99924886e-02 -5.88813014e-01 9.92741453e-02 8.02149440e-01 1.12585182e+00
8.05496083e-01 -3.23428749e-03 5.92592195e-01 7.04437026e-01 6.36144369e-02 9.94678249e-01 -8.10407283e-02 -2.19530802e-02 -5.89176567e-01 1.02975451e-01 8.01415505e-01 1.14795625e+00
8.04858845e-01 -1.06137328e-03 5.93465296e-01 7.20779622e-01 6.38976563e-02 9.94339852e-01 -8.48798271e-02 -2.39572335e-02 -5.90016179e-01 1.06237361e-01 8.00371399e-01 1.16991925e+00
8.04415088e-01 1.06143917e-03 5.94066658e-01 7.37295595e-01 6.38126130e-02 9.94057730e-01 -8.81836450e-02 -2.61243921e-02 -5.90630252e-01 1.08845237e-01 7.99567675e-01 1.19228327e+00
8.07817860e-01 5.89579166e-04 5.89431820e-01 7.54582797e-01 6.37870369e-02 9.94038849e-01 -8.84145920e-02 -2.90177966e-02 -5.85970361e-01 1.09021037e-01 8.02965098e-01 1.21677339e+00
8.11250003e-01 1.00724735e-04 5.84699366e-01 7.70845005e-01 6.32373238e-02 9.94118617e-01 -8.79108361e-02 -3.18407882e-02 -5.81269518e-01 1.08292526e-01 8.06472733e-01 1.24019911e+00
8.15631972e-01 -6.99255745e-04 5.78570544e-01 7.85170963e-01 6.23548942e-02 9.94280458e-01 -8.67022886e-02 -3.44372366e-02 -5.75200894e-01 1.06793902e-01 8.11010947e-01 1.26142417e+00
8.21778552e-01 3.02103539e-04 5.69806798e-01 7.95749447e-01 6.03886601e-02 9.94321391e-01 -8.76200459e-02 -3.63501293e-02 -5.66597661e-01 1.06414184e-01 8.17094171e-01 1.27811269e+00
8.30748527e-01 2.32147686e-03 5.56642961e-01 8.03485762e-01 5.58430162e-02 9.94598546e-01 -8.74895523e-02 -3.80422851e-02 -5.53839480e-01 1.03766478e-01 8.26132032e-01 1.29222956e+00
8.38363096e-01 3.48296656e-03 5.45101047e-01 8.11523870e-01 5.24369420e-02 9.94826556e-01 -8.70043227e-02 -3.97849433e-02 -5.42584083e-01 1.01524683e-01 8.33843581e-01 1.30681975e+00
8.37223676e-01 4.99837387e-03 5.46837668e-01 8.22655736e-01 5.22288672e-02 9.94655989e-01 -8.90555208e-02 -4.15344944e-02 -5.44360519e-01 1.03120146e-01 8.32488860e-01 1.32414538e+00
8.34709211e-01 6.27984107e-03 5.50655072e-01 8.34577564e-01 5.39697695e-02 9.94188146e-01 -9.31479937e-02 -4.32285879e-02 -5.48039695e-01 1.07470264e-01 8.29519439e-01 1.34207936e+00
8.34986833e-01 7.23856582e-03 5.50222228e-01 8.46842582e-01 5.38552269e-02 9.94037740e-01 -9.48050092e-02 -4.54117202e-02 -5.47627878e-01 1.08793328e-01 8.29618951e-01 1.36118391e+00
8.39447093e-01 8.00366656e-03 5.43382390e-01 8.59241948e-01 5.30491743e-02 9.93908974e-01 -9.65929424e-02 -4.76802693e-02 -5.40845664e-01 1.09910705e-01 8.33909772e-01 1.38084856e+00
8.45493049e-01 9.35482874e-03 5.33904412e-01 8.70164340e-01 5.09879496e-02 9.93863439e-01 -9.81587523e-02 -4.97868711e-02 -5.31546272e-01 1.10215285e-01 8.39828000e-01 1.39851242e+00
8.46948939e-01 1.38259964e-02 5.31494409e-01 8.79953228e-01 4.74259827e-02 9.93711922e-01 -1.01424306e-01 -5.17387092e-02 -5.29554565e-01 1.11107905e-01 8.40967850e-01 1.41455847e+00
8.47291424e-01 2.06589262e-02 5.30726313e-01 8.87118975e-01 4.22030572e-02 9.93464858e-01 -1.06047520e-01 -5.31587338e-02 -5.29448698e-01 1.12251488e-01 8.40882624e-01 1.42685702e+00
8.47607372e-01 2.65878289e-02 5.29957347e-01 8.94327263e-01 3.74569206e-02 9.93254195e-01 -1.09739463e-01 -5.47790353e-02 -5.29300012e-01 1.12866615e-01 8.40893874e-01 1.43889096e+00
8.48291430e-01 2.93909065e-02 5.28713283e-01 9.03364425e-01 3.53876228e-02 9.93079725e-01 -1.11982303e-01 -5.68691309e-02 -5.28345615e-01 1.13703606e-01 8.41381158e-01 1.45298846e+00
8.48822204e-01 3.34141913e-02 5.27621304e-01 9.12926162e-01 3.24596238e-02 9.92823788e-01 -1.15095518e-01 -5.91285796e-02 -5.27680741e-01 1.14822100e-01 8.41646421e-01 1.46820842e+00
8.52353276e-01 3.60660784e-02 5.21721274e-01 9.23594635e-01 2.93235703e-02 9.92753490e-01 -1.16534942e-01 -6.17340669e-02 -5.22143496e-01 1.14627747e-01 8.45119215e-01 1.48644242e+00
8.58796053e-01 3.93076713e-02 5.10807472e-01 9.36268494e-01 2.39001994e-02 9.92892738e-01 -1.16587353e-01 -6.50951742e-02 -5.11759710e-01 1.12333232e-01 8.51752991e-01 1.50829695e+00
8.72921351e-01 4.31042139e-02 4.85953084e-01 9.43117139e-01 1.63679298e-02 9.92940725e-01 -1.17476024e-01 -6.72788642e-02 -4.87586242e-01 1.10501446e-01 8.66053693e-01 1.52346403e+00
8.86866422e-01 4.63584817e-02 4.59694349e-01 9.49832729e-01 9.06910791e-03 9.93014947e-01 -1.17638481e-01 -6.95788829e-02 -4.61936845e-01 1.08498705e-01 8.80251255e-01 1.53906429e+00
8.91040020e-01 4.74531837e-02 4.51437585e-01 9.60236025e-01 6.97935600e-03 9.92970793e-01 -1.18152560e-01 -7.25369108e-02 -4.53870975e-01 1.08429473e-01 8.84445642e-01 1.55898322e+00
8.90845846e-01 4.90739372e-02 4.51647421e-01 9.67787722e-01 6.66493044e-03 9.92629890e-01 -1.21000751e-01 -7.44043790e-02 -4.54256645e-01 1.10803289e-01 8.83953271e-01 1.57337365e+00
8.87301355e-01 4.88727535e-02 4.58593198e-01 9.73728223e-01 9.95193382e-03 9.92108535e-01 -1.24985345e-01 -7.54787656e-02 -4.61082552e-01 1.15463634e-01 8.79812948e-01 1.58388713e+00
8.78864532e-01 4.94165037e-02 4.74505086e-01 9.79944316e-01 1.42723618e-02 9.91451972e-01 -1.29687868e-01 -7.65832428e-02 -4.76857691e-01 1.20750454e-01 8.70646794e-01 1.59388507e+00
8.70063968e-01 5.00332445e-02 4.90393062e-01 9.87666573e-01 1.90519911e-02 9.90678854e-01 -1.34878164e-01 -7.80887528e-02 -4.92570407e-01 1.26695671e-01 8.61000806e-01 1.60558036e+00
8.58135669e-01 5.25137251e-02 5.10730338e-01 9.97358485e-01 2.31759560e-02 9.89779370e-01 -1.40710464e-01 -8.01522105e-02 -5.12899534e-01 1.32585411e-01 8.48147978e-01 1.62042000e+00
8.39113456e-01 5.21626548e-02 5.41449620e-01 1.00258899e+00 3.14522025e-02 9.89073337e-01 -1.44029366e-01 -8.06930241e-02 -5.43046289e-01 1.37886837e-01 8.28304167e-01 1.62531174e+00
8.21536710e-01 4.91050186e-02 5.68037143e-01 1.01030392e+00 4.20166122e-02 9.88361076e-01 -1.46208164e-01 -8.17932685e-02 -5.68605277e-01 1.43982444e-01 8.09911721e-01 1.63324649e+00
8.03362479e-01 4.70736986e-02 5.93626865e-01 1.01744921e+00 5.16542302e-02 9.87604445e-01 -1.48219802e-01 -8.27073307e-02 -5.93245711e-01 1.49737638e-01 7.90972863e-01 1.63981219e+00
7.83113684e-01 4.43569734e-02 6.20294702e-01 1.02536623e+00 6.18282694e-02 9.86957415e-01 -1.48634189e-01 -8.38050617e-02 -6.18797359e-01 1.54749280e-01 7.70157401e-01 1.64697869e+00
7.58779002e-01 4.19871624e-02 6.49993532e-01 1.03096058e+00 7.39695035e-02 9.85909568e-01 -1.50035404e-01 -8.41137380e-02 -6.47134356e-01 1.61923479e-01 7.44981765e-01 1.64993046e+00
7.33581940e-01 3.84251707e-02 6.78513894e-01 1.03675511e+00 8.91337871e-02 9.84335739e-01 -1.52112142e-01 -8.42807971e-02 -6.73730340e-01 1.72065302e-01 7.18666031e-01 1.65240705e+00
7.14410809e-01 4.01782345e-02 6.98572116e-01 1.04562869e+00 9.85047662e-02 9.82633038e-01 -1.57254107e-01 -8.52754075e-02 -6.92758169e-01 1.81156775e-01 6.98046045e-01 1.65902727e+00
7.10585733e-01 4.72255147e-02 7.02024082e-01 1.05488425e+00 9.49623067e-02 9.82178999e-01 -1.62192121e-01 -8.71169020e-02 -6.97172868e-01 1.81917282e-01 6.93437872e-01 1.66859211e+00
7.12121745e-01 5.27451445e-02 7.00071998e-01 1.06440733e+00 8.95178601e-02 9.82212374e-01 -1.65060969e-01 -8.94238881e-02 -6.96325477e-01 1.80212486e-01 6.94733302e-01 1.67922945e+00
7.13734193e-01 5.68446715e-02 6.98106304e-01 1.07597923e+00 8.52750155e-02 9.82234187e-01 -1.67164358e-01 -9.22570409e-02 -6.95206179e-01 1.78841982e-01 6.96206853e-01 1.69201896e+00
7.15764296e-01 6.00106938e-02 6.95758855e-01 1.08756761e+00 8.17671705e-02 9.82245999e-01 -1.68839102e-01 -9.51436110e-02 -6.93538424e-01 1.77739275e-01 6.98149869e-01 1.70479328e+00
7.18098628e-01 6.22408033e-02 6.93152686e-01 1.09874882e+00 7.93230021e-02 9.82181850e-01 -1.70371607e-01 -9.78244927e-02 -6.91405937e-01 1.77326618e-01 7.00366437e-01 1.71712998e+00
7.20105889e-01 6.43024189e-02 6.90878358e-01 1.10830729e+00 7.73941753e-02 9.82039629e-01 -1.72070148e-01 -9.98964095e-02 -6.89534301e-01 1.77378739e-01 7.02196037e-01 1.72786988e+00
7.22052609e-01 6.67588754e-02 6.88609810e-01 1.11919273e+00 7.55573405e-02 9.81770416e-01 -1.74406876e-01 -1.02377421e-01 -6.87699776e-01 1.77960519e-01 7.03845941e-01 1.73996909e+00
7.22659484e-01 6.97120574e-02 6.87679926e-01 1.13027200e+00 7.39281753e-02 9.81398564e-01 -1.77175793e-01 -1.05052554e-01 -6.87239218e-01 1.78876740e-01 7.04063490e-01 1.75224866e+00
7.24188954e-01 7.23369481e-02 6.85797284e-01 1.14107900e+00 7.19534999e-02 9.81128491e-01 -1.79469645e-01 -1.07635820e-01 -6.85837388e-01 1.79315499e-01 7.05317704e-01 1.76433483e+00
7.26209636e-01 7.45948521e-02 6.83414440e-01 1.15048875e+00 6.98997437e-02 9.80931931e-01 -1.81345842e-01 -1.09853848e-01 -6.83910350e-01 1.79465651e-01 7.07148278e-01 1.77507178e+00
7.28477461e-01 7.70616815e-02 6.80721801e-01 1.15884661e+00 6.74985332e-02 9.80744343e-01 -1.83259874e-01 -1.11846176e-01 -6.81736236e-01 1.79448474e-01 7.09248813e-01 1.78480993e+00
7.30565459e-01 7.91228051e-02 6.78243148e-01 1.16697639e+00 6.54673695e-02 9.80572320e-01 -1.84909871e-01 -1.13825340e-01 -6.79696907e-01 1.79491626e-01 7.11192515e-01 1.79430028e+00
7.32371756e-01 8.04926915e-02 6.76130579e-01 1.17485230e+00 6.41069255e-02 9.80425985e-01 -1.86158199e-01 -1.15754564e-01 -6.77880222e-01 1.79681733e-01 7.12876392e-01 1.80337982e+00
7.34042218e-01 8.16667598e-02 6.74175484e-01 1.18338933e+00 6.29327493e-02 9.80290417e-01 -1.87269438e-01 -1.17946326e-01 -6.76181301e-01 1.79891464e-01 7.14435289e-01 1.81309053e+00
7.35602262e-01 8.29833201e-02 6.72311695e-01 1.19118191e+00 6.16170812e-02 9.80157624e-01 -1.88398370e-01 -1.19961542e-01 -6.74605231e-01 1.80012232e-01 7.15893265e-01 1.82188511e+00
7.36960216e-01 8.38290491e-02 6.70717761e-01 1.19903294e+00 6.09433852e-02 9.79997694e-01 -1.89446530e-01 -1.22006331e-01 -6.73182890e-01 1.80490437e-01 7.17110751e-01 1.83063619e+00
7.38207989e-01 8.46396137e-02 6.69242178e-01 1.20685768e+00 6.03151321e-02 9.79841677e-01 -1.90452063e-01 -1.24015700e-01 -6.71871069e-01 1.80958740e-01 7.18222136e-01 1.83928154e+00
7.39423194e-01 8.55273148e-02 6.67786183e-01 1.21453286e+00 5.95439458e-02 9.79702608e-01 -1.91407847e-01 -1.26011059e-01 -6.70602384e-01 1.81294109e-01 7.19322386e-01 1.84777757e+00
7.40399999e-01 8.66139114e-02 6.66562713e-01 1.22216209e+00 5.85261751e-02 9.79589611e-01 -1.92298284e-01 -1.28014293e-01 -6.69613500e-01 1.81389108e-01 7.20219113e-01 1.85614102e+00
7.40923264e-01 8.61398659e-02 6.66042487e-01 1.23050957e+00 5.82792204e-02 9.79752204e-01 -1.91543564e-01 -1.30169591e-01 -6.69055985e-01 1.80735619e-01 7.20901190e-01 1.86514566e+00
7.40626131e-01 8.73170747e-02 6.66219668e-01 1.23876889e+00 5.82412211e-02 9.79445821e-01 -1.93115459e-01 -1.32254802e-01 -6.69388224e-01 1.81827892e-01 7.20317881e-01 1.87380687e+00
7.39217265e-01 8.75333855e-02 6.67754267e-01 1.24662015e+00 5.93925063e-02 9.79180909e-01 -1.94105811e-01 -1.34252485e-01 -6.70842845e-01 1.83146054e-01 7.18628735e-01 1.88205545e+00
7.37786479e-01 8.72624589e-02 6.69370172e-01 1.25456344e+00 6.09179475e-02 9.78956086e-01 -1.94766012e-01 -1.36283050e-01 -6.72279607e-01 1.84472471e-01 7.16944863e-01 1.89032853e+00
7.35768715e-01 8.71409863e-02 6.71603239e-01 1.26248238e+00 6.24000433e-02 9.78745418e-01 -1.95354686e-01 -1.38283214e-01 -6.74351862e-01 1.85644020e-01 7.14692778e-01 1.89855769e+00
7.32654719e-01 8.64651568e-02 6.75085833e-01 1.27042323e+00 6.49553964e-02 9.78486288e-01 -1.95819305e-01 -1.40272248e-01 -6.77493667e-01 1.87318493e-01 7.11276313e-01 1.90655496e+00
7.27567784e-01 8.33973488e-02 6.80947892e-01 1.27900965e+00 7.00020325e-02 9.78377758e-01 -1.94618892e-01 -1.42344950e-01 -6.82454849e-01 1.89266264e-01 7.05998249e-01 1.91465611e+00
7.22286718e-01 8.04478234e-02 6.86898877e-01 1.28738196e+00 7.48701514e-02 9.78278604e-01 -1.93300779e-01 -1.44336615e-01 -6.87529034e-01 1.91046893e-01 7.00574598e-01 1.92247441e+00
7.15650370e-01 7.65984515e-02 6.94245773e-01 1.29610057e+00 8.08922151e-02 9.78189912e-01 -1.91313159e-01 -1.46307365e-01 -6.93758450e-01 1.93072509e-01 6.93845820e-01 1.93034463e+00
7.08447897e-01 7.11808433e-02 7.02164358e-01 1.30585464e+00 8.80346296e-02 9.78217901e-01 -1.87987758e-01 -1.48587423e-01 -7.00250804e-01 1.94994415e-01 6.86750133e-01 1.93880268e+00
7.01533313e-01 6.68760464e-02 7.09491758e-01 1.31525442e+00 9.50695929e-02 9.77905236e-01 -1.86179623e-01 -1.50634251e-01 -7.06266600e-01 1.98062395e-01 6.79675334e-01 1.94683606e+00
6.96043154e-01 6.37546608e-02 7.15163761e-01 1.32441843e+00 1.01556930e-01 9.77293817e-01 -1.85964423e-01 -1.52605498e-01 -7.10781161e-01 2.02069203e-01 6.73764017e-01 1.95458106e+00
6.90874002e-01 5.94159017e-02 7.20529561e-01 1.33382590e+00 1.08964383e-01 9.76675500e-01 -1.85017649e-01 -1.54585892e-01 -7.14716514e-01 2.06336037e-01 6.68285543e-01 1.96233032e+00
6.84270298e-01 5.21714224e-02 7.27359834e-01 1.34304252e+00 1.18542210e-01 9.76212386e-01 -1.81540506e-01 -1.56571029e-01 -7.19528850e-01 2.10445707e-01 6.61808661e-01 1.96937772e+00
6.74558959e-01 4.56773444e-02 7.36806531e-01 1.35152581e+00 1.27702886e-01 9.75816609e-01 -1.77408597e-01 -1.58185611e-01 -7.27091507e-01 2.13764963e-01 6.52412744e-01 1.97574748e+00
6.59986059e-01 3.67131549e-02 7.50380327e-01 1.36226692e+00 1.41295959e-01 9.74915589e-01 -1.71973559e-01 -1.60145797e-01 -7.37871059e-01 2.19525936e-01 6.38243352e-01 1.98316679e+00
6.41667137e-01 2.77033881e-02 7.66482803e-01 1.37257185e+00 1.55859645e-01 9.73786104e-01 -1.65675166e-01 -1.61647211e-01 -7.50979971e-01 2.25772125e-01 6.20528761e-01 1.98959964e+00
6.22424723e-01 1.85392915e-02 7.82460172e-01 1.38222197e+00 1.70929885e-01 9.72367831e-01 -1.59008694e-01 -1.62835897e-01 -7.63786884e-01 2.32716841e-01 6.02056866e-01 1.99499702e+00
6.15766517e-01 1.13987123e-02 7.87846291e-01 1.39082930e+00 1.81171399e-01 9.71056140e-01 -1.55649716e-01 -1.64173066e-01 -7.66817053e-01 2.38579176e-01 5.95878781e-01 2.00028832e+00
6.15356210e-01 4.28708726e-03 7.88237574e-01 1.40139934e+00 1.88819870e-01 9.70069571e-01 -1.52682704e-01 -1.65859372e-01 -7.65299686e-01 2.42789243e-01 5.96128924e-01 2.00741604e+00
6.14495835e-01 -2.59518763e-03 7.88915872e-01 1.41099324e+00 1.96325921e-01 9.69038788e-01 -1.49732839e-01 -1.67310949e-01 -7.64101323e-01 2.46894921e-01 5.95979862e-01 2.01381902e+00
6.12636815e-01 -9.80450691e-03 7.90303787e-01 1.42090200e+00 2.04409394e-01 9.67868518e-01 -1.46449047e-01 -1.68752374e-01 -7.63474107e-01 2.51265689e-01 5.94956070e-01 2.02033086e+00
6.12620287e-01 -1.58136266e-02 7.90219197e-01 1.43026496e+00 2.10875145e-01 9.66828368e-01 -1.44133838e-01 -1.70120886e-01 -7.61726854e-01 2.54936995e-01 5.95633441e-01 2.02661416e+00
6.13426276e-01 -2.19467884e-02 7.89447064e-01 1.43957394e+00 2.17250718e-01 9.65737333e-01 -1.41963240e-01 -1.71483435e-01 -7.59282639e-01 2.58592007e-01 5.97176666e-01 2.03292316e+00
6.15075877e-01 -2.41624064e-02 7.88097686e-01 1.44367840e+00 2.19326139e-01 9.65324636e-01 -1.41578459e-01 -1.71997709e-01 -7.57348974e-01 2.59932008e-01 5.99047403e-01 2.03608224e+00
6.17310763e-01 -2.91753723e-02 7.86178322e-01 1.45298616e+00 2.23984786e-01 9.64472874e-01 -1.40081931e-01 -1.73348287e-01 -7.54160438e-01 2.62566153e-01 6.01914409e-01 2.04271833e+00
6.20725501e-01 -3.17165104e-02 7.83386248e-01 1.46175180e+00 2.26180132e-01 9.63944705e-01 -1.40189876e-01 -1.74728202e-01 -7.50694430e-01 2.64205928e-01 6.05518773e-01 2.04948712e+00
6.25979167e-01 -3.43634987e-02 7.79082374e-01 1.47085165e+00 2.27388134e-01 9.63659342e-01 -1.40197691e-01 -1.76185662e-01 -7.45952006e-01 2.64915018e-01 6.11044611e-01 2.05701552e+00
6.31248436e-01 -3.71698064e-02 7.74689576e-01 1.48039145e+00 2.28801062e-01 9.63322189e-01 -1.40215957e-01 -1.77691364e-01 -7.41063525e-01 2.65760995e-01 6.16600215e-01 2.06500198e+00
6.34758794e-01 -3.93907809e-02 7.71705747e-01 1.48960666e+00 2.30716594e-01 9.62805071e-01 -1.40628432e-01 -1.79158226e-01 -7.37462405e-01 2.67310551e-01 6.20237175e-01 2.07242899e+00
6.36749402e-01 -4.15503549e-02 7.69950539e-01 1.49856463e+00 2.33353642e-01 9.62105622e-01 -1.41063581e-01 -1.80521688e-01 -7.34912194e-01 2.69493019e-01 6.22316174e-01 2.07945729e+00
6.38449280e-01 -4.36889928e-02 7.68422965e-01 1.50718252e+00 2.36049120e-01 9.61389149e-01 -1.41462827e-01 -1.81823212e-01 -7.32572846e-01 2.71702499e-01 6.24111055e-01 2.08625346e+00
6.40330235e-01 -4.73227701e-02 7.66640610e-01 1.51607022e+00 2.39359717e-01 9.60693730e-01 -1.40622072e-01 -1.83176779e-01 -7.29851900e-01 2.73547543e-01 6.26488469e-01 2.09330618e+00
6.42868402e-01 -5.07804591e-02 7.64291607e-01 1.52456281e+00 2.42455689e-01 9.59985524e-01 -1.40154106e-01 -1.84467992e-01 -7.26591482e-01 2.75407594e-01 6.29456399e-01 2.10022583e+00
6.46777641e-01 -5.50825112e-02 7.60687013e-01 1.53341428e+00 2.45585763e-01 9.59307364e-01 -1.39345533e-01 -1.85767068e-01 -7.22056823e-01 2.76939569e-01 6.33986065e-01 2.10761961e+00
6.51555374e-01 -5.88474016e-02 7.56315226e-01 1.54254438e+00 2.47839271e-01 9.58791063e-01 -1.38908563e-01 -1.87165432e-01 -7.16973535e-01 2.77951328e-01 6.39290182e-01 2.11562979e+00
6.57659603e-01 -6.30068873e-02 7.50675766e-01 1.55138375e+00 2.49719192e-01 9.58386031e-01 -1.38335790e-01 -1.88591106e-01 -7.10720698e-01 2.78436112e-01 6.46025801e-01 2.12379375e+00
6.63665238e-01 -6.70968664e-02 7.45014486e-01 1.55998817e+00 2.51492137e-01 9.58006381e-01 -1.37752195e-01 -1.89987915e-01 -7.04485551e-01 2.78786725e-01 6.52669882e-01 2.13188923e+00
6.69756819e-01 -7.06558127e-02 7.39211516e-01 1.56853064e+00 2.52729724e-01 9.57725223e-01 -1.37441886e-01 -1.91441016e-01 -6.98250094e-01 2.78873464e-01 6.59299845e-01 2.14013713e+00
6.75667801e-01 -7.42116659e-02 7.33461457e-01 1.57733592e+00 2.54149742e-01 9.57375926e-01 -1.37256506e-01 -1.92977615e-01 -6.92011982e-01 2.79148943e-01 6.65729013e-01 2.14869784e+00
6.81976412e-01 -7.83391277e-02 7.27166586e-01 1.58682345e+00 2.55686928e-01 9.57047267e-01 -1.36692531e-01 -1.94631044e-01 -6.85224051e-01 2.79148168e-01 6.72714025e-01 2.15808437e+00
6.88075555e-01 -8.19797839e-02 7.20993394e-01 1.59222209e+00 2.56848561e-01 9.56787705e-01 -1.36331348e-01 -1.95474801e-01 -6.78660825e-01 2.78992468e-01 6.79398693e-01 2.16394393e+00
6.94447710e-01 -8.55029533e-02 7.14445081e-01 1.59743402e+00 2.57990063e-01 9.56485120e-01 -1.36299264e-01 -1.96411844e-01 -6.71701719e-01 2.78972522e-01 6.86287876e-01 2.16977905e+00
7.00421254e-01 -8.89334070e-02 7.08167448e-01 1.60519376e+00 2.59172749e-01 9.56171018e-01 -1.36259572e-01 -1.97814563e-01 -6.65010749e-01 2.78976871e-01 6.92771675e-01 2.17802261e+00
7.08159462e-01 -9.47101210e-02 6.99671661e-01 1.61689054e+00 2.61659071e-01 9.55604608e-01 -1.35479182e-01 -2.00080413e-01 -6.55777814e-01 2.79016360e-01 7.01502214e-01 2.19042831e+00
7.13717080e-01 -9.82071525e-02 6.93515417e-01 1.62453174e+00 2.62856182e-01 9.55310828e-01 -1.35233648e-01 -2.01466637e-01 -6.49241443e-01 2.78813418e-01 7.07636020e-01 2.19887596e+00
7.19335353e-01 -1.01470358e-01 6.87212298e-01 1.63214761e+00 2.63759456e-01 9.55085624e-01 -1.35065466e-01 -2.02898483e-01 -6.42641024e-01 2.78416149e-01 7.13790622e-01 2.20748629e+00
7.24998755e-01 -1.04500580e-01 6.80776606e-01 1.63977474e+00 2.64573330e-01 9.54842950e-01 -1.35189317e-01 -2.04355632e-01 -6.35906948e-01 2.78127450e-01 7.19908046e-01 2.21628115e+00
7.29964668e-01 -1.07242311e-01 6.75019223e-01 1.64736499e+00 2.65369703e-01 9.54604903e-01 -1.35309483e-01 -2.05769265e-01 -6.29865342e-01 2.77900843e-01 7.25286715e-01 2.22510730e+00
7.34168335e-01 -1.09930727e-01 6.70009206e-01 1.65479045e+00 2.66126414e-01 9.54436266e-01 -1.35012694e-01 -2.07109713e-01 -6.24638625e-01 2.77429257e-01 7.29972333e-01 2.23380913e+00
7.37859581e-01 -1.12524017e-01 6.65508688e-01 1.66285053e+00 2.67059486e-01 9.54211998e-01 -1.34755060e-01 -2.08584938e-01 -6.19872794e-01 2.77160782e-01 7.34125066e-01 2.24310256e+00
7.40998301e-01 -1.14196977e-01 6.61725539e-01 1.67117613e+00 2.67553934e-01 9.54044113e-01 -1.34962431e-01 -2.10171898e-01 -6.15902683e-01 2.77054281e-01 7.37498946e-01 2.25258021e+00
7.44054934e-01 -1.15600349e-01 6.58041731e-01 1.68007875e+00 2.67889783e-01 9.53897570e-01 -1.35331633e-01 -2.11923697e-01 -6.12059637e-01 2.76976911e-01 7.40720370e-01 2.26282676e+00
7.47622692e-01 -1.16978300e-01 6.53740356e-01 1.68953041e+00 2.68116065e-01 9.53744677e-01 -1.35959579e-01 -2.13858710e-01 -6.07596687e-01 2.76924853e-01 7.44404948e-01 2.27393583e+00
7.51177087e-01 -1.17395755e-01 6.49577828e-01 1.69846356e+00 2.67602439e-01 9.53726527e-01 -1.37094278e-01 -2.15774950e-01 -6.03424946e-01 2.76810774e-01 7.47832885e-01 2.28479339e+00
7.54948228e-01 -1.17763698e-01 6.45124017e-01 1.70678543e+00 2.67176181e-01 9.53631328e-01 -1.38579654e-01 -2.17635284e-01 -5.98890453e-01 2.76982316e-01 7.51405947e-01 2.29499047e+00
7.59086459e-01 -1.18091374e-01 6.40189223e-01 1.71566697e+00 2.66723952e-01 9.53495221e-01 -1.40375707e-01 -2.19671956e-01 -5.93839839e-01 2.77311192e-01 7.55283113e-01 2.30599721e+00
7.63176291e-01 -1.17975680e-01 6.35329591e-01 1.72454492e+00 2.65837381e-01 9.53460298e-01 -1.42281568e-01 -2.21724321e-01 -5.88975436e-01 2.77480381e-01 7.59020641e-01 2.31729356e+00
7.67165514e-01 -1.18035519e-01 6.30495590e-01 1.73342472e+00 2.65016714e-01 9.53435291e-01 -1.43970057e-01 -2.23846523e-01 -5.84142825e-01 2.77540839e-01 7.62724065e-01 2.32870864e+00
7.71406766e-01 -1.18841663e-01 6.25146589e-01 1.74191395e+00 2.64634729e-01 9.53336896e-01 -1.45317771e-01 -2.25891181e-01 -5.78705168e-01 2.77534706e-01 7.66860208e-01 2.33985029e+00
7.75674406e-01 -1.19470694e-01 6.19722489e-01 1.75019516e+00 2.64112034e-01 9.53253783e-01 -1.46806165e-01 -2.27960550e-01 -5.73213445e-01 2.77550042e-01 7.70968275e-01 2.35099477e+00
7.79980754e-01 -1.20129808e-01 6.14165171e-01 1.75818285e+00 2.63694887e-01 9.53112935e-01 -1.48461162e-01 -2.30019009e-01 -5.67533861e-01 2.77749152e-01 7.75087397e-01 2.36185189e+00
7.84116494e-01 -1.20526635e-01 6.08797705e-01 1.76602631e+00 2.63081204e-01 9.53014965e-01 -1.50169152e-01 -2.32072054e-01 -5.62093649e-01 2.77913442e-01 7.78983036e-01 2.37265803e+00
7.81679989e-01 -1.20988976e-01 6.11831750e-01 1.77512806e+00 2.66129776e-01 9.51914458e-01 -1.51769147e-01 -2.33967254e-01 -5.64048777e-01 2.81461646e-01 7.76291240e-01 2.38379355e+00
7.75176170e-01 -1.21749519e-01 6.19902340e-01 1.78402221e+00 2.71656409e-01 9.50139681e-01 -1.53092732e-01 -2.35676150e-01 -5.70354549e-01 2.87074386e-01 7.69599686e-01 2.39382369e+00
7.71227987e-01 -1.21775398e-01 6.24802427e-01 1.79160767e+00 2.75731252e-01 9.48578612e-01 -1.55470195e-01 -2.37066680e-01 -5.73741443e-01 2.92180647e-01 7.65147638e-01 2.40243404e+00
7.70395228e-01 -1.21519894e-01 6.25878648e-01 1.79977315e+00 2.77662001e-01 9.47633025e-01 -1.57783365e-01 -2.38827920e-01 -5.73929137e-01 2.95338388e-01 7.63793358e-01 2.41227033e+00
7.69522573e-01 -1.21268598e-01 6.27000002e-01 1.80809154e+00 2.79687960e-01 9.46635716e-01 -1.60173892e-01 -2.40590619e-01 -5.74116196e-01 2.98621880e-01 7.62374818e-01 2.42218992e+00
7.67567963e-01 -1.20550846e-01 6.29529222e-01 1.81649591e+00 2.82365016e-01 9.45313154e-01 -1.63258604e-01 -2.42389314e-01 -5.75420922e-01 3.03069208e-01 7.59631275e-01 2.43212230e+00
7.64301600e-01 -1.20229764e-01 6.33551878e-01 1.82411608e+00 2.85223228e-01 9.44167595e-01 -1.64910792e-01 -2.44010884e-01 -5.78351607e-01 3.06745396e-01 7.55920976e-01 2.44089014e+00
7.60150410e-01 -1.20216955e-01 6.38529076e-01 1.83151976e+00 2.88399232e-01 9.43049698e-01 -1.65781402e-01 -2.45547011e-01 -5.82234560e-01 3.10170192e-01 7.51529927e-01 2.44919302e+00
7.59193304e-01 -1.19114832e-01 6.39872938e-01 1.83910835e+00 2.89945136e-01 9.42067762e-01 -1.68643135e-01 -2.47179102e-01 -5.82715394e-01 3.13560869e-01 7.49748134e-01 2.45799024e+00
7.59032411e-01 -1.18236000e-01 6.40226669e-01 1.84695410e+00 2.90569377e-01 9.41520845e-01 -1.70611349e-01 -2.49031101e-01 -5.82613984e-01 3.15529897e-01 7.49000467e-01 2.46722635e+00
7.58504843e-01 -1.17571649e-01 6.40973910e-01 1.85482236e+00 2.92027065e-01 9.40626598e-01 -1.73038159e-01 -2.50779544e-01 -5.82572323e-01 3.18432084e-01 7.47803765e-01 2.47632921e+00
7.58294625e-01 -1.17531479e-01 6.41229912e-01 1.85811562e+00 2.92995002e-01 9.40116448e-01 -1.74170428e-01 -2.51374523e-01 -5.82359882e-01 3.19949738e-01 7.47321255e-01 2.48018187e+00
7.57078335e-01 -1.17347816e-01 6.42699022e-01 1.86686311e+00 2.94332226e-01 9.39512428e-01 -1.75171956e-01 -2.53407633e-01 -5.83267296e-01 3.21786005e-01 7.45823646e-01 2.49016652e+00
7.56148770e-01 -1.16748666e-01 6.43901320e-01 1.87560103e+00 2.95255051e-01 9.38978956e-01 -1.76474593e-01 -2.55598498e-01 -5.84006249e-01 3.23556258e-01 7.44478275e-01 2.50023000e+00
7.55692341e-01 -1.15797041e-01 6.44608641e-01 1.88403671e+00 2.95611952e-01 9.38588788e-01 -1.77946546e-01 -2.57739809e-01 -5.84416425e-01 3.25026943e-01 7.43515166e-01 2.51000059e+00
7.54309304e-01 -1.15009489e-01 6.46367118e-01 1.89285782e+00 2.96603422e-01 9.38031709e-01 -1.79229691e-01 -2.59865307e-01 -5.85699386e-01 3.26909415e-01 7.41678053e-01 2.52009027e+00
