1.00000000e+00 0.00000000e+00 0.00000000e+00 0.00000000e+00 0.00000000e+00 1.00000000e+00 0.00000000e+00 0.00000000e+00 0.00000000e+00 0.00000000e+00 1.00000000e+00 0.00000000e+00
9.99999915e-01 1.78429024e-04 2.29998947e-04 -1.24487654e-04 -1.78378247e-04 9.99999919e-01 -2.20760232e-04 2.04450413e-04 -2.30038331e-04 2.20719196e-04 9.99999898e-01 -4.36586194e-04
9.99999837e-01 3.52821524e-04 2.89274100e-04 -2.75418819e-04 -3.52671211e-04 9.99999762e-01 -5.19475492e-04 4.53936526e-04 -2.89457322e-04 5.19373428e-04 9.99999786e-01 -9.81176527e-04
9.99999736e-01 5.10617471e-04 3.47081269e-04 -4.27695140e-04 -5.10320263e-04 9.99999454e-01 -8.55815511e-04 7.30617167e-04 -3.47518084e-04 8.55638230e-04 9.99999537e-01 -1.49470648e-03
9.99999609e-01 6.64798263e-04 4.07180061e-04 -5.81449347e-04 -6.64310340e-04 9.99999002e-01 -1.19724590e-03 1.01466025e-03 -4.07975598e-04 1.19697503e-03 9.99999164e-01 -2.06263051e-03
9.99999444e-01 8.27874479e-04 4.70296988e-04 -7.36430598e-04 -8.27151174e-04 9.99998407e-01 -1.53607343e-03 1.29808055e-03 -4.71567931e-04 1.53568372e-03 9.99998673e-01 -2.57256003e-03
9.99999251e-01 9.90647609e-04 5.30690258e-04 -8.90285952e-04 -9.89651355e-04 9.99997672e-01 -1.87423828e-03 1.57961956e-03 -5.32545756e-04 1.87371189e-03 9.99998067e-01 -3.08460534e-03
9.99999038e-01 1.14517343e-03 5.91291412e-04 -1.04359616e-03 -1.14386192e-03 9.99996804e-01 -2.21359876e-03 1.85839994e-03 -5.93824510e-04 2.21292054e-03 9.99997339e-01 -3.62204893e-03
9.99998773e-01 1.31613004e-03 6.53053045e-04 -1.19935154e-03 -1.31447724e-03 9.99995853e-01 -2.52484292e-03 2.09416363e-03 -6.56373390e-04 2.52398175e-03 9.99996573e-01 -4.25523092e-03
9.99998460e-01 1.49131026e-03 7.23920264e-04 -1.36106783e-03 -1.48925588e-03 9.99994789e-01 -2.83009579e-03 2.34649958e-03 -7.28137068e-04 2.82901377e-03 9.99995717e-01 -4.82423901e-03
9.99998112e-01 1.68151367e-03 7.61331130e-04 -1.50335975e-03 -1.67920077e-03 9.99993869e-01 -3.02847844e-03 2.55205775e-03 -7.66418954e-04 3.02719480e-03 9.99995088e-01 -5.42503164e-03
9.99997494e-01 1.87986583e-03 1.00489031e-03 -1.63473152e-03 -1.87665604e-03 9.99992998e-01 -3.18561604e-03 2.70737766e-03 -1.01087197e-03 3.18372296e-03 9.99994343e-01 -5.99326148e-03
9.99997028e-01 2.05118176e-03 1.10880180e-03 -1.77977502e-03 -2.04727075e-03 9.99991543e-01 -3.51692198e-03 2.96926603e-03 -1.11600646e-03 3.51464238e-03 9.99993122e-01 -6.66451864e-03
9.99996525e-01 2.22421087e-03 1.20688792e-03 -1.93542095e-03 -2.21952617e-03 9.99989857e-01 -3.86917001e-03 3.21494218e-03 -1.21548177e-03 3.86647887e-03 9.99991700e-01 -7.33299274e-03
9.99995968e-01 2.40293225e-03 1.30408215e-03 -2.08497678e-03 -2.39745085e-03 9.99988152e-01 -4.18863840e-03 3.46782328e-03 -1.31413197e-03 4.18549624e-03 9.99990295e-01 -8.01179373e-03
9.99995441e-01 2.57348522e-03 1.36880511e-03 -2.23524818e-03 -2.56720681e-03 9.99986038e-01 -4.56893779e-03 3.73704555e-03 -1.38054441e-03 4.56540434e-03 9.99988528e-01 -8.71281791e-03
9.99994990e-01 2.71325561e-03 1.41927432e-03 -2.38489892e-03 -2.70616129e-03 9.99983692e-01 -4.97687394e-03 4.00973168e-03 -1.43275512e-03 4.97300981e-03 9.99986486e-01 -9.37176927e-03
9.99994518e-01 2.84836727e-03 1.47810710e-03 -2.53552493e-03 -2.84038981e-03 9.99981250e-01 -5.37149409e-03 4.28718741e-03 -1.49337986e-03 5.36726805e-03 9.99984339e-01 -9.97558950e-03
9.99994072e-01 2.95950842e-03 1.55361294e-03 -2.68189134e-03 -2.95048924e-03 9.99978649e-01 -5.77596269e-03 4.56554450e-03 -1.57067438e-03 5.77134655e-03 9.99981945e-01 -1.06255163e-02
9.99993674e-01 3.05392360e-03 1.62105370e-03 -2.82862088e-03 -3.04382781e-03 9.99975832e-01 -6.19444231e-03 4.83642316e-03 -1.63993260e-03 6.18947117e-03 9.99979303e-01 -1.12449949e-02
9.99993321e-01 3.13222017e-03 1.68487253e-03 -2.97413133e-03 -3.12100873e-03 9.99972859e-01 -6.61636304e-03 5.11133460e-03 -1.70555156e-03 6.61106285e-03 9.99976463e-01 -1.18952652e-02
9.99992943e-01 3.21489706e-03 1.74908193e-03 -3.11963258e-03 -3.20251608e-03 9.99969704e-01 -7.03615242e-03 5.38852780e-03 -1.77165042e-03 7.03050406e-03 9.99973457e-01 -1.25593296e-02
9.99992583e-01 3.29120698e-03 1.80942473e-03 -3.26333427e-03 -3.27763560e-03 9.99966409e-01 -7.45315884e-03 5.66352173e-03 -1.83389494e-03 7.44717592e-03 9.99970299e-01 -1.32117641e-02
9.99992234e-01 3.36401371e-03 1.86515361e-03 -3.40643414e-03 -3.34924309e-03 9.99962974e-01 -7.86692722e-03 5.93752424e-03 -1.89155024e-03 7.86062250e-03 9.99967000e-01 -1.38523354e-02
9.99991834e-01 3.44961025e-03 1.91998951e-03 -3.55080209e-03 -3.43363165e-03 9.99959457e-01 -8.26456106e-03 6.21216080e-03 -1.94842252e-03 8.25790449e-03 9.99963668e-01 -1.44787566e-02
9.99991382e-01 3.54824780e-03 1.97125591e-03 -3.69730521e-03 -3.53108082e-03 9.99955881e-01 -8.64526424e-03 6.48708433e-03 -2.00184590e-03 8.63823277e-03 9.99960335e-01 -1.50668964e-02
9.99990885e-01 3.64518697e-03 2.04167722e-03 -3.84288732e-03 -3.62661380e-03 9.99952136e-01 -9.02835845e-03 6.76956104e-03 -2.07449107e-03 9.02087573e-03 9.99956792e-01 -1.56294192e-02
9.99990274e-01 3.75013444e-03 2.14304889e-03 -3.98444013e-03 -3.72988872e-03 9.99948564e-01 -9.37463326e-03 7.04058986e-03 -2.17809637e-03 9.36655300e-03 9.99953388e-01 -1.61831902e-02
9.99989395e-01 3.85897252e-03 2.33935619e-03 -4.12013796e-03 -3.83614464e-03 9.99945204e-01 -9.68559683e-03 7.28306168e-03 -2.37660608e-03 9.67652480e-03 9.99949976e-01 -1.67202052e-02
9.99988274e-01 3.99053629e-03 2.57099803e-03 -4.25171964e-03 -3.96476266e-03 9.99942090e-01 -9.95317274e-03 7.50046118e-03 -2.61056928e-03 9.94286809e-03 9.99946777e-01 -1.72608764e-02
9.99987240e-01 4.10741417e-03 2.77089723e-03 -4.37556696e-03 -4.07890109e-03 9.99938972e-01 -1.02185869e-02 7.71007844e-03 -2.81270172e-03 1.02071603e-02 9.99943570e-01 -1.78228608e-02
9.99986510e-01 4.22513361e-03 2.85241514e-03 -4.50324520e-03 -4.19502067e-03 9.99935786e-01 -1.04817028e-02 7.92698421e-03 -2.89652009e-03 1.04696017e-02 9.99940639e-01 -1.84025141e-02
9.99985856e-01 4.33567256e-03 2.91256037e-03 -4.63922211e-03 -4.30394257e-03 9.99931788e-01 -1.08135170e-02 8.17381944e-03 -2.95924710e-03 1.08008351e-02 9.99936935e-01 -1.89847196e-02
9.99985154e-01 4.44999115e-03 2.97728177e-03 -4.77800727e-03 -4.41649231e-03 9.99927426e-01 -1.11650017e-02 8.45339828e-03 -3.02675144e-03 1.11516936e-02 9.99932877e-01 -1.95643656e-02
9.99984468e-01 4.55696129e-03 3.04278607e-03 -4.91770974e-03 -4.52158868e-03 9.99922772e-01 -1.15324817e-02 8.73380070e-03 -3.09510583e-03 1.15185514e-02 9.99928500e-01 -2.01390042e-02
9.99983763e-01 4.66766217e-03 3.10339559e-03 -5.05545696e-03 -4.63069670e-03 9.99919005e-01 -1.18136243e-02 8.84206125e-03 -3.15828782e-03 1.17990689e-02 9.99925049e-01 -2.10184299e-02
9.99982439e-01 4.98968957e-03 3.02971320e-03 -5.18876840e-03 -4.95351707e-03 9.99917253e-01 -1.18315956e-02 9.06155800e-03 -3.08850004e-03 1.18163874e-02 9.99925060e-01 -2.14330381e-02
9.99980967e-01 5.34930429e-03 2.89497482e-03 -5.20259414e-03 -5.31136482e-03 9.99901471e-01 -1.29579454e-02 9.82038146e-03 -2.96400693e-03 1.29423308e-02 9.99911509e-01 -3.41895710e-02
9.99982148e-01 5.24835842e-03 2.64952682e-03 -5.16683843e-03 -5.20954916e-03 9.99881604e-01 -1.44477812e-02 1.06575833e-02 -2.72504133e-03 1.44337304e-02 9.99891765e-01 -4.63162489e-02
9.99982060e-01 4.91610330e-03 3.25012479e-03 -5.03304835e-03 -4.86166986e-03 9.99850795e-01 -1.65488836e-02 1.12233061e-02 -3.33099729e-03 1.65327975e-02 9.99857422e-01 -5.33257628e-02
9.99980314e-01 4.48866316e-03 4.26065393e-03 -4.90357022e-03 -4.40779467e-03 9.99813035e-01 -1.88034979e-02 1.17638697e-02 -4.34426222e-03 1.87843602e-02 9.99813753e-01 -6.00140270e-02
9.99977906e-01 4.09884386e-03 5.12141667e-03 -4.70655628e-03 -3.98825628e-03 9.99762128e-01 -2.14198173e-02 1.21495272e-02 -5.20799797e-03 2.13989337e-02 9.99757045e-01 -6.55969031e-02
9.99973788e-01 3.52692675e-03 6.22735914e-03 -4.52247111e-03 -3.37360205e-03 9.99694554e-01 -2.44622049e-02 1.23606260e-02 -6.31173754e-03 2.44405735e-02 9.99680896e-01 -6.72497178e-02
9.99969020e-01 2.48650854e-03 7.38678566e-03 -4.30236155e-03 -2.27611926e-03 9.99594847e-01 -2.83548578e-02 1.26025531e-02 -7.45430230e-03 2.83371884e-02 9.99570133e-01 -6.73794547e-02
9.99960407e-01 2.60857900e-03 8.43326537e-03 -4.26505552e-03 -2.34057726e-03 9.99496279e-01 -3.16341559e-02 1.27621920e-02 -8.51154308e-03 3.16131901e-02 9.99463414e-01 -6.68625491e-02
9.99955104e-01 3.45655836e-03 8.75422806e-03 -4.17829492e-03 -3.14805406e-03 9.99381459e-01 -3.50123832e-02 1.25529147e-02 -8.86984109e-03 3.49832795e-02 9.99348031e-01 -6.05079131e-02
9.99944673e-01 5.65417481e-03 8.79895923e-03 -4.29902359e-03 -5.31188549e-03 9.99245914e-01 -3.84498075e-02 1.20540158e-02 -9.00973188e-03 3.84009705e-02 9.99221271e-01 -5.04305097e-02
9.99940132e-01 6.84253544e-03 8.46510300e-03 -4.28428954e-03 -6.47686556e-03 9.99075178e-01 -4.24954338e-02 1.08944521e-02 -8.74805618e-03 4.24380934e-02 9.99060310e-01 -3.06884391e-02
9.99946333e-01 7.17312031e-03 7.39113207e-03 -4.33036191e-03 -6.82370774e-03 9.98905590e-01 -4.62617520e-02 8.99549526e-03 -7.71488878e-03 4.62088686e-02 9.98901526e-01 -1.69290101e-03
9.99955486e-01 7.84571440e-03 5.12494022e-03 -4.43620456e-03 -7.58097005e-03 9.98730963e-01 -4.97807862e-02 6.68271446e-03 -5.50900567e-03 4.97397548e-02 9.98746528e-01 3.51213210e-02
9.99954698e-01 9.28559772e-03 1.78849292e-03 -4.63296658e-03 -9.17711266e-03 9.98536430e-01 -5.32904461e-02 4.15743922e-03 -2.28071057e-03 5.32716556e-02 9.98576964e-01 7.12081177e-02
9.99941225e-01 1.05763523e-02 -2.11265726e-03 -4.79332339e-03 -1.06793006e-02 9.98327741e-01 -5.68044434e-02 2.54660434e-03 1.50834102e-03 5.68237076e-02 9.98382566e-01 9.41181878e-02
9.99906381e-01 1.18557048e-02 -6.74096909e-03 -5.03212811e-03 -1.22382332e-02 9.98131071e-01 -5.98641122e-02 1.03175644e-03 6.01864228e-03 5.99410482e-02 9.98183278e-01 1.14120701e-01
9.99854487e-01 1.18309589e-02 -1.22380918e-02 -4.93209462e-03 -1.25770810e-02 9.97946226e-01 -6.28032776e-02 2.71979017e-04 1.14699406e-02 6.29481050e-02 9.97950368e-01 1.28026592e-01
9.99788674e-01 1.06370950e-02 -1.75557255e-02 -4.46231264e-03 -1.17621845e-02 9.97797180e-01 -6.52799386e-02 2.13608468e-04 1.68226744e-02 6.54726831e-02 9.97712017e-01 1.34326409e-01
9.99699000e-01 8.61443201e-03 -2.29441498e-02 -3.85761097e-03 -1.01373563e-02 9.97693712e-01 -6.71082492e-02 9.98479580e-04 2.23131472e-02 6.73206903e-02 9.97481321e-01 1.32354374e-01
9.99596076e-01 7.69887153e-03 -2.73330296e-02 -3.29762462e-03 -9.55372160e-03 9.97612232e-01 -6.83925542e-02 2.36849509e-03 2.67412348e-02 6.86261087e-02 9.97283476e-01 1.22155157e-01
9.99407407e-01 9.61237655e-03 -3.30326282e-02 -3.39374966e-03 -1.18893803e-02 9.97514619e-01 -6.94419252e-02 3.61188196e-03 3.22830488e-02 6.97935592e-02 9.97038415e-01 1.10492135e-01
9.99162928e-01 1.01935320e-02 -3.96008889e-02 -3.57932215e-03 -1.29830605e-02 9.97402975e-01 -7.08351166e-02 4.33585768e-03 3.87760112e-02 7.12900100e-02 9.96701097e-01 1.04475926e-01
9.98778724e-01 1.00636185e-02 -4.83578033e-02 -3.46438645e-03 -1.35561130e-02 9.97279649e-01 -7.24457054e-02 5.21467372e-03 4.74972207e-02 7.30128209e-02 9.96198798e-01 9.73063552e-02
9.98307652e-01 1.07418001e-02 -5.71416331e-02 -3.36000081e-03 -1.49452535e-02 9.97171523e-01 -7.36510896e-02 6.54457926e-03 5.61889029e-02 7.43804918e-02 9.95645145e-01 8.55043136e-02
9.97889734e-01 8.17818902e-03 -6.44042452e-02 -2.73203532e-03 -1.29774751e-02 9.97139287e-01 -7.44562062e-02 7.85850163e-03 6.36111293e-02 7.51349389e-02 9.95141833e-01 7.62115040e-02
9.97297453e-01 6.54590051e-03 -7.31686307e-02 -3.01042529e-03 -1.20958787e-02 9.97059145e-01 -7.56682133e-02 8.29813067e-03 7.24581827e-02 7.63488067e-02 9.94444368e-01 7.78300348e-02
9.96767750e-01 5.23980914e-03 -8.01583339e-02 -3.08502231e-03 -1.13926622e-02 9.97004332e-01 -7.64951791e-02 8.83165018e-03 7.95174373e-02 7.71611931e-02 9.93842092e-01 7.78430663e-02
9.96147473e-01 3.78938414e-03 -8.76049237e-02 -3.90120025e-03 -1.05912227e-02 9.96950460e-01 -7.73083488e-02 8.64921425e-03 8.70448713e-02 7.79384085e-02 9.93150443e-01 8.59510583e-02
9.95670164e-01 2.26899009e-03 -9.29220676e-02 -4.47607491e-03 -9.56850982e-03 9.96892363e-01 -7.81853172e-02 8.70939560e-03 9.24559582e-02 7.87359614e-02 9.92598374e-01 9.16564860e-02
9.95470876e-01 1.37370817e-03 -9.50504712e-02 -4.95191185e-03 -8.91932425e-03 9.96833692e-01 -7.90061228e-02 9.05770909e-03 9.46410423e-02 7.94961315e-02 9.92331798e-01 9.50142396e-02
9.95280653e-01 3.67910213e-04 -9.70312136e-02 -5.73767793e-03 -8.19399922e-03 9.96739039e-01 -8.02692064e-02 8.99110883e-03 9.66853273e-02 8.06855156e-02 9.92038685e-01 1.00968977e-01
9.95148880e-01 4.24409274e-04 -9.83729316e-02 -6.80615690e-03 -8.49033905e-03 9.96629358e-01 -8.15892433e-02 8.55957397e-03 9.80067855e-02 8.20287205e-02 9.91798816e-01 1.09564119e-01
9.95126500e-01 1.87621952e-03 -9.85821341e-02 -7.95505615e-03 -1.01073028e-02 9.96492627e-01 -8.30617602e-02 8.27766542e-03 9.80805930e-02 8.36534196e-02 9.91655762e-01 1.16252586e-01
9.95192263e-01 2.02155867e-03 -9.79134380e-02 -9.57495891e-03 -1.03337395e-02 9.96372711e-01 -8.44606295e-02 7.45560976e-03 9.73876048e-02 8.50664374e-02 9.91603843e-01 1.28955632e-01
9.95398182e-01 3.09494390e-03 -9.57685213e-02 -1.14823951e-02 -1.13536085e-02 9.96246175e-01 -8.58114379e-02 6.57755337e-03 9.51435082e-02 8.65039297e-02 9.91697339e-01 1.42493096e-01
9.95717701e-01 2.65635384e-03 -9.24009376e-02 -1.29994271e-02 -1.07539557e-02 9.96128050e-01 -8.72484124e-02 6.00697689e-03 9.18114633e-02 8.78685293e-02 9.91891442e-01 1.53949504e-01
9.96088254e-01 3.40819604e-03 -8.82906208e-02 -1.51671700e-02 -1.13173466e-02 9.95945715e-01 -8.92359560e-02 4.91789669e-03 8.76285887e-02 8.98861726e-02 9.92088978e-01 1.69387769e-01
9.96609427e-01 4.37344534e-03 -8.21529915e-02 -1.77071005e-02 -1.18779000e-02 9.95772029e-01 -9.10821832e-02 3.15284649e-03 8.14073576e-02 9.17492385e-02 9.92448381e-01 1.90582759e-01
9.97207585e-01 5.27364198e-03 -7.44833010e-02 -1.95410351e-02 -1.22320429e-02 9.95564412e-01 -9.32777781e-02 2.03988825e-03 7.36610579e-02 9.39284616e-02 9.92849603e-01 2.04233766e-01
9.97869798e-01 6.26325412e-03 -6.49248964e-02 -2.16225876e-02 -1.24730954e-02 9.95332664e-01 -9.56875442e-02 -6.00363013e-04 6.40225988e-02 9.62935896e-02 9.93291256e-01 2.29751399e-01
9.98433122e-01 7.03925877e-03 -5.55007426e-02 -2.35214869e-02 -1.24667603e-02 9.95101724e-01 -9.80608150e-02 -3.42220193e-03 5.45386466e-02 9.85991485e-02 9.93631009e-01 2.55738131e-01
9.99043206e-01 7.71278505e-03 -4.30318551e-02 -2.51471612e-02 -1.19906126e-02 9.94908899e-01 -1.00056627e-01 -5.25302760e-03 4.20410875e-02 1.00476945e-01 9.94050179e-01 2.75023259e-01
9.99543275e-01 8.63477724e-03 -2.89351738e-02 -2.68101943e-02 -1.15576764e-02 9.94673268e-01 -1.02422643e-01 -8.33588473e-03 2.78966616e-02 1.02710363e-01 9.94319487e-01 3.05169887e-01
9.99854352e-01 8.66877396e-03 -1.46509370e-02 -2.77335028e-02 -1.01450895e-02 9.94535621e-01 -1.03898430e-01 -1.17585310e-02 1.36702106e-02 1.04032012e-01 9.94479432e-01 3.36302157e-01
9.99934930e-01 1.04946253e-02 4.30393321e-03 -2.81672664e-02 -9.99019758e-03 9.94526080e-01 -1.04004707e-01 -1.16139475e-02 -5.37187343e-03 1.03955022e-01 9.94566921e-01 3.41437314e-01
9.99626785e-01 9.51286131e-03 2.55798277e-02 -2.76375607e-02 -6.76784779e-03 9.94413479e-01 -1.05332728e-01 -1.04708939e-02 -2.64389666e-02 1.05120384e-01 9.94107367e-01 3.37244111e-01
9.98907829e-01 9.26177178e-03 4.57813487e-02 -2.71742694e-02 -4.38580147e-03 9.94411301e-01 -1.05479555e-01 -1.04327212e-02 -4.65024548e-02 1.05163656e-01 9.93366436e-01 3.41092875e-01
9.97891429e-01 9.55293644e-03 6.41870219e-02 -2.71938359e-02 -2.80892169e-03 9.94536440e-01 -1.04347287e-01 -9.51464046e-03 -6.48332046e-02 1.03947059e-01 9.92466812e-01 3.37324476e-01
9.96564806e-01 1.12592134e-02 8.20385143e-02 -2.72247965e-02 -2.74129241e-03 9.94655277e-01 -1.03209556e-01 -8.88972176e-03 -8.27621651e-02 1.02630206e-01 9.91269972e-01 3.36076199e-01
9.95074649e-01 1.37399769e-02 9.81638745e-02 -2.70815813e-02 -3.66754482e-03 9.94770865e-01 -1.02060421e-01 -8.74208330e-03 -9.90529430e-02 1.01197802e-01 9.89922351e-01 3.37535467e-01
9.93520869e-01 1.69801520e-02 1.12367035e-01 -2.68957457e-02 -5.51229000e-03 9.94810447e-01 -1.01590778e-01 -8.68393651e-03 -1.13509003e-01 1.00313249e-01 9.88459252e-01 3.40441627e-01
9.91820224e-01 1.91975120e-02 1.26184309e-01 -2.65471196e-02 -6.34534719e-03 9.94817279e-01 -1.01475131e-01 -8.59883879e-03 -1.27478491e-01 9.98444984e-02 9.86802395e-01 3.43722569e-01
9.89941159e-01 2.28672045e-02 1.39613850e-01 -2.60621140e-02 -8.68060128e-03 9.94808507e-01 -1.01388233e-01 -8.76527724e-03 -1.41207616e-01 9.91565450e-02 9.85001028e-01 3.47496958e-01
9.88062676e-01 2.60937393e-02 1.51821273e-01 -2.54415175e-02 -1.06594815e-02 9.94767737e-01 -1.01599521e-01 -8.87447045e-03 -1.53678130e-01 9.87684559e-02 9.83171602e-01 3.51615036e-01
9.86257102e-01 2.84951473e-02 1.62736944e-01 -2.46231214e-02 -1.18698522e-02 9.94689096e-01 -1.02232967e-01 -9.16071009e-03 -1.64785933e-01 9.88964276e-02 9.81358044e-01 3.57325315e-01
9.84494527e-01 3.09617090e-02 1.72656317e-01 -2.32517234e-02 -1.32203114e-02 9.94595631e-01 -1.02973648e-01 -9.81916982e-03 -1.74911594e-01 9.90945260e-02 9.79583932e-01 3.65762370e-01
9.82668132e-01 3.28972499e-02 1.82426494e-01 -2.24168553e-02 -1.40444369e-02 9.94510016e-01 -1.03688989e-01 -9.98709256e-03 -1.84836198e-01 9.93298900e-02 9.77735987e-01 3.69997986e-01
9.80838741e-01 3.60898539e-02 1.91445278e-01 -2.17796529e-02 -1.62691347e-02 9.94432080e-01 -1.04110728e-01 -1.01303407e-02 -1.94136805e-01 9.90012808e-02 9.75965296e-01 3.74185875e-01
9.79418243e-01 3.81263116e-02 1.98203714e-01 -2.14373366e-02 -1.75120431e-02 9.94345290e-01 -1.04736179e-01 -1.02727510e-02 -2.01076281e-01 9.91096688e-02 9.74548194e-01 3.77313376e-01
9.79219424e-01 3.89752555e-02 1.99019351e-01 -2.23002252e-02 -1.82524616e-02 9.94312951e-01 -1.04916595e-01 -9.46132694e-03 -2.01976823e-01 9.91038693e-02 9.74362536e-01 3.72405408e-01
9.79452122e-01 4.02697972e-02 1.97611846e-01 -2.29296091e-02 -1.97587121e-02 9.94308109e-01 -1.04689431e-01 -8.88804921e-03 -2.00703044e-01 9.86338183e-02 9.74673403e-01 3.69405452e-01
9.79807023e-01 4.16631275e-02 1.95552679e-01 -2.31990483e-02 -2.14480389e-02 9.94306086e-01 -1.04375751e-01 -8.48319214e-03 -1.98787990e-01 9.80739664e-02 9.75122251e-01 3.68215436e-01
9.80495330e-01 4.15031009e-02 1.92106343e-01 -2.23454277e-02 -2.15717212e-02 9.94268865e-01 -1.04703823e-01 -8.38197192e-03 -1.95351046e-01 9.85176354e-02 9.75771902e-01 3.70762766e-01
9.80914426e-01 4.22637718e-02 1.89786814e-01 -2.04391486e-02 -2.25268213e-02 9.94219248e-01 -1.04973410e-01 -9.23945987e-03 -1.93126429e-01 9.86947342e-02 9.76196733e-01 3.80512919e-01
9.81656867e-01 4.48975492e-02 1.85289832e-01 -1.80461340e-02 -2.55265293e-02 9.94076552e-01 -1.05636142e-01 -1.03994560e-02 -1.88935232e-01 9.89687397e-02 9.76988806e-01 3.94331719e-01
9.82558141e-01 4.75541957e-02 1.79767514e-01 -1.60264024e-02 -2.85518863e-02 9.93864278e-01 -1.06852023e-01 -1.13551727e-02 -1.83745917e-01 9.98557273e-02 9.77887892e-01 4.06261781e-01
9.84045145e-01 5.15190015e-02 1.70291538e-01 -1.48371711e-02 -3.32948369e-02 9.93571688e-01 -1.08192060e-01 -1.22793234e-02 -1.74770941e-01 1.00796149e-01 9.79435381e-01 4.16933575e-01
9.86071286e-01 5.60045475e-02 1.56605315e-01 -1.46228388e-02 -3.89982285e-02 9.93206233e-01 -1.09632483e-01 -1.28184508e-02 -1.61681425e-01 1.01998215e-01 9.81556904e-01 4.24046914e-01
9.88147603e-01 6.01740324e-02 1.41215491e-01 -1.67383678e-02 -4.46226396e-02 9.92837817e-01 -1.10818562e-01 -1.16414064e-02 -1.46872596e-01 1.03203786e-01 9.83756063e-01 4.18256403e-01
9.89565918e-01 6.42822682e-02 1.28939870e-01 -1.97657312e-02 -4.97521352e-02 9.92358759e-01 -1.12905737e-01 -9.38689384e-03 -1.35212546e-01 1.05312731e-01 9.85203259e-01 4.04699265e-01
9.90772879e-01 6.85516625e-02 1.16911235e-01 -2.21098612e-02 -5.50006006e-02 9.91790426e-01 -1.15436160e-01 -7.54033876e-03 -1.23864882e-01 1.07940917e-01 9.86410134e-01 3.93966679e-01
9.91863537e-01 7.31007612e-02 1.04218284e-01 -2.44954928e-02 -6.07242010e-02 9.91232161e-01 -1.17346973e-01 -5.20224657e-03 -1.11882750e-01 1.10063709e-01 9.87606662e-01 3.78798174e-01
9.92834553e-01 7.63723193e-02 9.18983858e-02 -2.68376501e-02 -6.51701388e-02 9.90720537e-01 -1.19267121e-01 -2.72088005e-03 -1.00154397e-01 1.12423584e-01 9.88599409e-01 3.62601768e-01
9.93845848e-01 7.86974602e-02 7.79463564e-02 -2.88085278e-02 -6.89185713e-02 9.90250081e-01 -1.21054019e-01 -4.66018173e-04 -8.67130882e-02 1.14937183e-01 9.89580249e-01 3.48201013e-01
9.94721956e-01 8.27192833e-02 6.06978491e-02 -3.11895584e-02 -7.48107815e-02 9.89624827e-01 -1.22658628e-01 3.11378767e-03 -7.02143837e-02 1.17470487e-01 9.90590384e-01 3.25535851e-01
9.95504658e-01 8.40336481e-02 4.36736347e-02 -3.25970941e-02 -7.80252482e-02 9.89124010e-01 -1.24679109e-01 6.16489537e-03 -5.36759257e-02 1.20711096e-01 9.91234794e-01 3.05944523e-01
9.95973003e-01 8.57181171e-02 2.62437256e-02 -3.32095628e-02 -8.17617048e-02 9.88632595e-01 -1.26173455e-01 8.14215093e-03 -3.67607908e-02 1.23519739e-01 9.91660286e-01 2.93051166e-01
9.96194903e-01 8.66526630e-02 9.25286033e-03 -3.35599105e-02 -8.47723449e-02 9.88199892e-01 -1.27568294e-01 1.12104271e-02 -2.01978389e-02 1.26298609e-01 9.91785911e-01 2.74085002e-01
9.95991219e-01 8.91223310e-02 -7.56427211e-03 -3.37737841e-02 -8.93539889e-02 9.87670546e-01 -1.28536801e-01 1.39965459e-02 -3.98451411e-03 1.28697537e-01 9.91675150e-01 2.57368534e-01
9.95610155e-01 9.04399802e-02 -2.40728522e-02 -3.38903490e-02 -9.28093851e-02 9.87227706e-01 -1.29486883e-01 1.68636930e-02 1.20545818e-02 1.31152762e-01 9.91288140e-01 2.40440511e-01
9.94922504e-01 9.09967415e-02 -4.29804330e-02 -3.36648981e-02 -9.58803966e-02 9.86847767e-01 -1.30143722e-01 1.93930687e-02 3.05724862e-02 1.33604015e-01 9.90562382e-01 2.25940268e-01
9.93850568e-01 9.25437221e-02 -6.07882397e-02 -3.33787885e-02 -9.98417492e-02 9.86383051e-01 -1.30686789e-01 2.23096559e-02 4.78662547e-02 1.35952461e-01 9.89557617e-01 2.08781433e-01
9.92582178e-01 9.28758874e-02 -7.84420928e-02 -3.29400835e-02 -1.02634997e-01 9.86020478e-01 -1.31257951e-01 2.49928823e-02 6.51548252e-02 1.38335328e-01 9.88239216e-01 1.93452294e-01
9.90998550e-01 9.11079186e-02 -9.80798320e-02 -3.28678933e-02 -1.03620176e-01 9.85934716e-01 -1.31127743e-01 2.65592763e-02 8.47535656e-02 1.40110575e-01 9.86501072e-01 1.85939649e-01
9.88799529e-01 9.10283667e-02 -1.18269834e-01 -3.19710977e-02 -1.06435084e-01 9.85617534e-01 -1.31257567e-01 2.95655338e-02 1.04620701e-01 1.42375602e-01 9.84267372e-01 1.68791645e-01
9.87496288e-01 8.94740245e-02 -1.29784018e-01 -3.03299418e-02 -1.06613351e-01 9.85530638e-01 -1.31764296e-01 3.24854495e-02 1.16116691e-01 1.43953581e-01 9.82747619e-01 1.53115904e-01
9.86051501e-01 8.96825472e-02 -1.40206639e-01 -2.91407492e-02 -1.08360335e-01 9.85332945e-01 -1.31817617e-01 3.49294680e-02 1.26328533e-01 1.45171912e-01 9.81307727e-01 1.40037155e-01
9.84583399e-01 8.81288522e-02 -1.51087139e-01 -2.73418300e-02 -1.08442830e-01 9.85305032e-01 -1.31958312e-01 3.77760903e-02 1.37237645e-01 1.46308387e-01 9.79672578e-01 1.24925794e-01
9.82843999e-01 8.80036112e-02 -1.62084812e-01 -2.66675478e-02 -1.09939805e-01 9.85166350e-01 -1.31754986e-01 3.94955354e-02 1.48085653e-01 1.47314283e-01 9.77940593e-01 1.16588550e-01
9.80826940e-01 8.75679145e-02 -1.74094025e-01 -2.62247109e-02 -1.11333891e-01 9.85004561e-01 -1.31793640e-01 4.09447647e-02 1.59942597e-01 1.48649440e-01 9.75868984e-01 1.10913599e-01
9.78961817e-01 8.53046082e-02 -1.85351659e-01 -2.57961167e-02 -1.10824009e-01 9.85035950e-01 -1.31988975e-01 4.19852143e-02 1.71318867e-01 1.49753716e-01 9.73767005e-01 1.08142723e-01
9.76873552e-01 8.41078876e-02 -1.96576512e-01 -2.71505183e-02 -1.11492646e-01 9.84869589e-01 -1.32665474e-01 4.14793907e-02 1.82444117e-01 1.51514358e-01 9.71471077e-01 1.14947993e-01
9.74299261e-01 8.39229685e-02 -2.09036675e-01 -2.87297091e-02 -1.13477077e-01 9.84509862e-01 -1.33649481e-01 4.08553608e-02 1.94582510e-01 1.53935589e-01 9.68731156e-01 1.22145803e-01
9.72296000e-01 8.23502856e-02 -2.18763307e-01 -3.03642658e-02 -1.13660775e-01 9.84356414e-01 -1.34619810e-01 4.00414749e-02 2.04255208e-01 1.55755233e-01 9.66446404e-01 1.30590443e-01
9.70377210e-01 8.01165039e-02 -2.27920781e-01 -3.33929585e-02 -1.13175041e-01 9.84240056e-01 -1.35874443e-01 3.82493961e-02 2.13443090e-01 1.57644539e-01 9.64151857e-01 1.44868001e-01
9.68462263e-01 7.77552147e-02 -2.36713969e-01 -3.48874682e-02 -1.12489962e-01 9.84169548e-01 -1.36949951e-01 3.75653797e-02 2.22318225e-01 1.59258933e-01 9.61878265e-01 1.52205542e-01
9.66928813e-01 7.47661497e-02 -2.43838580e-01 -3.73439200e-02 -1.11048924e-01 9.84100517e-01 -1.38612171e-01 3.62804933e-02 2.29598296e-01 1.61106247e-01 9.59858310e-01 1.63167287e-01
9.65567160e-01 7.06671487e-02 -2.50369209e-01 -4.16148809e-02 -1.08521438e-01 9.84077137e-01 -1.40763367e-01 3.37604855e-02 2.36435390e-01 1.63087049e-01 9.57861939e-01 1.81444284e-01
9.64127675e-01 6.56850573e-02 -2.57180496e-01 -4.58138057e-02 -1.05157107e-01 9.84139786e-01 -1.42863092e-01 3.11139778e-02 2.43717712e-01 1.64782752e-01 9.55744168e-01 2.00073441e-01
9.62561058e-01 6.22673271e-02 -2.63813240e-01 -4.95051049e-02 -1.03077537e-01 9.84225003e-01 -1.43788746e-01 2.92632755e-02 2.50698361e-01 1.65598812e-01 9.53795548e-01 2.14527320e-01
9.61121844e-01 5.87534929e-02 -2.69798626e-01 -5.37331379e-02 -1.00968988e-01 9.84212978e-01 -1.45358632e-01 2.71609979e-02 2.56999101e-01 1.66948795e-01 9.51881376e-01 2.29613802e-01
9.59752449e-01 5.51658038e-02 -2.75373301e-01 -5.75625578e-02 -9.86882622e-02 9.84232857e-01 -1.46783714e-01 2.52168880e-02 2.62934128e-01 1.68052297e-01 9.50064535e-01 2.43485489e-01
9.58771253e-01 5.23519682e-02 -2.79312366e-01 -6.28954973e-02 -9.69602878e-02 9.84167738e-01 -1.48363014e-01 2.26639632e-02 2.67123265e-01 1.69328553e-01 9.48668277e-01 2.62009214e-01
9.58245014e-01 4.78872461e-02 -2.81907383e-01 -6.78648248e-02 -9.34707831e-02 9.84174667e-01 -1.50540589e-01 2.03070142e-02 2.70237268e-01 1.70605021e-01 9.47557008e-01 2.79798549e-01
9.57840940e-01 4.39398433e-02 -2.83916430e-01 -7.29613980e-02 -9.04446151e-02 9.84105032e-01 -1.52827157e-01 1.78056094e-02 2.72688517e-01 1.72062964e-01 9.46590672e-01 2.97589301e-01
9.57583162e-01 4.00983614e-02 -2.85350827e-01 -7.78479069e-02 -8.75010203e-02 9.83973589e-01 -1.55365869e-01 1.55436748e-02 2.74547904e-01 1.73744373e-01 9.45745682e-01 3.14493102e-01
9.57368543e-01 3.65995031e-02 -2.86538722e-01 -8.48460091e-02 -8.47612734e-02 9.83869184e-01 -1.57530727e-01 1.20755693e-02 2.76151230e-01 1.75102496e-01 9.45028104e-01 3.38124350e-01
9.57243135e-01 3.36827034e-02 -2.87314526e-01 -9.04324391e-02 -8.24843002e-02 9.83747937e-01 -1.59484571e-01 9.44257284e-03 2.77273366e-01 1.76364586e-01 9.44464691e-01 3.56789525e-01
9.57181330e-01 3.16491334e-02 -2.87751226e-01 -9.62974882e-02 -8.10594515e-02 9.83544134e-01 -1.61459853e-01 6.59744395e-03 2.77906129e-01 1.77871457e-01 9.43995998e-01 3.76266328e-01
9.57363341e-01 2.95702150e-02 -2.87366662e-01 -1.01381736e-01 -7.94693543e-02 9.83325592e-01 -1.63567655e-01 4.10936959e-03 2.77738432e-01 1.79430661e-01 9.43750242e-01 3.93246748e-01
9.57791655e-01 2.58008873e-02 -2.86300670e-01 -1.07878298e-01 -7.61116535e-02 9.83179890e-01 -1.66021900e-01 6.53533085e-04 2.77201731e-01 1.80805344e-01 9.43645661e-01 4.15526858e-01
9.58145108e-01 2.36549815e-02 -2.85301518e-01 -1.14292527e-01 -7.44387930e-02 9.82886534e-01 -1.68498911e-01 -2.80839790e-03 2.76433356e-01 1.82684050e-01 9.43509215e-01 4.36992242e-01
9.58663710e-01 2.04373892e-02 -2.83804098e-01 -1.19082361e-01 -7.14889413e-02 9.82723106e-01 -1.70714766e-01 -5.44647962e-03 2.75412062e-01 1.83947043e-01 9.43562493e-01 4.53566969e-01
9.58913292e-01 1.79879201e-02 -2.83126072e-01 -1.23203398e-01 -6.93930543e-02 9.82543759e-01 -1.72601519e-01 -7.60075061e-03 2.75079201e-01 1.85157005e-01 9.43422934e-01 4.67459971e-01
9.59321354e-01 1.56487417e-02 -2.81879966e-01 -1.26773638e-01 -6.72730567e-02 9.82371269e-01 -1.74413225e-01 -9.37298763e-03 2.74181613e-01 1.86281386e-01 9.43462904e-01 4.79148675e-01
9.59736423e-01 1.39812538e-02 -2.80551692e-01 -1.30790628e-01 -6.58189644e-02 9.82148354e-01 -1.76214141e-01 -1.15983468e-02 2.73079878e-01 1.87584873e-01 9.43524171e-01 4.92771503e-01
9.60341988e-01 1.19833128e-02 -2.78564934e-01 -1.33527673e-01 -6.39315065e-02 9.81921793e-01 -1.78161048e-01 -1.27052346e-02 2.71394195e-01 1.88904729e-01 9.43747231e-01 5.01762343e-01
9.60977606e-01 1.01513299e-02 -2.76437576e-01 -1.38113293e-01 -6.21633664e-02 9.81691062e-01 -1.80048332e-01 -1.54548697e-02 2.69548727e-01 1.90206821e-01 9.44014591e-01 5.17618059e-01
9.61767000e-01 7.47672628e-03 -2.73764678e-01 -1.41113190e-01 -5.94553451e-02 9.81486228e-01 -1.82068333e-01 -1.70820732e-02 2.67335137e-01 1.91384196e-01 9.44406042e-01 5.28466930e-01
9.62505785e-01 6.26891112e-03 -2.71186507e-01 -1.43656820e-01 -5.82170323e-02 9.81210736e-01 -1.83943893e-01 -1.83176852e-02 2.64938125e-01 1.92834840e-01 9.44786396e-01 5.36942689e-01
9.63182932e-01 5.56300036e-03 -2.68786962e-01 -1.46315000e-01 -5.73902470e-02 9.80994552e-01 -1.85351363e-01 -1.96331425e-02 2.62647572e-01 1.93953135e-01 9.45196918e-01 5.45490662e-01
9.64037295e-01 4.83042820e-03 -2.65720601e-01 -1.48123099e-01 -5.64262950e-02 9.80759200e-01 -1.86886390e-01 -2.04387256e-02 2.59705317e-01 1.95159203e-01 9.45761479e-01 5.51492244e-01
9.64881868e-01 3.20617236e-03 -2.62662215e-01 -1.50931729e-01 -5.45266406e-02 9.80590026e-01 -1.88332466e-01 -2.20799311e-02 2.56960257e-01 1.96040785e-01 9.46328808e-01 5.61325635e-01
9.65969743e-01 2.33860013e-03 -2.58642178e-01 -1.53085485e-01 -5.32803767e-02 9.80312378e-01 -1.90126266e-01 -2.31110330e-02 2.53105617e-01 1.97436884e-01 9.47077128e-01 5.68704974e-01
9.67001606e-01 1.74755527e-03 -2.54761850e-01 -1.55062451e-01 -5.22033777e-02 9.80117434e-01 -1.91425586e-01 -2.39950652e-02 2.49362130e-01 1.98408398e-01 9.47866774e-01 5.75672983e-01
9.67840229e-01 5.91995284e-04 -2.51562502e-01 -1.57500592e-01 -5.07934633e-02 9.79860529e-01 -1.93112568e-01 -2.54908804e-02 2.46381972e-01 1.99679960e-01 9.48378947e-01 5.84956969e-01
9.68964330e-01 -3.41241408e-04 -2.47197790e-01 -1.60117591e-01 -4.93647093e-02 9.79589231e-01 -1.94851715e-01 -2.70310827e-02 2.42218911e-01 2.01007336e-01 9.49170582e-01 5.94610263e-01
9.70487323e-01 -3.17966385e-03 -2.41128572e-01 -1.61979813e-01 -4.56629544e-02 9.79399825e-01 -1.96697856e-01 -2.81335357e-02 2.36786838e-01 2.01903554e-01 9.50350286e-01 6.02382871e-01
9.72198488e-01 -5.05869648e-03 -2.34101009e-01 -1.65128792e-01 -4.27767146e-02 9.79104676e-01 -1.98804957e-01 -3.02874787e-02 2.30215207e-01 2.03292090e-01 9.51668007e-01 6.14542969e-01
9.74042240e-01 -6.79651347e-03 -2.26261566e-01 -1.67331521e-01 -3.97458246e-02 9.78885276e-01 -2.00507366e-01 -3.13951176e-02 2.22846969e-01 2.04295741e-01 9.53205764e-01 6.22639316e-01
9.76035505e-01 -9.57153423e-03 -2.17398075e-01 -1.68238414e-01 -3.54960216e-02 9.78648467e-01 -2.02451360e-01 -3.14274611e-02 2.14694162e-01 2.05316617e-01 9.54856169e-01 6.26395661e-01
9.77963091e-01 -1.04907799e-02 -2.08511293e-01 -1.70662852e-01 -3.30860574e-02 9.78327201e-01 -2.04403074e-01 -3.30512204e-02 2.06136705e-01 2.06797625e-01 9.56421040e-01 6.35841821e-01
9.79837841e-01 -1.22283752e-02 -1.99416870e-01 -1.72572384e-01 -2.97291827e-02 9.78089095e-01 -2.06051806e-01 -3.42021822e-02 1.97567234e-01 2.07826016e-01 9.58005359e-01 6.43774863e-01
9.81756767e-01 -1.35668611e-02 -1.89653559e-01 -1.73934005e-01 -2.66315735e-02 9.77806823e-01 -2.07807765e-01 -3.48643610e-02 1.88263932e-01 2.09067609e-01 9.59607295e-01 6.49057983e-01
9.83655536e-01 -1.47862698e-02 -1.79449204e-01 -1.75599837e-01 -2.35746943e-02 9.77466956e-01 -2.09766619e-01 -3.58091798e-02 1.78507428e-01 2.10568716e-01 9.61142339e-01 6.55864227e-01
9.85445802e-01 -1.46384580e-02 -1.69355129e-01 -1.78109989e-01 -2.18851281e-02 9.77067735e-01 -2.11799640e-01 -3.80563045e-02 1.68571955e-01 2.12423584e-01 9.62527062e-01 6.67734927e-01
9.87401261e-01 -1.46550729e-02 -1.57552687e-01 -1.79982837e-01 -1.96306577e-02 9.76663721e-01 -2.13873816e-01 -3.97705173e-02 1.57010438e-01 2.14272306e-01 9.64071399e-01 6.77325414e-01
9.89100225e-01 -1.39553972e-02 -1.46577182e-01 -1.81365900e-01 -1.82117662e-02 9.76258419e-01 -2.15840668e-01 -4.12032203e-02 1.46109459e-01 2.16157645e-01 9.65363383e-01 6.85458313e-01
9.90591624e-01 -1.31920747e-02 -1.36209804e-01 -1.81947479e-01 -1.68861651e-02 9.75952402e-01 -2.17327313e-01 -4.15094421e-02 1.35801391e-01 2.17582840e-01 9.66547600e-01 6.88094335e-01
9.91802790e-01 -1.14480704e-02 -1.27260141e-01 -1.82567798e-01 -1.67890644e-02 9.75666536e-01 -2.18614553e-01 -4.13985705e-02 1.26666288e-01 2.18959257e-01 9.67476648e-01 6.89129481e-01
9.92963547e-01 -7.98575554e-03 -1.18146617e-01 -1.83400577e-01 -1.83492157e-02 9.75295847e-01 -2.20137964e-01 -4.13550049e-02 1.16985981e-01 2.20757022e-01 9.68286745e-01 6.91271345e-01
9.93866345e-01 -3.59198351e-03 -1.10524864e-01 -1.83687569e-01 -2.11442669e-02 9.74858839e-01 -2.21816440e-01 -3.97438096e-02 1.08543010e-01 2.22793016e-01 9.68803524e-01 6.86467400e-01
9.94677219e-01 -1.36688250e-03 -1.03025983e-01 -1.84030609e-01 -2.18485053e-02 9.74374637e-01 -2.23866295e-01 -3.91489864e-02 1.00692010e-01 2.24925823e-01 9.69158436e-01 6.86012662e-01
9.95139393e-01 2.28216302e-03 -9.84444157e-02 -1.85416297e-01 -2.45237407e-02 9.73975174e-01 -2.25322591e-01 -4.06999921e-02 9.53683006e-02 2.26641767e-01 9.69297152e-01 6.94069524e-01
9.95245307e-01 6.00409134e-03 -9.72092818e-02 -1.86102429e-01 -2.80163368e-02 9.73560244e-01 -2.26704311e-01 -3.98689082e-02 9.32780456e-02 2.28350006e-01 9.69099601e-01 6.92522156e-01
9.95783835e-01 9.81534497e-03 -9.11985493e-02 -1.87113206e-01 -3.04840501e-02 9.73156866e-01 -2.28113639e-01 -3.94097804e-02 8.65115855e-02 2.29932141e-01 9.69353128e-01 6.92327649e-01
9.95996018e-01 1.11076407e-02 -8.86984085e-02 -1.87749910e-01 -3.12723085e-02 9.72846287e-01 -2.29328206e-01 -3.93890738e-02 8.37427311e-02 2.31183960e-01 9.69298489e-01 6.93706128e-01
9.96148896e-01 1.34862567e-02 -8.66279850e-02 -1.88138898e-01 -3.32085304e-02 9.72512474e-01 -2.30469004e-01 -3.90347968e-02 8.11387422e-02 2.32458401e-01 9.69215164e-01 6.93945003e-01
9.96447437e-01 1.57841529e-02 -8.27182654e-02 -1.89535890e-01 -3.45988196e-02 9.72276523e-01 -2.31258732e-01 -4.14939936e-02 7.67749126e-02 2.33299290e-01 9.69368626e-01 7.04358836e-01
9.96483529e-01 1.90540769e-02 -8.15869272e-02 -1.90169541e-01 -3.76053460e-02 9.71912013e-01 -2.32319069e-01 -4.11212897e-02 7.48687988e-02 2.34570400e-01 9.69210929e-01 7.03928878e-01
9.96460530e-01 2.20281710e-02 -8.11176802e-02 -1.90857930e-01 -4.04386802e-02 9.71661272e-01 -2.32891356e-01 -4.07916630e-02 7.36888443e-02 2.35347504e-01 9.69112985e-01 7.03400631e-01
9.96206649e-01 2.57837633e-02 -8.31044114e-02 -1.91478151e-01 -4.45833333e-02 9.71444113e-01 -2.33040706e-01 -4.03465477e-02 7.47227262e-02 2.35861947e-01 9.68908751e-01 7.02903677e-01
9.95947552e-01 2.98279650e-02 -8.48389149e-02 -1.92737543e-01 -4.89774980e-02 9.71114400e-01 -2.33532398e-01 -4.18146832e-02 7.54225959e-02 2.36741391e-01 9.68640012e-01 7.09227619e-01
9.95619735e-01 3.24554538e-02 -8.76747890e-02 -1.93644740e-01 -5.22853244e-02 9.70733660e-01 -2.34396710e-01 -4.26249976e-02 7.75015174e-02 2.37954283e-01 9.68178572e-01 7.13555802e-01
9.95075356e-01 3.43501290e-02 -9.29729805e-02 -1.94531685e-01 -5.55008028e-02 9.70279966e-01 -2.35533190e-01 -4.36305901e-02 8.21193244e-02 2.39533544e-01 9.67408156e-01 7.18418460e-01
9.94383879e-01 3.70552139e-02 -9.91285851e-02 -1.95314602e-01 -5.96860183e-02 9.69875034e-01 -2.36176808e-01 -4.22166574e-02 8.73908550e-02 2.40767209e-01 9.66639749e-01 7.15011424e-01
9.93845830e-01 3.86060645e-02 -1.03821457e-01 -1.97529454e-01 -6.24633839e-02 9.69383275e-01 -2.37473873e-01 -4.61992727e-02 9.14749529e-02 2.42497667e-01 9.65828963e-01 7.31915246e-01
9.93238020e-01 3.91759465e-02 -1.09280769e-01 -1.99167040e-01 -6.45123303e-02 9.68870352e-01 -2.39014361e-01 -4.89255387e-02 9.65153804e-02 2.44448326e-01 9.64846188e-01 7.43569708e-01
9.92608792e-01 3.85298439e-02 -1.15074226e-01 -2.00956603e-01 -6.54545955e-02 9.68482658e-01 -2.40325787e-01 -5.26671407e-02 1.02187780e-01 2.46081843e-01 9.63846311e-01 7.58968776e-01
9.92157390e-01 3.70476474e-02 -1.19373578e-01 -2.02690489e-01 -6.52314747e-02 9.68157049e-01 -2.41694424e-01 -5.62970727e-02 1.06618268e-01 2.47586034e-01 9.62980799e-01 7.73990113e-01
9.91760487e-01 3.60712086e-02 -1.22917824e-01 -2.04658788e-01 -6.53831371e-02 9.67676579e-01 -2.43570316e-01 -5.95845102e-02 1.10158925e-01 2.49600388e-01 9.62061837e-01 7.87965232e-01
9.91255692e-01 3.47982783e-02 -1.27279196e-01 -2.08011059e-01 -6.54618539e-02 9.67213314e-01 -2.45382287e-01 -6.63916783e-02 1.14567358e-01 2.51568731e-01 9.61033720e-01 8.14866554e-01
9.90848547e-01 3.36788995e-02 -1.30704773e-01 -2.10552737e-01 -6.54975092e-02 9.66687437e-01 -2.47436409e-01 -7.04614894e-02 1.18017389e-01 2.53733040e-01 9.60046747e-01 8.31334562e-01
9.90218676e-01 3.24784430e-02 -1.35687309e-01 -2.11880987e-01 -6.58110486e-02 9.66267856e-01 -2.48987406e-01 -7.17656755e-02 1.23023670e-01 2.55481895e-01 9.58953889e-01 8.37728746e-01
9.89703897e-01 2.93612420e-02 -1.40082300e-01 -2.13350857e-01 -6.41452500e-02 9.65927095e-01 -2.50738031e-01 -7.41120879e-02 1.27947421e-01 2.57142195e-01 9.57865211e-01 8.47954895e-01
9.89358121e-01 2.67193830e-02 -1.43022875e-01 -2.15086722e-01 -6.26550828e-02 9.65420137e-01 -2.53056426e-01 -7.69278706e-02 1.31315769e-01 2.59324698e-01 9.56820413e-01 8.59823309e-01
9.89394538e-01 2.43118030e-02 -1.43200252e-01 -2.18341194e-01 -6.08161399e-02 9.64651168e-01 -2.56415204e-01 -8.25345936e-02 1.31904491e-01 2.62404849e-01 9.55899226e-01 8.80833252e-01
9.89098422e-01 2.21869633e-02 -1.45570895e-01 -2.21123914e-01 -5.96162568e-02 9.64276459e-01 -2.58100736e-01 -8.75403493e-02 1.34644235e-01 2.63965596e-01 9.55087149e-01 8.99720131e-01
9.88532086e-01 2.09745056e-02 -1.49543538e-01 -2.26885967e-01 -5.96132603e-02 9.64077240e-01 -2.58844710e-01 -9.74394220e-02 1.38742496e-01 2.64791249e-01 9.54271728e-01 9.34635466e-01
9.87361933e-01 2.14260325e-02 -1.57022895e-01 -2.30614135e-01 -6.23087457e-02 9.63507836e-01 -2.60325801e-01 -1.03140816e-01 1.45715155e-01 2.66819866e-01 9.52666068e-01 9.55129982e-01
9.86645097e-01 2.29989150e-02 -1.61249544e-01 -2.32330420e-01 -6.52204421e-02 9.62936136e-01 -2.61724253e-01 -1.04729132e-01 1.49253757e-01 2.68745899e-01 9.51576231e-01 9.61303893e-01
9.86673134e-01 2.60612937e-02 -1.60611005e-01 -2.32709791e-01 -6.81775398e-02 9.62477390e-01 -2.62656422e-01 -1.03880516e-01 1.47739414e-01 2.70106272e-01 9.51427372e-01 9.59489152e-01
9.87076513e-01 2.86815966e-02 -1.57658769e-01 -2.32720268e-01 -7.00103184e-02 9.62174698e-01 -2.63282590e-01 -1.02264598e-01 1.44144025e-01 2.70917965e-01 9.51748083e-01 9.55370832e-01
9.87942325e-01 3.44808621e-02 -1.50930489e-01 -2.32516516e-01 -7.38579096e-02 9.61764518e-01 -2.63729741e-01 -9.98014183e-02 1.36066072e-01 2.71697357e-01 9.52714545e-01 9.48485717e-01
9.88955256e-01 3.80066268e-02 -1.43255036e-01 -2.33287767e-01 -7.53242573e-02 9.61314251e-01 -2.64953917e-01 -9.94897337e-02 1.27643210e-01 2.72818322e-01 9.53559562e-01 9.48832648e-01
9.89419448e-01 4.18712722e-02 -1.38906225e-01 -2.34086877e-01 -7.79137965e-02 9.61015027e-01 -2.65290339e-01 -9.88088550e-02 1.22383032e-01 2.73306310e-01 9.54109272e-01 9.48157639e-01
9.89986167e-01 4.45818760e-02 -1.33935990e-01 -2.35066004e-01 -7.92636107e-02 9.60679550e-01 -2.66104431e-01 -9.91008843e-02 1.16806233e-01 2.74056139e-01 9.54593117e-01 9.51228251e-01
9.90421692e-01 4.73755777e-02 -1.29689504e-01 -2.35733275e-01 -8.08954154e-02 9.60297511e-01 -2.66990836e-01 -9.90260806e-02 1.11891759e-01 2.74924991e-01 9.54931927e-01 9.52347166e-01
9.90782117e-01 5.08038011e-02 -1.25573141e-01 -2.36861548e-01 -8.31229354e-02 9.59975505e-01 -2.67464044e-01 -9.98952872e-02 1.06959047e-01 2.75436800e-01 9.55349556e-01 9.56395633e-01
