1.00000000e+00 0.00000000e+00 0.00000000e+00 0.00000000e+00 0.00000000e+00 1.00000000e+00 0.00000000e+00 0.00000000e+00 0.00000000e+00 0.00000000e+00 1.00000000e+00 0.00000000e+00
9.99996322e-01 9.53531309e-04 2.54253852e-03 -6.77837121e-04 -9.54160921e-04 9.99999565e-01 2.46433872e-04 1.06572265e-04 -2.54230218e-03 -2.48858960e-04 9.99996753e-01 -5.55301945e-03
9.99994173e-01 1.76974927e-03 2.92564475e-03 -1.33693665e-03 -1.77155673e-03 9.99998307e-01 6.15313746e-04 8.11254183e-05 -2.92455059e-03 -6.20493082e-04 9.99995524e-01 -1.36118043e-02
9.99994006e-01 2.76999104e-03 2.06946587e-03 -2.05260321e-03 -2.77244528e-03 9.99995515e-01 1.18401786e-03 1.81092018e-05 -2.06617658e-03 -1.18974816e-03 9.99997159e-01 -2.22048475e-02
9.99992448e-01 3.84336052e-03 5.55736649e-04 -2.74919215e-03 -3.84423247e-03 9.99991432e-01 1.57646408e-03 -9.72620401e-05 -5.49672816e-04 -1.57858846e-03 9.99998574e-01 -3.10877808e-02
9.99986548e-01 4.86343184e-03 -1.79226530e-03 -3.53149367e-03 -4.85901422e-03 9.99985222e-01 2.46102790e-03 -2.33703778e-04 1.80420772e-03 -2.45228603e-03 9.99995288e-01 -3.96607196e-02
9.99971841e-01 6.10356637e-03 -4.35844189e-03 -4.31617644e-03 -6.09031859e-03 9.99976893e-01 3.04637304e-03 -3.69522101e-04 4.37693429e-03 -3.01974285e-03 9.99985777e-01 -4.77794081e-02
9.99944000e-01 7.14599092e-03 -7.79769183e-03 -5.05162987e-03 -7.11750903e-03 9.99967992e-01 3.67425099e-03 -4.92797727e-04 7.82369737e-03 -3.61854505e-03 9.99962731e-01 -5.60509061e-02
9.99901180e-01 8.07552722e-03 -1.14995520e-02 -5.76281257e-03 -8.02672447e-03 9.99958682e-01 4.28371963e-03 -6.43771278e-04 1.15336684e-02 -4.19099256e-03 9.99924581e-01 -6.43326199e-02
9.99821488e-01 8.97275764e-03 -1.66239858e-02 -6.45509537e-03 -8.88744480e-03 9.99947067e-01 5.19871730e-03 -7.66449246e-04 1.66697508e-02 -5.05004434e-03 9.99848154e-01 -7.24784486e-02
9.99734982e-01 9.73379448e-03 -2.08596288e-02 -7.08207554e-03 -9.60998404e-03 9.99935738e-01 6.02747345e-03 -9.19600859e-04 2.09169562e-02 -5.82541512e-03 9.99764084e-01 -8.12418678e-02
9.99626763e-01 1.04815538e-02 -2.52260000e-02 -7.79256852e-03 -1.03050413e-02 9.99921620e-01 7.11713064e-03 -1.12069165e-03 2.52986189e-02 -6.85451874e-03 9.99656278e-01 -8.98519082e-02
9.99462130e-01 1.09827387e-02 -3.08994997e-02 -8.54707398e-03 -1.07249924e-02 9.99906485e-01 8.49487448e-03 -1.36642324e-03 3.09899020e-02 -8.15890728e-03 9.99486285e-01 -9.88299778e-02
9.99185704e-01 1.19639672e-02 -3.85322798e-02 -9.41533611e-03 -1.15750042e-02 9.99880022e-01 1.03018160e-02 -1.61522163e-03 3.86509001e-02 -9.84741442e-03 9.99204153e-01 -1.07607121e-01
9.98684856e-01 1.28147288e-02 -4.96417658e-02 -1.02643615e-02 -1.22167945e-02 9.99849430e-01 1.23297680e-02 -1.89033796e-03 4.97922858e-02 -1.17070874e-02 9.98690879e-01 -1.16099587e-01
9.97856365e-01 1.38649153e-02 -6.39558795e-02 -1.12523569e-02 -1.29634192e-02 9.99811053e-01 1.44891257e-02 -2.15224469e-03 6.41446755e-02 -1.36289773e-02 9.97847447e-01 -1.25771761e-01
9.96959657e-01 1.46836581e-02 -7.65229286e-02 -1.21166065e-02 -1.34363138e-02 9.99768822e-01 1.67897442e-02 -2.41650769e-03 7.67517628e-02 -1.57105092e-02 9.96926338e-01 -1.34694028e-01
9.96065608e-01 1.53369531e-02 -8.72812101e-02 -1.28965841e-02 -1.37411902e-02 9.99727872e-01 1.88545969e-02 -2.65576453e-03 8.75466180e-02 -1.75810652e-02 9.96005169e-01 -1.43601260e-01
9.94908608e-01 1.64475688e-02 -9.94295704e-02 -1.37407969e-02 -1.44117674e-02 9.99672311e-01 2.11585649e-02 -2.96958642e-03 9.97449832e-02 -1.96178800e-02 9.94819501e-01 -1.52473175e-01
9.93380856e-01 1.68804470e-02 -1.13619850e-01 -1.39601069e-02 -1.43741652e-02 9.99635811e-01 2.28417719e-02 -3.16831240e-03 1.13964041e-01 -2.10573855e-02 9.93261553e-01 -1.64398878e-01
9.92027772e-01 1.82012384e-02 -1.24697706e-01 -1.43195031e-02 -1.51794215e-02 9.99568679e-01 2.51406495e-02 -3.44046191e-03 1.25101505e-01 -2.30473795e-02 9.91876088e-01 -1.74485420e-01
9.90631071e-01 1.94456334e-02 -1.35173155e-01 -1.44141686e-02 -1.59044922e-02 9.99502699e-01 2.72278896e-02 -3.69641589e-03 1.35635390e-01 -2.48229293e-02 9.90447668e-01 -1.85308755e-01
9.88878779e-01 2.01545044e-02 -1.47351428e-01 -1.43307395e-02 -1.59972978e-02 9.99441360e-01 2.93438467e-02 -3.98473268e-03 1.47860514e-01 -2.66602785e-02 9.88648693e-01 -1.96216867e-01
9.86833221e-01 2.02871795e-02 -1.60463315e-01 -1.39822835e-02 -1.55102260e-02 9.99400085e-01 3.09665943e-02 -4.28993568e-03 1.60995262e-01 -2.80700383e-02 9.86555795e-01 -2.07481188e-01
9.84360151e-01 2.07729706e-02 -1.74938398e-01 -1.34540441e-02 -1.53043050e-02 9.99352875e-01 3.25519144e-02 -4.57745169e-03 1.75501386e-01 -2.93654941e-02 9.84040944e-01 -2.18516764e-01
9.81860632e-01 2.09067119e-02 -1.88447516e-01 -1.28681258e-02 -1.46782380e-02 9.99300783e-01 3.43868174e-02 -4.92091291e-03 1.89034665e-01 -3.09969813e-02 9.81480880e-01 -2.29264970e-01
9.78996534e-01 2.10799607e-02 -2.02783697e-01 -1.22314602e-02 -1.40417401e-02 9.99250087e-01 3.60844445e-02 -5.29863446e-03 2.03392274e-01 -3.24791079e-02 9.78558294e-01 -2.39518628e-01
9.75600438e-01 2.13366227e-02 -2.18513964e-01 -1.13462814e-02 -1.34228422e-02 9.99201319e-01 3.76371844e-02 -5.64757436e-03 2.19142475e-01 -3.37857723e-02 9.75107565e-01 -2.49079093e-01
9.72081929e-01 2.09547773e-02 -2.33703818e-01 -1.01858756e-02 -1.20878203e-02 9.99153999e-01 3.93091432e-02 -6.01855397e-03 2.34329805e-01 -3.53867355e-02 9.71512711e-01 -2.58865020e-01
9.68016852e-01 2.13229127e-02 -2.49977015e-01 -9.05781265e-03 -1.14313402e-02 9.99095623e-01 4.09553503e-02 -6.40974575e-03 2.50624201e-01 -3.67878963e-02 9.67385017e-01 -2.68319881e-01
9.62915900e-01 2.15543953e-02 -2.68938921e-01 -8.09379212e-03 -1.02930894e-02 9.99012890e-01 4.32132895e-02 -6.83410224e-03 2.69604857e-01 -3.88425523e-02 9.62187103e-01 -2.76503768e-01
9.57044748e-01 2.10734293e-02 -2.89172942e-01 -6.82556736e-03 -8.53065520e-03 9.98970025e-01 4.45667584e-02 -7.15119412e-03 2.89814251e-01 -4.01855502e-02 9.56238618e-01 -2.84811742e-01
9.50371686e-01 2.14993828e-02 -3.10372654e-01 -5.63538924e-03 -7.50046061e-03 9.98902819e-01 4.62268972e-02 -7.45198250e-03 3.11025958e-01 -4.16047980e-02 9.49490045e-01 -2.92601492e-01
9.43267566e-01 2.16934114e-02 -3.31323757e-01 -4.29279602e-03 -6.30664100e-03 9.98853964e-01 4.74451224e-02 -7.78582998e-03 3.31973264e-01 -4.26639062e-02 9.42323218e-01 -3.00851460e-01
9.35305985e-01 2.12170611e-02 -3.53202969e-01 -3.04508099e-03 -4.22884496e-03 9.98799677e-01 4.88000581e-02 -8.04602307e-03 3.53814360e-01 -4.41493461e-02 9.34272860e-01 -3.07977572e-01
9.26795588e-01 2.19356017e-02 -3.74924793e-01 -1.29197728e-03 -3.34939813e-03 9.98735978e-01 5.01531587e-02 -8.44170349e-03 3.75550987e-01 -4.52259533e-02 9.25697351e-01 -3.16897968e-01
9.17979257e-01 2.25978218e-02 -3.95983987e-01 6.23973280e-04 -2.52886560e-03 9.98688855e-01 5.11302070e-02 -8.80766078e-03 3.96620187e-01 -4.59350758e-02 9.16832577e-01 -3.25506537e-01
9.07807750e-01 2.28198379e-02 -4.18765177e-01 2.20988979e-03 -1.16667309e-03 9.98652137e-01 5.18905677e-02 -9.10088445e-03 4.19384844e-01 -4.66180919e-02 9.06610557e-01 -3.33275402e-01
8.97295030e-01 2.31485280e-02 -4.40823833e-01 4.52329416e-03 3.58331445e-05 9.98620301e-01 5.25124505e-02 -9.49361692e-03 4.41431186e-01 -4.71349534e-02 8.96055993e-01 -3.42193365e-01
8.86735127e-01 2.36225777e-02 -4.61673686e-01 7.17103248e-03 1.02835400e-03 9.98590268e-01 5.30702789e-02 -9.91081990e-03 4.62276460e-01 -4.75340423e-02 8.85460620e-01 -3.51405964e-01
8.75693310e-01 2.40613409e-02 -4.82267599e-01 9.95734978e-03 2.36524507e-03 9.98532006e-01 5.41136185e-02 -1.03461674e-02 4.82861623e-01 -4.85276144e-02 8.74350739e-01 -3.60497322e-01
8.63580648e-01 2.55736246e-02 -5.03561557e-01 1.33333263e-02 2.74239639e-03 9.98459960e-01 5.54103348e-02 -1.08699899e-02 5.04203037e-01 -4.92322590e-02 8.62180352e-01 -3.70423329e-01
8.50515056e-01 2.74175722e-02 -5.25235411e-01 1.73872601e-02 2.76533619e-03 9.98393494e-01 5.65945843e-02 -1.14099508e-02 5.25943222e-01 -4.95869984e-02 8.49072655e-01 -3.81263999e-01
8.37132706e-01 2.88508208e-02 -5.46238310e-01 2.15801903e-02 3.81438120e-03 9.98275989e-01 5.85719087e-02 -1.20737209e-02 5.46986330e-01 -5.11160202e-02 8.35579235e-01 -3.91657023e-01
8.23072228e-01 3.08943334e-02 -5.67095668e-01 2.68322384e-02 3.84379557e-03 9.98193579e-01 5.99585602e-02 -1.28052219e-02 5.67923520e-01 -5.15300251e-02 8.21466418e-01 -4.03099438e-01
8.08511598e-01 3.29625449e-02 -5.87556164e-01 3.24854123e-02 3.90943258e-03 9.98107251e-01 6.13745074e-02 -1.35354575e-02 5.88466994e-01 -5.19190140e-02 8.06852226e-01 -4.14478435e-01
7.94255992e-01 3.49792293e-02 -6.06575331e-01 3.91336999e-02 4.04407515e-03 9.98015046e-01 6.28476252e-02 -1.43992628e-02 6.07569545e-01 -5.23701424e-02 7.92537750e-01 -4.26331807e-01
7.78589418e-01 3.74409886e-02 -6.26415604e-01 4.56514815e-02 3.72165369e-03 9.97925593e-01 6.42719511e-02 -1.52229991e-02 6.27522441e-01 -5.23727634e-02 7.76834734e-01 -4.37696178e-01
7.61348373e-01 4.01146815e-02 -6.47100713e-01 4.96316676e-02 3.42651105e-03 9.97821322e-01 6.58877993e-02 -1.56662351e-02 6.48333799e-01 -5.23808676e-02 7.59551902e-01 -4.45788034e-01
7.43111821e-01 4.29303187e-02 -6.67788651e-01 5.40169579e-02 3.01231615e-03 9.97715404e-01 6.74924857e-02 -1.60830480e-02 6.69160344e-01 -5.21660552e-02 7.41284495e-01 -4.54098863e-01
7.24808204e-01 4.64836056e-02 -6.87380712e-01 5.79187704e-02 2.24848098e-03 9.97556540e-01 6.98299058e-02 -1.63933237e-02 6.88946938e-01 -5.21588496e-02 7.22932334e-01 -4.61926117e-01
7.06272416e-01 5.01527783e-02 -7.06161381e-01 6.19011167e-02 1.34336949e-03 9.97390905e-01 7.21799535e-02 -1.66618406e-02 7.07938819e-01 -5.19273441e-02 7.04361971e-01 -4.69319671e-01
6.89196229e-01 5.28581528e-02 -7.22644096e-01 6.81337324e-02 1.28897458e-03 9.97244680e-01 7.41732481e-02 -1.70797571e-02 7.24573494e-01 -5.20513889e-02 6.87228858e-01 -4.78281651e-01
6.72265421e-01 5.58058836e-02 -7.38203745e-01 7.57621547e-02 8.65217595e-04 9.97094955e-01 7.61651677e-02 -1.76643126e-02 7.40309570e-01 -5.18419126e-02 6.70263909e-01 -4.88009070e-01
6.54404883e-01 5.88238121e-02 -7.53852656e-01 8.36363823e-02 1.67308380e-04 9.96958259e-01 7.79387848e-02 -1.81991706e-02 7.56144150e-01 -5.11296469e-02 6.52404241e-01 -4.97563061e-01
6.36421638e-01 6.12022182e-02 -7.68909355e-01 9.13177772e-02 5.99044850e-04 9.96807821e-01 7.98378611e-02 -1.86920224e-02 7.71340988e-01 -5.12711536e-02 6.34353104e-01 -5.06461968e-01
6.16486577e-01 6.35984712e-02 -7.84792547e-01 9.74540299e-02 9.07078246e-04 9.96674557e-01 8.14816173e-02 -1.89523397e-02 7.87364723e-01 -5.09441913e-02 6.14378528e-01 -5.13928179e-01
5.95598761e-01 6.53839769e-02 -8.00616582e-01 1.04161469e-01 1.75346118e-03 9.96573792e-01 8.26916477e-02 -1.91885976e-02 8.03280018e-01 -5.06548916e-02 5.93443199e-01 -5.21432669e-01
5.72901426e-01 6.68186163e-02 -8.16896011e-01 1.08936991e-01 2.93488949e-03 9.96497913e-01 8.35675578e-02 -1.92425202e-02 8.19618886e-01 -5.02734688e-02 5.70698710e-01 -5.27210873e-01
5.48437676e-01 6.82729146e-02 -8.33399573e-01 1.12142650e-01 4.05405567e-03 9.96432614e-01 8.42965970e-02 -1.92198280e-02 8.36181463e-01 -4.96100737e-02 5.46204158e-01 -5.31723293e-01
5.23167340e-01 6.98779513e-02 -8.49360291e-01 1.13789176e-01 5.25339966e-03 9.96349628e-01 8.52067887e-02 -1.90510288e-02 8.52213633e-01 -4.90394367e-02 5.20890221e-01 -5.35209518e-01
4.96843451e-01 7.08811876e-02 -8.64940636e-01 1.16769816e-01 6.20927994e-03 9.96343301e-01 8.52162767e-02 -1.90076025e-02 8.67817808e-01 -4.77098071e-02 4.94586265e-01 -5.39523990e-01
4.68250238e-01 7.15307946e-02 -8.80695693e-01 1.19515214e-01 7.89656248e-03 9.96339407e-01 8.51219126e-02 -1.89550737e-02 8.83560439e-01 -4.68128242e-02 4.65971074e-01 -5.43545161e-01
4.37656592e-01 7.39880262e-02 -8.96092793e-01 1.18947283e-01 8.79370869e-03 9.96208912e-01 8.65492296e-02 -1.87114774e-02 8.99098982e-01 -4.57588216e-02 4.35346550e-01 -5.46020865e-01
4.06953249e-01 7.71986357e-02 -9.10180920e-01 1.16131001e-01 9.23565640e-03 9.96023837e-01 8.86089226e-02 -1.83794387e-02 9.13402092e-01 -4.44658070e-02 4.04621947e-01 -5.47511323e-01
3.75658897e-01 8.11788177e-02 -9.23195652e-01 1.12445641e-01 1.05459965e-02 9.95717370e-01 9.18471080e-02 -1.79484252e-02 9.26697751e-01 -4.42392010e-02 3.73193806e-01 -5.48453141e-01
3.44205706e-01 8.50494095e-02 -9.35034130e-01 1.08736307e-01 1.22834012e-02 9.95395729e-01 9.50615809e-02 -1.74998636e-02 9.38813682e-01 -4.42061382e-02 3.41576004e-01 -5.49403475e-01
3.12829961e-01 8.91819488e-02 -9.45612962e-01 1.04900054e-01 1.35867804e-02 9.95060274e-01 9.83401839e-02 -1.70380589e-02 9.49711761e-01 -4.36115909e-02 3.10072780e-01 -5.50331851e-01
2.81999118e-01 9.30696786e-02 -9.54889685e-01 1.01112820e-01 1.39598778e-02 9.94780499e-01 1.01080315e-01 -1.65287646e-02 9.59312881e-01 -4.18347053e-02 2.79227783e-01 -5.51361504e-01
2.53318528e-01 9.68221254e-02 -9.62525301e-01 9.79771380e-02 1.36482384e-02 9.94522176e-01 1.03632678e-01 -1.59667317e-02 9.67286397e-01 -3.93888565e-02 2.50609255e-01 -5.52327322e-01
2.24542146e-01 9.99953057e-02 -9.69320100e-01 9.56401058e-02 1.34652633e-02 9.94307917e-01 1.05692232e-01 -1.54070607e-02 9.74371107e-01 -3.67845174e-02 2.21917377e-01 -5.53444070e-01
1.98331239e-01 1.02775284e-01 -9.74731569e-01 9.35293989e-02 1.31686815e-02 9.94118189e-01 1.07498827e-01 -1.48114211e-02 9.80046346e-01 -3.41563121e-02 1.95811089e-01 -5.54576641e-01
1.73359640e-01 1.03604416e-01 -9.79393781e-01 9.15642193e-02 1.28814995e-02 9.94127912e-01 1.07443138e-01 -1.41334238e-02 9.84774091e-01 -3.12423711e-02 1.71006905e-01 -5.55816887e-01
1.49377234e-01 1.01955491e-01 -9.83509630e-01 9.38444955e-02 1.26479939e-02 9.94391449e-01 1.05004526e-01 -1.38374441e-02 9.88699163e-01 -2.81247154e-02 1.47249741e-01 -5.57923748e-01
1.25168004e-01 9.77377044e-02 -9.87309488e-01 9.81294303e-02 1.25711949e-02 9.94899798e-01 1.00082819e-01 -1.35831516e-02 9.92055690e-01 -2.49388324e-02 1.23300786e-01 -5.59876447e-01
1.00919630e-01 9.08861487e-02 -9.90734422e-01 1.02545009e-01 1.24672841e-02 9.95625040e-01 9.26047356e-02 -1.30880886e-02 9.94816213e-01 -2.16974114e-02 9.93448567e-02 -5.61427498e-01
7.95354011e-02 8.06536017e-02 -9.93563721e-01 1.10750296e-01 1.02280227e-02 9.96603063e-01 8.17190634e-02 -1.25187336e-02 9.96779293e-01 -1.66617620e-02 7.84401540e-02 -5.63110855e-01
5.37837319e-02 6.92918090e-02 -9.96145482e-01 1.19053627e-01 7.33181420e-03 9.97535318e-01 6.97843308e-02 -1.21446535e-02 9.98525423e-01 -1.10568291e-02 5.31430054e-02 -5.64738157e-01
3.07282582e-02 5.90369571e-02 -9.97782639e-01 1.26745996e-01 5.43247678e-03 9.98229676e-01 5.92306933e-02 -1.17561251e-02 9.99512716e-01 -7.24050393e-03 3.03530199e-02 -5.66087161e-01
9.60982560e-03 5.03712773e-02 -9.98684272e-01 1.32906010e-01 5.19598855e-03 9.98714612e-01 5.04227929e-02 -1.10268889e-02 9.99940072e-01 -5.67372429e-03 9.33562798e-03 -5.67058192e-01
-1.24611116e-02 4.43647073e-02 -9.98937644e-01 1.37452005e-01 8.03899188e-03 9.98987597e-01 4.42666312e-02 -1.03852132e-02 9.99889778e-01 -7.47885826e-03 -1.28052522e-02 -5.67695320e-01
-3.44304339e-02 4.05343990e-02 -9.98584720e-01 1.38920942e-01 9.85325631e-03 9.99142547e-01 4.02172982e-02 -9.75014480e-03 9.99358272e-01 -8.45462999e-03 -3.48004066e-02 -5.68580466e-01
-5.63546376e-02 3.78594534e-02 -9.97692744e-01 1.40988829e-01 1.41090208e-02 9.99211344e-01 3.71201259e-02 -9.19897707e-03 9.98310848e-01 -1.19845926e-02 -5.68444473e-02 -5.69303209e-01
-7.88660937e-02 3.63925765e-02 -9.96220729e-01 1.42263822e-01 1.73243514e-02 9.99232702e-01 3.51311117e-02 -8.66866262e-03 9.96734421e-01 -1.44882396e-02 -7.94361413e-02 -5.70375013e-01
-1.01428757e-01 3.56574216e-02 -9.94203636e-01 1.43243867e-01 2.23480806e-02 9.99187127e-01 3.35561971e-02 -8.12392512e-03 9.94591528e-01 -1.88149920e-02 -1.02143257e-01 -5.71283166e-01
-1.24785943e-01 3.57553446e-02 -9.91539276e-01 1.44198670e-01 2.60666839e-02 9.99123788e-01 3.27483324e-02 -7.60879686e-03 9.91840985e-01 -2.17596191e-02 -1.25608693e-01 -5.72393334e-01
-1.48465172e-01 3.69652511e-02 -9.88226604e-01 1.43398948e-01 2.93352167e-02 9.99026124e-01 3.29620695e-02 -7.13732629e-03 9.88482222e-01 -2.40961298e-02 -1.49405028e-01 -5.73914500e-01
-1.71372366e-01 3.89352900e-02 -9.84436709e-01 1.40550529e-01 3.18333402e-02 9.98915964e-01 3.39663563e-02 -6.64559138e-03 9.84691642e-01 -2.55170219e-02 -1.72426088e-01 -5.75833018e-01
-1.94294035e-01 4.06680940e-02 -9.80100010e-01 1.37557676e-01 3.32462297e-02 9.98839328e-01 3.48549615e-02 -6.17925051e-03 9.80379508e-01 -2.58125267e-02 -1.95420631e-01 -5.77991160e-01
-2.16647006e-01 4.22890867e-02 -9.75333731e-01 1.34819996e-01 3.35846476e-02 9.98792939e-01 3.58462230e-02 -5.70242646e-03 9.75671921e-01 -2.49902689e-02 -2.17805798e-01 -5.80143811e-01
-2.37921557e-01 4.29386974e-02 -9.70334914e-01 1.33045838e-01 3.28345150e-02 9.98807093e-01 3.61477618e-02 -5.32621720e-03 9.70729030e-01 -2.32601516e-02 -2.39047615e-01 -5.82211719e-01
-2.58311601e-01 4.28364983e-02 -9.65111577e-01 1.32402573e-01 3.11134520e-02 9.98867205e-01 3.60072454e-02 -4.99073251e-03 9.65560266e-01 -2.07268718e-02 -2.59351790e-01 -5.83915018e-01
-2.78207516e-01 4.17712430e-02 -9.59612390e-01 1.32942495e-01 2.80948081e-02 9.98980488e-01 3.53397609e-02 -4.61286226e-03 9.60109780e-01 -1.71283490e-02 -2.79097443e-01 -5.85571852e-01
-2.95939714e-01 4.14631009e-02 -9.54306375e-01 1.31533639e-01 2.54566937e-02 9.99045088e-01 3.55125578e-02 -4.26194029e-03 9.54867123e-01 -1.37839209e-02 -2.96712614e-01 -5.87533781e-01
-3.12342929e-01 4.08607287e-02 -9.49090338e-01 1.31935021e-01 2.33957458e-02 9.99102488e-01 3.53144057e-02 -3.87890848e-03 9.49681103e-01 -1.11744841e-02 -3.13018533e-01 -5.88758497e-01
-3.28043260e-01 4.08759516e-02 -9.43778049e-01 1.31915262e-01 2.13196490e-02 9.99129431e-01 3.58628819e-02 -3.52553225e-03 9.44421920e-01 -8.35645363e-03 -3.28629102e-01 -5.90148743e-01
-3.42713327e-01 4.13701250e-02 -9.38528778e-01 1.31830842e-01 2.03975727e-02 9.99122169e-01 3.65926900e-02 -3.17950271e-03 9.39218354e-01 -6.60292085e-03 -3.43256312e-01 -5.91292879e-01
-3.56684353e-01 4.30012849e-02 -9.33234835e-01 1.30686622e-01 1.92350341e-02 9.99066440e-01 3.86829845e-02 -2.91102674e-03 9.34026656e-01 -4.15320387e-03 -3.57178488e-01 -5.92821400e-01
-3.69450737e-01 4.53486271e-02 -9.28143177e-01 1.28756497e-01 1.91168219e-02 9.98968117e-01 4.11995819e-02 -2.68981106e-03 9.29053410e-01 -2.52194762e-03 -3.69936402e-01 -5.94476357e-01
-3.81452176e-01 4.86764998e-02 -9.23106135e-01 1.26747476e-01 1.92874042e-02 9.98814371e-01 4.46986187e-02 -2.52953205e-03 9.24187079e-01 -7.53951658e-04 -3.81938739e-01 -5.96014255e-01
-3.93034626e-01 5.24119385e-02 -9.18028786e-01 1.24736627e-01 1.90945388e-02 9.98624251e-01 4.88383572e-02 -2.41858387e-03 9.19325140e-01 1.66581285e-03 -3.93494649e-01 -5.97719788e-01
-4.02963456e-01 5.58784963e-02 -9.13508668e-01 1.22089322e-01 1.80847167e-02 9.98425734e-01 5.30953362e-02 -2.20401629e-03 9.15037136e-01 4.87491742e-03 -4.03339581e-01 -5.99558851e-01
-4.11404854e-01 5.89346091e-02 -9.09545410e-01 1.18779489e-01 1.70431025e-02 9.98230390e-01 5.69720895e-02 -1.91118992e-03 9.11293154e-01 7.93710033e-03 -4.11681186e-01 -6.01671688e-01
-4.19028500e-01 6.26581413e-02 -9.05808601e-01 1.14266205e-01 1.67832565e-02 9.97980230e-01 6.12700344e-02 -1.50516142e-03 9.07817791e-01 1.04714534e-02 -4.19233682e-01 -6.04340372e-01
-4.24879663e-01 6.54779720e-02 -9.02878724e-01 1.09967266e-01 1.66872884e-02 9.97777789e-01 6.45074188e-02 -9.97977693e-04 9.05095830e-01 1.23412737e-02 -4.25028060e-01 -6.06817178e-01
-4.29871863e-01 6.75701505e-02 -9.00358025e-01 1.05323609e-01 1.61292417e-02 9.97611404e-01 6.71679980e-02 -4.57125375e-04 9.02745637e-01 1.43515205e-02 -4.29934851e-01 -6.09428968e-01
-4.33883294e-01 6.90437753e-02 -8.98319747e-01 1.01162085e-01 1.59102064e-02 9.97491157e-01 6.89814351e-02 5.54618500e-05 9.00828387e-01 1.56374195e-02 -4.33893186e-01 -6.11757115e-01
-4.37513695e-01 6.97568137e-02 -8.96502065e-01 9.62752787e-02 1.55172088e-02 9.97423845e-01 7.00367830e-02 5.71632368e-04 8.99077675e-01 1.67308211e-02 -4.37468947e-01 -6.14519588e-01
-4.39628555e-01 6.98125907e-02 -8.95462498e-01 9.24274467e-02 1.55181623e-02 9.97416376e-01 7.01425203e-02 9.36204544e-04 8.98045405e-01 1.69407020e-02 -4.39576018e-01 -6.16807701e-01
-4.41092042e-01 6.96098412e-02 -8.94758290e-01 8.92265561e-02 1.54757689e-02 9.97429253e-01 6.99682335e-02 1.22468941e-03 8.97328204e-01 1.70153381e-02 -4.41035316e-01 -6.18802829e-01
-4.42587083e-01 6.99306491e-02 -8.93994694e-01 8.59842692e-02 1.62553275e-02 9.97416530e-01 6.99731101e-02 1.52517899e-03 8.96577986e-01 1.64369978e-02 -4.42580344e-01 -6.20723626e-01
-4.42701453e-01 6.91477084e-02 -8.93998956e-01 8.47174570e-02 1.67039342e-02 9.97485201e-01 6.88803454e-02 1.64136460e-03 8.96513283e-01 1.55601097e-02 -4.42743093e-01 -6.21510441e-01
-4.42633725e-01 6.83941128e-02 -8.94090436e-01 8.35887184e-02 1.74582447e-02 9.97555400e-01 6.76657553e-02 1.77377424e-03 8.96532366e-01 1.43418764e-02 -4.42745600e-01 -6.22199116e-01
-4.42594346e-01 6.79504375e-02 -8.94143739e-01 8.23614082e-02 1.85748217e-02 9.97605670e-01 6.66186290e-02 1.93488715e-03 8.96529337e-01 1.28764492e-02 -4.42796717e-01 -6.22927268e-01
-4.42271595e-01 6.82225820e-02 -8.94282669e-01 8.10311038e-02 2.06217675e-02 9.97612733e-01 6.59067785e-02 2.18793645e-03 8.96643850e-01 1.07069890e-02 -4.42622554e-01 -6.23500682e-01
-4.41814855e-01 6.93904517e-02 -8.94418565e-01 7.96303150e-02 2.36928620e-02 9.97558853e-01 6.56887116e-02 2.51817337e-03 8.96793115e-01 7.83089574e-03 -4.42380310e-01 -6.24021324e-01
-4.41102524e-01 7.05344381e-02 -8.94680636e-01 7.87254610e-02 2.74121186e-02 9.97500537e-01 6.51255672e-02 2.85111688e-03 8.97037776e-01 4.20194412e-03 -4.41933418e-01 -6.24108748e-01
-4.40524302e-01 7.17238766e-02 -8.94870942e-01 7.67253879e-02 3.10670398e-02 9.97424336e-01 6.46499397e-02 3.23656807e-03 8.97202764e-01 6.78863002e-04 -4.41617825e-01 -6.24750985e-01
-4.40214988e-01 7.28223460e-02 -8.94934428e-01 7.50140526e-02 3.42764670e-02 9.97342135e-01 6.42949662e-02 3.59826038e-03 8.97237696e-01 -2.37159705e-03 -4.41540974e-01 -6.25392410e-01
-4.40064095e-01 7.40274493e-02 -8.94909744e-01 7.26872880e-02 3.74012291e-02 9.97242325e-01 6.41007293e-02 3.96923920e-03 8.97186893e-01 -5.26230864e-03 -4.41619188e-01 -6.26374317e-01
-4.40097427e-01 7.52362951e-02 -8.94792558e-01 7.05046994e-02 4.00881902e-02 9.97136387e-01 6.41245195e-02 4.30585430e-03 8.97054517e-01 -7.64959085e-03 -4.41853182e-01 -6.27486736e-01
-4.40298795e-01 7.60569528e-02 -8.94624086e-01 6.83453950e-02 4.19318097e-02 9.97060312e-01 6.41284390e-02 4.59890458e-03 8.96871391e-01 -9.27754505e-03 -4.42193592e-01 -6.28742656e-01
-4.40696795e-01 7.64134167e-02 -8.94397682e-01 6.58011202e-02 4.30381632e-02 9.97023031e-01 6.39750680e-02 4.87561566e-03 8.96623464e-01 -1.02996389e-02 -4.42673464e-01 -6.30311104e-01
-4.41486637e-01 7.67694341e-02 -8.93977529e-01 6.24104629e-02 4.38183923e-02 9.96988968e-01 6.39759246e-02 5.18401061e-03 8.96196954e-01 -1.09281557e-02 -4.43521156e-01 -6.32368141e-01
-4.42482804e-01 7.68293685e-02 -8.93479748e-01 5.95639837e-02 4.40821863e-02 9.96982293e-01 6.38983817e-02 5.42987668e-03 8.95692585e-01 -1.11126186e-02 -4.44534279e-01 -6.34157267e-01
-4.43714702e-01 7.61784452e-02 -8.92924392e-01 5.71362895e-02 4.34832517e-02 9.97037038e-01 6.34528262e-02 5.65807366e-03 8.95112283e-01 -1.06723168e-02 -4.45712428e-01 -6.35785623e-01
-4.45247279e-01 7.53436044e-02 -8.92232069e-01 5.42674719e-02 4.28970092e-02 9.97104228e-01 6.27926907e-02 5.93951157e-03 8.94379241e-01 -1.03158254e-02 -4.47189909e-01 -6.37720119e-01
-4.47466382e-01 7.36399657e-02 -8.91263683e-01 5.18388216e-02 4.14648886e-02 9.97240560e-01 6.15784342e-02 6.22754515e-03 8.93338720e-01 -9.40188268e-03 -4.49285049e-01 -6.39551143e-01
-4.49596538e-01 7.24949351e-02 -8.90285027e-01 4.91195714e-02 4.06883915e-02 9.97328622e-01 6.06636272e-02 6.58786594e-03 8.92304301e-01 -8.95012160e-03 -4.51345154e-01 -6.41381547e-01
-4.51544927e-01 7.10473433e-02 -8.89415251e-01 4.76355377e-02 3.99517888e-02 9.97434863e-01 5.93930439e-02 6.87434643e-03 8.91353237e-01 -8.71511511e-03 -4.53225093e-01 -6.42587152e-01
-4.53779946e-01 6.91066318e-02 -8.88430151e-01 4.61544317e-02 3.84907050e-02 9.97577990e-01 5.79369719e-02 7.14348084e-03 8.90281896e-01 -7.90567966e-03 -4.55340799e-01 -6.44061873e-01
-4.57632241e-01 6.69402958e-02 -8.86618185e-01 4.36515659e-02 3.67560478e-02 9.97733872e-01 5.63578034e-02 7.52402700e-03 8.88381309e-01 -6.79744606e-03 -4.59055589e-01 -6.46155559e-01
-4.61285204e-01 6.52703726e-02 -8.84847963e-01 4.08142014e-02 3.57909839e-02 9.97847662e-01 5.49473430e-02 7.90730280e-03 8.86529554e-01 -6.32319641e-03 -4.62628388e-01 -6.48516472e-01
-4.64604432e-01 6.40418231e-02 -8.83199598e-01 3.74029819e-02 3.48309430e-02 9.97931240e-01 5.40384475e-02 8.30585427e-03 8.84832852e-01 -5.65618655e-03 -4.65873866e-01 -6.51042781e-01
-4.67434160e-01 6.27289245e-02 -8.81799635e-01 3.40726125e-02 3.38728832e-02 9.98017785e-01 5.30406743e-02 8.66928764e-03 8.83378532e-01 -5.07608719e-03 -4.68632347e-01 -6.53748780e-01
-4.69779638e-01 6.15310300e-02 -8.80636852e-01 3.04199876e-02 3.27895840e-02 9.98095880e-01 5.22462766e-02 8.98520732e-03 8.82174434e-01 -4.33149351e-03 -4.70902603e-01 -6.56606252e-01
-4.71802864e-01 6.04959972e-02 -8.79626354e-01 2.68835666e-02 3.17812964e-02 9.98162057e-01 5.16018022e-02 9.27521164e-03 8.81130981e-01 -3.60980264e-03 -4.72858242e-01 -6.59410483e-01
-4.73950843e-01 5.95550355e-02 -8.78535139e-01 2.33213996e-02 3.11086986e-02 9.98219952e-01 5.08858838e-02 9.56955234e-03 8.80001491e-01 -3.21269236e-03 -4.74959767e-01 -6.62178565e-01
-4.75333128e-01 5.85930425e-02 -8.77852741e-01 1.92998546e-02 3.01281235e-02 9.98278801e-01 5.03174442e-02 9.83669015e-03 8.79289741e-01 -2.53052288e-03 -4.76280206e-01 -6.65307274e-01
-4.76383923e-01 5.73218397e-02 -8.77366897e-01 1.52773839e-02 2.89467914e-02 9.98354168e-01 4.95091818e-02 1.00551981e-02 8.78760570e-01 -1.81159394e-03 -4.77259074e-01 -6.68437600e-01
-4.77013558e-01 5.58910966e-02 -8.77117115e-01 1.14412404e-02 2.81443910e-02 9.98435617e-01 4.83155683e-02 1.02407823e-02 8.78445052e-01 -1.63876162e-03 -4.77840255e-01 -6.71520214e-01
-4.77191403e-01 5.45846369e-02 -8.77102636e-01 8.12208831e-03 2.78797513e-02 9.98507175e-01 4.69718992e-02 1.03727770e-02 8.78356900e-01 -2.03883260e-03 -4.78000732e-01 -6.74169824e-01
-4.77245191e-01 5.36468545e-02 -8.77131245e-01 3.77490149e-03 2.81811186e-02 9.98555931e-01 4.57401128e-02 1.06127128e-02 8.78318072e-01 -2.88930622e-03 -4.78067716e-01 -6.77269714e-01
-4.76962236e-01 5.26280441e-02 -8.77346870e-01 9.14731984e-04 2.83005831e-02 9.98607852e-01 4.45165672e-02 1.07925459e-02 8.78467921e-01 -3.59672184e-03 -4.77787519e-01 -6.79518764e-01
-4.76557387e-01 5.08068447e-02 -8.77674179e-01 2.34415442e-03 2.87389996e-02 9.98695571e-01 4.22079097e-02 1.07672065e-02 8.78673427e-01 -5.10900128e-03 -4.77395756e-01 -6.79213550e-01
-4.76068016e-01 4.86940900e-02 -8.78059467e-01 2.73130947e-03 2.86347712e-02 9.98794862e-01 3.98644009e-02 1.08546935e-02 8.78942087e-01 -6.16487981e-03 -4.76888503e-01 -6.79475935e-01
-4.75170019e-01 4.74317157e-02 -8.78614768e-01 2.22738924e-03 2.89460639e-02 9.98848315e-01 3.82679567e-02 1.10024162e-02 8.79417660e-01 -7.24866767e-03 -4.75995606e-01 -6.80273820e-01
-4.73766467e-01 4.69279198e-02 -8.79399401e-01 2.46164926e-03 3.03646636e-02 9.98856041e-01 3.69439415e-02 1.11458686e-02 8.80126746e-01 -9.19988020e-03 -4.74649338e-01 -6.80336183e-01
-4.71690146e-01 4.67054391e-02 -8.80526661e-01 3.65537218e-03 3.19036941e-02 9.98846478e-01 3.58909137e-02 1.13381319e-02 8.81186855e-01 -1.11626766e-02 -4.72636014e-01 -6.79716396e-01
-4.70422660e-01 4.69113524e-02 -8.81193575e-01 5.02177201e-03 3.40688484e-02 9.98807129e-01 3.49850917e-02 1.15053643e-02 8.81783177e-01 -1.35634824e-02 -4.71459628e-01 -6.79076807e-01
-4.68734410e-01 4.64359092e-02 -8.82117951e-01 6.14943009e-03 3.52305499e-02 9.98805700e-01 3.38579245e-02 1.16678926e-02 8.82636209e-01 -1.52071370e-02 -4.69810449e-01 -6.78719021e-01
-4.67476126e-01 4.60618008e-02 -8.82805023e-01 5.79595309e-03 3.63850755e-02 9.98798041e-01 3.28467650e-02 1.19200694e-02 8.83256503e-01 -1.67658583e-02 -4.68590094e-01 -6.79282378e-01
-4.66403978e-01 4.62969504e-02 -8.83359650e-01 5.66760519e-03 3.77602535e-02 9.98761341e-01 3.24081798e-02 1.21690720e-02 8.83765457e-01 -1.82405888e-02 -4.67574328e-01 -6.79834266e-01
-4.65815048e-01 4.70977459e-02 -8.83628050e-01 4.83309099e-03 3.95547635e-02 9.98692848e-01 3.23789912e-02 1.23826432e-02 8.83997583e-01 -1.98690843e-02 -4.67068958e-01 -6.80798174e-01
-4.65441558e-01 4.82955858e-02 -8.83760219e-01 2.63848547e-03 4.12639601e-02 9.98608669e-01 3.28397166e-02 1.26437361e-02 8.84116186e-01 -2.11824837e-02 -4.66786696e-01 -6.82510358e-01
-4.65056853e-01 4.94051798e-02 -8.83901416e-01 1.65794840e-03 4.25963152e-02 9.98534129e-01 3.34008461e-02 1.28966695e-02 8.84255411e-01 -2.21176567e-02 -4.66479484e-01 -6.83591380e-01
-4.65188463e-01 5.00129530e-02 -8.83797972e-01 -8.65930956e-04 4.33652947e-02 9.98491747e-01 3.36779325e-02 1.31715911e-02 8.84148785e-01 -2.26595801e-02 -4.66655528e-01 -6.85642258e-01
-4.65498080e-01 5.09436467e-02 -8.83581732e-01 -4.11149837e-03 4.44020886e-02 9.98429359e-01 3.41728945e-02 1.34470789e-02 8.83934329e-01 -2.33254645e-02 -4.67028803e-01 -6.88025175e-01
-4.65045068e-01 5.11386177e-02 -8.83808980e-01 -5.05764212e-03 4.47382295e-02 9.98412419e-01 3.42292718e-02 1.36802620e-02 8.84155795e-01 -2.36219018e-02 -4.66594475e-01 -6.89341745e-01
-4.65026849e-01 5.13647952e-02 -8.83805446e-01 -7.06201247e-03 4.51162978e-02 9.98393453e-01 3.42858105e-02 1.39321971e-02 8.84146153e-01 -2.39302139e-02 -4.66597014e-01 -6.91217871e-01
-4.65501727e-01 5.16442112e-02 -8.83539109e-01 -9.47016669e-03 4.61695725e-02 9.98354014e-01 3.40304024e-02 1.41766681e-02 8.83841834e-01 -2.49514179e-02 -4.67119770e-01 -6.93147544e-01
-4.66074741e-01 5.14102665e-02 -8.83250622e-01 -1.25559202e-02 4.72420657e-02 9.98332473e-01 3.31799428e-02 1.44083131e-02 8.83483073e-01 -2.62622569e-02 -4.67726152e-01 -6.95491135e-01
-4.66040670e-01 5.06815037e-02 -8.83310707e-01 -1.48384284e-02 4.77571805e-02 9.98343744e-01 3.20847181e-02 1.45716336e-02 8.83473336e-01 -2.72316511e-02 -4.67689082e-01 -6.97466873e-01
-4.66347000e-01 5.05162861e-02 -8.83158447e-01 -1.83206311e-02 4.87522193e-02 9.98318656e-01 3.13600575e-02 1.48253275e-02 8.83257283e-01 -2.84312720e-02 -4.68025587e-01 -6.99964025e-01
-4.67678533e-01 4.97250127e-02 -8.82498984e-01 -2.20776396e-02 4.92166075e-02 9.98332503e-01 3.01694968e-02 1.49962897e-02 8.82527183e-01 -2.93239852e-02 -4.69345897e-01 -7.02679700e-01
-4.68293773e-01 4.93751855e-02 -8.82192300e-01 -2.58259958e-02 4.97386212e-02 9.98327468e-01 2.94723939e-02 1.52318446e-02 8.82171561e-01 -3.00772964e-02 -4.69966316e-01 -7.05429037e-01
-4.68835322e-01 4.91705720e-02 -8.81916017e-01 -2.81963173e-02 5.00484918e-02 9.98324231e-01 2.90545492e-02 1.54097758e-02 8.81866337e-01 -3.05167750e-02 -4.70510485e-01 -7.07431721e-01
-4.69230754e-01 4.87699693e-02 -8.81727945e-01 -3.03764931e-02 4.99364253e-02 9.98341645e-01 2.86453297e-02 1.55950434e-02 8.81662365e-01 -3.05890780e-02 -4.70887918e-01 -7.09431195e-01
-4.69641993e-01 4.91788226e-02 -8.81486243e-01 -3.31517179e-02 5.05403695e-02 9.98307682e-01 2.87692739e-02 1.58415182e-02 8.81408953e-01 -3.10393874e-02 -4.71332638e-01 -7.11734740e-01
-4.70309766e-01 4.97612022e-02 -8.81097397e-01 -3.70436321e-02 5.14606739e-02 9.98256615e-01 2.89093937e-02 1.60923872e-02 8.80999526e-01 -3.17455033e-02 -4.72050480e-01 -7.14515022e-01
-4.70730092e-01 5.03307409e-02 -8.80840560e-01 -4.00981106e-02 5.18670231e-02 9.98223624e-01 2.93196818e-02 1.63445152e-02 8.80751151e-01 -3.18849291e-02 -4.72504320e-01 -7.16946234e-01
-4.70740463e-01 5.14299186e-02 -8.80771536e-01 -4.36170282e-02 5.29812677e-02 9.98145880e-01 2.99670601e-02 1.66023332e-02 8.80679252e-01 -3.25576925e-02 -4.72592415e-01 -7.19488270e-01
-4.70508781e-01 5.20808918e-02 -8.80857126e-01 -4.64327196e-02 5.31394529e-02 9.98117374e-01 3.06295582e-02 1.68901674e-02 8.80793537e-01 -3.23967955e-02 -4.72390491e-01 -7.21767768e-01
-4.70732078e-01 5.31035398e-02 -8.80676753e-01 -4.98662248e-02 5.38427516e-02 9.98055669e-01 3.14017396e-02 1.72436605e-02 8.80631514e-01 -3.26362580e-02 -4.72676015e-01 -7.24270395e-01
-4.70432831e-01 5.46250314e-02 -8.80743636e-01 -5.30490846e-02 5.45993649e-02 9.97971835e-01 3.27324678e-02 1.76502602e-02 8.80744853e-01 -3.26896187e-02 -4.72461160e-01 -7.26544395e-01
-4.70142154e-01 5.57791727e-02 -8.80826542e-01 -5.59156159e-02 5.49421867e-02 9.97915136e-01 3.38684691e-02 1.79997197e-02 8.80878746e-01 -3.24715434e-02 -4.72226557e-01 -7.28737120e-01
-4.69339035e-01 5.67115457e-02 -8.81195238e-01 -5.85904505e-02 5.50658039e-02 9.97873059e-01 3.48916978e-02 1.83344428e-02 8.81299199e-01 -3.21476898e-02 -4.71463612e-01 -7.30782094e-01
-4.67823569e-01 5.61726734e-02 -8.82035230e-01 -5.91504938e-02 5.49336248e-02 9.97896908e-01 3.44150633e-02 1.85902705e-02 8.82112839e-01 -3.23532158e-02 -4.69925431e-01 -7.31595128e-01
-4.66332388e-01 5.56425919e-02 -8.82858105e-01 -5.98542043e-02 5.42530982e-02 9.97940209e-01 3.42388063e-02 1.88242078e-02 8.82944120e-01 -3.19311249e-02 -4.68390609e-01 -7.32610126e-01
-4.65039564e-01 5.52363497e-02 -8.83565260e-01 -6.15031535e-02 5.35959070e-02 9.97977714e-01 3.41801972e-02 1.90646559e-02 8.83665828e-01 -3.14603393e-02 -4.67059554e-01 -7.34118194e-01
-4.63072771e-01 5.49449441e-02 -8.84615752e-01 -6.14001009e-02 5.32884862e-02 9.97997139e-01 3.40921563e-02 1.93353182e-02 8.84716620e-01 -3.13526872e-02 -4.65073251e-01 -7.34450425e-01
-4.60513473e-01 5.50582790e-02 -8.85943747e-01 -6.02367942e-02 5.37256201e-02 9.97973604e-01 3.40939828e-02 1.95977304e-02 8.86025090e-01 -3.18971388e-02 -4.62538373e-01 -7.33956086e-01
-4.58696107e-01 5.50629346e-02 -8.86885779e-01 -6.03390386e-02 5.39794008e-02 9.97961709e-01 3.40411097e-02 1.98890604e-02 8.86951933e-01 -3.22590367e-02 -4.60733451e-01 -7.34276395e-01
-4.57013552e-01 5.47294173e-02 -8.87774640e-01 -6.10567316e-02 5.37004318e-02 9.97982267e-01 3.38792990e-02 2.01849142e-02 8.87836981e-01 -3.21905795e-02 -4.59030472e-01 -7.35079475e-01
-4.55630764e-01 5.46140077e-02 -8.88492192e-01 -6.25870607e-02 5.37279661e-02 9.97983731e-01 3.37918515e-02 2.04573751e-02 8.88545727e-01 -3.23402688e-02 -4.57646451e-01 -7.36349197e-01
-4.54239853e-01 5.47265346e-02 -8.89197153e-01 -6.40425007e-02 5.34526903e-02 9.97987423e-01 3.41162515e-02 2.07315439e-02 8.89274156e-01 -3.20330162e-02 -4.56251026e-01 -7.37577883e-01
-4.53765339e-01 5.46228589e-02 -8.89445747e-01 -6.64370195e-02 5.24305890e-02 9.98026926e-01 3.45427761e-02 2.09592269e-02 8.89577180e-01 -3.09598476e-02 -4.55734045e-01 -7.39516842e-01
-4.53528295e-01 5.48234463e-02 -8.89554305e-01 -6.84063289e-02 5.18835400e-02 9.98037548e-01 3.50571439e-02 2.11379299e-02 8.89730111e-01 -3.02538167e-02 -4.55482835e-01 -7.41225041e-01
-4.53503106e-01 5.50447729e-02 -8.89553456e-01 -7.05373404e-02 5.13473699e-02 9.98046702e-01 3.55808782e-02 2.13258925e-02 8.89774025e-01 -2.95401888e-02 -4.55443839e-01 -7.43057068e-01
-4.53449330e-01 5.49907285e-02 -8.89584218e-01 -7.21122510e-02 5.03204940e-02 9.98082275e-01 3.60477458e-02 2.15318682e-02 8.89860099e-01 -2.84184891e-02 -4.55347044e-01 -7.44652917e-01
-4.53362813e-01 5.42689767e-02 -8.89672602e-01 -7.27743256e-02 4.84891939e-02 9.98168207e-01 3.61777989e-02 2.16833611e-02 8.90005818e-01 -2.67378385e-02 -4.55163950e-01 -7.45892098e-01
-4.54026633e-01 5.36566978e-02 -8.89371178e-01 -7.48823304e-02 4.72505244e-02 9.98230299e-01 3.61027832e-02 2.18511505e-02 8.89733994e-01 -2.56316292e-02 -4.55758617e-01 -7.47804996e-01
-4.54732987e-01 5.31947289e-02 -8.89038014e-01 -7.68835269e-02 4.63469164e-02 9.98275454e-01 3.60249545e-02 2.19929657e-02 8.89420748e-01 -2.48224343e-02 -4.56414374e-01 -7.49629176e-01
-4.55867388e-01 5.21559688e-02 -8.88518431e-01 -7.87161723e-02 4.54367450e-02 9.98343547e-01 3.52907408e-02 2.20869352e-02 8.88886835e-01 -2.42834884e-02 -4.57482226e-01 -7.51458763e-01
-4.56245453e-01 5.02585999e-02 -8.88433707e-01 -7.90091571e-02 4.41708053e-02 9.98451970e-01 3.37989175e-02 2.20941079e-02 8.88756677e-01 -2.38222317e-02 -4.57759284e-01 -7.52407432e-01
-4.56971296e-01 4.75776284e-02 -8.88208245e-01 -7.92386609e-02 4.20573864e-02 9.98607167e-01 3.18533088e-02 2.20852307e-02 8.88486215e-01 -2.27996727e-02 -4.58335974e-01 -7.53424594e-01
-4.58576272e-01 4.49772235e-02 -8.87516257e-01 -8.02652609e-02 3.99815537e-02 9.98751129e-01 2.99560596e-02 2.21279941e-02 8.87754805e-01 -2.17471454e-02 -4.59802005e-01 -7.54817823e-01
-4.59834491e-01 4.28465129e-02 -8.86970547e-01 -8.16476537e-02 3.81787800e-02 9.98865507e-01 2.84586809e-02 2.21850386e-02 8.87183196e-01 -2.07771755e-02 -4.60948788e-01 -7.56337406e-01
-4.61481079e-01 4.07394360e-02 -8.86214337e-01 -8.31673033e-02 3.67151449e-02 9.98966122e-01 2.68039016e-02 2.22165752e-02 8.86389651e-01 -2.01679998e-02 -4.62499880e-01 -7.57896240e-01
-4.63518141e-01 3.92752334e-02 -8.85216785e-01 -8.51465013e-02 3.57176138e-02 9.99033250e-01 2.56225778e-02 2.22729700e-02 8.85366928e-01 -1.97413067e-02 -4.64473034e-01 -7.59642248e-01
-4.65786418e-01 3.79371539e-02 -8.84083815e-01 -8.73181117e-02 3.46097804e-02 9.99097048e-01 2.46381222e-02 2.23277165e-02 8.84219796e-01 -1.91218496e-02 -4.66678986e-01 -7.61482179e-01
-4.67807123e-01 3.68963180e-02 -8.83060334e-01 -8.98452812e-02 3.34281992e-02 9.99151887e-01 2.40381183e-02 2.23923178e-02 8.83197915e-01 -1.82739198e-02 -4.68643891e-01 -7.63614076e-01
-4.70036183e-01 3.61094993e-02 -8.81908484e-01 -9.34128438e-02 3.23595030e-02 9.99196012e-01 2.36649995e-02 2.24510421e-02 8.82053539e-01 -1.74147198e-02 -4.70826891e-01 -7.66221044e-01
-4.72229126e-01 3.60368119e-02 -8.80739190e-01 -9.78911491e-02 3.22465144e-02 9.99201325e-01 2.35941839e-02 2.25106604e-02 8.80885592e-01 -1.72589131e-02 -4.73014168e-01 -7.69185264e-01
-4.74071332e-01 3.53221365e-02 -8.79777912e-01 -1.01421685e-01 3.11953432e-02 9.99241360e-01 2.33087888e-02 2.25210936e-02 8.79933403e-01 -1.63949512e-02 -4.74813714e-01 -7.71715603e-01
-4.76604538e-01 3.50991134e-02 -8.78417131e-01 -1.04830802e-01 3.07792686e-02 9.99256156e-01 2.32275786e-02 2.25433316e-02 8.78578602e-01 -1.59666730e-02 -4.77330486e-01 -7.74205074e-01
-4.78190189e-01 3.43039158e-02 -8.77586351e-01 -1.08215580e-01 2.98972912e-02 9.99293421e-01 2.27705488e-02 2.25586353e-02 8.77747034e-01 -1.53488081e-02 -4.78878054e-01 -7.76629004e-01
-4.80028104e-01 3.41295711e-02 -8.76589216e-01 -1.12282475e-01 3.00470111e-02 9.99296135e-01 2.24531339e-02 2.26090320e-02 8.76738131e-01 -1.55607570e-02 -4.80715875e-01 -7.79349104e-01
-4.81986941e-01 3.33885745e-02 -8.75542250e-01 -1.15812617e-01 2.90685071e-02 9.99332820e-01 2.21070897e-02 2.26590643e-02 8.75695795e-01 -1.47953852e-02 -4.82636071e-01 -7.81924590e-01
-4.83550416e-01 3.20656229e-02 -8.74729231e-01 -1.18395677e-01 2.76150196e-02 9.99390098e-01 2.13698633e-02 2.26487359e-02 8.74880531e-01 -1.38222671e-02 -4.84141117e-01 -7.83975641e-01
-4.84246823e-01 2.96158868e-02 -8.74430287e-01 -1.19600778e-01 2.65388260e-02 9.99464152e-01 1.91538526e-02 2.26577545e-02 8.74528596e-01 -1.39311701e-02 -4.84773438e-01 -7.85072409e-01
-4.84866893e-01 2.74015020e-02 -8.74158871e-01 -1.21530987e-01 2.46893848e-02 9.99539459e-01 1.76373577e-02 2.26192806e-02 8.74239175e-01 -1.30306832e-02 -4.85320250e-01 -7.86716916e-01
-4.85488955e-01 2.62835490e-02 -8.73847886e-01 -1.23479904e-01 2.36628180e-02 9.99576698e-01 1.69187598e-02 2.25542218e-02 8.73922285e-01 -1.24638422e-02 -4.85905524e-01 -7.88278987e-01
-4.86252381e-01 2.53226546e-02 -8.73451690e-01 -1.26274442e-01 2.23674180e-02 9.99613024e-01 1.65283126e-02 2.24787458e-02 8.73531857e-01 -1.14999377e-02 -4.86630773e-01 -7.90386613e-01
-4.86856825e-01 2.45055882e-02 -8.73138242e-01 -1.28398782e-01 2.16417927e-02 9.99637782e-01 1.59886426e-02 2.24107039e-02 8.73213450e-01 -1.11121072e-02 -4.87210953e-01 -7.92038184e-01
