1.00000000e+00 0.00000000e+00 0.00000000e+00 0.00000000e+00 0.00000000e+00 1.00000000e+00 0.00000000e+00 0.00000000e+00 0.00000000e+00 0.00000000e+00 1.00000000e+00 0.00000000e+00
9.99999128e-01 1.32798265e-03 5.07415286e-05 -4.90346350e-04 -1.32799264e-03 9.99999091e-01 1.97562185e-04 4.28230838e-05 -5.04791262e-05 -1.97629390e-04 9.99999958e-01 -4.82874491e-03
9.99997158e-01 2.39802848e-03 4.85814908e-05 -9.85779746e-04 -2.39807741e-03 9.99996615e-01 1.03346857e-03 2.03417537e-04 -4.61030413e-05 -1.03358207e-03 9.99999452e-01 -6.83675228e-03
9.99992885e-01 3.77472829e-03 -1.51098152e-04 -1.50334399e-03 -3.77447423e-03 9.99991540e-01 1.64780400e-03 2.48785237e-04 1.57316874e-04 -1.64722187e-03 9.99998589e-01 -1.10295569e-02
9.99989148e-01 4.66264668e-03 -2.16213015e-04 -1.94407083e-03 -4.66220925e-03 9.99987218e-01 1.98108045e-03 3.42429340e-04 2.25447301e-04 -1.98005079e-03 9.99997974e-01 -1.49505760e-02
9.99981972e-01 6.00360595e-03 -2.83703044e-04 -2.40696535e-03 -6.00293954e-03 9.99979406e-01 2.29361674e-03 4.19862646e-04 2.97467121e-04 -2.29187217e-03 9.99997297e-01 -1.98790091e-02
9.99974227e-01 7.16594251e-03 -5.29186514e-04 -2.89966071e-03 -7.16441072e-03 9.99970361e-01 2.84176015e-03 5.28820924e-04 5.49534585e-04 -2.83789529e-03 9.99995848e-01 -2.35061892e-02
9.99966309e-01 8.18147610e-03 -7.88874343e-04 -3.32815731e-03 -8.17889316e-03 9.99961427e-01 3.22407696e-03 5.96296662e-04 8.15221468e-04 -3.21751573e-03 9.99994530e-01 -2.87013417e-02
9.99956858e-01 9.25363241e-03 -9.23738809e-04 -3.81856473e-03 -9.24993145e-03 9.99949563e-01 3.93376197e-03 6.71447484e-04 9.60093657e-04 -3.92504718e-03 9.99991852e-01 -3.29122765e-02
9.99945931e-01 1.03522027e-02 -1.06511851e-03 -4.28471327e-03 -1.03479314e-02 9.99938769e-01 3.94051294e-03 7.22217165e-04 1.10584611e-03 -3.92927763e-03 9.99991675e-01 -3.70253977e-02
9.99937219e-01 1.11450276e-02 -1.20822598e-03 -4.75961628e-03 -1.11393749e-02 9.99927517e-01 4.58815192e-03 7.99173179e-04 1.25927322e-03 -4.57440451e-03 9.99988769e-01 -4.14370286e-02
9.99929056e-01 1.18563250e-02 -1.18024178e-03 -5.17125978e-03 -1.18504947e-02 9.99918159e-01 4.83005440e-03 8.51411309e-04 1.23741170e-03 -4.81572479e-03 9.99987634e-01 -4.59434982e-02
9.99922598e-01 1.23731474e-02 -1.31813299e-03 -5.56697715e-03 -1.23662339e-02 9.99910423e-01 5.12965634e-03 8.64407024e-04 1.38148466e-03 -5.11295853e-03 9.99985975e-01 -5.01083666e-02
9.99916812e-01 1.28345781e-02 -1.30518823e-03 -5.94020159e-03 -1.28275321e-02 9.99903882e-01 5.27055502e-03 9.15357679e-04 1.37270791e-03 -5.25337379e-03 9.99985249e-01 -5.44148897e-02
9.99909791e-01 1.33898761e-02 -1.08858822e-03 -6.34133378e-03 -1.33836446e-02 9.99895169e-01 5.54256089e-03 9.17704791e-04 1.16268808e-03 -5.52749138e-03 9.99984037e-01 -5.87728935e-02
9.99904174e-01 1.38013538e-02 -1.08628807e-03 -6.72237213e-03 -1.37948714e-02 9.99888278e-01 5.76406175e-03 9.46481995e-04 1.16571839e-03 -5.74852393e-03 9.99982762e-01 -6.20905974e-02
9.99900012e-01 1.41070406e-02 -9.95759280e-04 -7.11326948e-03 -1.41006779e-02 9.99881835e-01 6.13090383e-03 1.01555022e-03 1.08213038e-03 -6.11624966e-03 9.99980663e-01 -6.56415784e-02
9.99893343e-01 1.45789001e-02 -8.94195919e-04 -7.50201560e-03 -1.45723161e-02 9.99869561e-01 6.97342922e-03 1.18521895e-03 9.95744066e-04 -6.95965464e-03 9.99975236e-01 -6.82960861e-02
9.99892157e-01 1.46605768e-02 -8.81609115e-04 -7.85917974e-03 -1.46537933e-02 9.99866328e-01 7.26242471e-03 1.28650919e-03 9.87962427e-04 -7.24872225e-03 9.99973208e-01 -7.06346893e-02
9.99881684e-01 1.53735801e-02 -5.26135430e-04 -8.25109665e-03 -1.53687850e-02 9.99848778e-01 8.14751643e-03 1.41350227e-03 6.51312211e-04 -8.13846599e-03 9.99966660e-01 -7.37415901e-02
9.99869497e-01 1.61543164e-02 -1.77821894e-04 -8.63107281e-03 -1.61519401e-02 9.99825727e-01 9.37104502e-03 1.55597424e-03 3.29173601e-04 -9.36694934e-03 9.99956090e-01 -7.63527197e-02
9.99859015e-01 1.67877773e-02 3.09208075e-04 -8.95436759e-03 -1.67900612e-02 9.99806798e-01 1.02261801e-02 1.63589084e-03 -1.37473609e-04 -1.02299292e-02 9.99947671e-01 -7.99201633e-02
9.99850337e-01 1.72821982e-02 7.37313900e-04 -9.25165228e-03 -1.72891910e-02 9.99791579e-01 1.08649847e-02 1.74568199e-03 -5.49389476e-04 -1.08761061e-02 9.99940713e-01 -8.24907132e-02
9.99836496e-01 1.80264903e-02 1.41919595e-03 -9.54439876e-03 -1.80419434e-02 9.99768222e-01 1.17564950e-02 1.83161761e-03 -1.20693866e-03 -1.17801772e-02 9.99929919e-01 -8.57040913e-02
9.99820195e-01 1.88696041e-02 1.88109678e-03 -9.89636594e-03 -1.88911013e-02 9.99747769e-01 1.21535375e-02 1.88646142e-03 -1.65128988e-03 -1.21868873e-02 9.99924403e-01 -8.84790149e-02
9.99802275e-01 1.97256645e-02 2.50816430e-03 -1.02872092e-02 -1.97561051e-02 9.99723548e-01 1.27541735e-02 1.94801507e-03 -2.25588640e-03 -1.28012024e-02 9.99915526e-01 -9.15608546e-02
9.99775018e-01 2.09488847e-02 3.33523670e-03 -1.06833128e-02 -2.09898808e-02 9.99698204e-01 1.27719058e-02 1.96603477e-03 -3.06667293e-03 -1.28390374e-02 9.99912899e-01 -9.41934981e-02
9.99740203e-01 2.24240739e-02 4.09189044e-03 -1.11160515e-02 -2.24741247e-02 9.99667774e-01 1.26255445e-02 1.99629142e-03 -3.80741487e-03 -1.27142247e-02 9.99911948e-01 -9.58285246e-02
9.99711493e-01 2.36157783e-02 4.39533615e-03 -1.15432226e-02 -2.36707240e-02 9.99636683e-01 1.28994112e-02 2.01524187e-03 -4.08910943e-03 -1.29997286e-02 9.99907201e-01 -9.86601650e-02
9.99673337e-01 2.50486765e-02 5.08480087e-03 -1.19238986e-02 -2.51136781e-02 9.99598220e-01 1.31496821e-02 1.99986100e-03 -4.75337530e-03 -1.32730827e-02 9.99900701e-01 -1.01229039e-01
9.99641340e-01 2.62068323e-02 5.51127922e-03 -1.22956823e-02 -2.62793627e-02 9.99563176e-01 1.35276746e-02 1.96215226e-03 -5.15435396e-03 -1.36676544e-02 9.99893356e-01 -1.03855794e-01
9.99604562e-01 2.74952347e-02 5.89049426e-03 -1.26845591e-02 -2.75738530e-02 9.99525814e-01 1.37092060e-02 1.87601365e-03 -5.51076313e-03 -1.38662075e-02 9.99888693e-01 -1.07450749e-01
9.99553777e-01 2.91777141e-02 6.39451905e-03 -1.31380122e-02 -2.92666621e-02 9.99469580e-01 1.42882920e-02 1.75578708e-03 -5.97422742e-03 -1.44690615e-02 9.99877492e-01 -1.11453439e-01
9.99498860e-01 3.08796688e-02 6.96103791e-03 -1.35464549e-02 -3.09777668e-02 9.99415578e-01 1.44547255e-02 1.69487111e-03 -6.51061263e-03 -1.46631174e-02 9.99871321e-01 -1.15049549e-01
9.99425894e-01 3.30817297e-02 7.31370130e-03 -1.40445199e-02 -3.31863450e-02 9.99341416e-01 1.46775788e-02 1.61125256e-03 -6.82332532e-03 -1.49118657e-02 9.99865530e-01 -1.18640008e-01
9.99359839e-01 3.49226606e-02 7.76568842e-03 -1.45164771e-02 -3.50347560e-02 9.99276481e-01 1.47997321e-02 1.53338786e-03 -7.24322433e-03 -1.50623247e-02 9.99860330e-01 -1.22529956e-01
9.99278395e-01 3.70538935e-02 8.34758406e-03 -1.50123218e-02 -3.71720955e-02 9.99203955e-01 1.44798015e-02 1.48841086e-03 -7.80440632e-03 -1.47796477e-02 9.99860344e-01 -1.25860525e-01
9.99185449e-01 3.92751970e-02 9.26379720e-03 -1.55268848e-02 -3.94054969e-02 9.99120512e-01 1.43289544e-02 1.41329012e-03 -8.69287783e-03 -1.46823252e-02 9.99854434e-01 -1.29569530e-01
9.99093818e-01 4.14150043e-02 9.81124468e-03 -1.60358498e-02 -4.15489522e-02 9.99040206e-01 1.38660717e-02 1.37718563e-03 -9.22756472e-03 -1.42611508e-02 9.99855779e-01 -1.33073233e-01
9.98986247e-01 4.37781373e-02 1.04835570e-02 -1.65501447e-02 -4.39220570e-02 9.98938003e-01 1.39152179e-02 1.33746765e-03 -9.86324162e-03 -1.43615676e-02 9.99848285e-01 -1.35930318e-01
9.98884160e-01 4.58470797e-02 1.13323178e-02 -1.69864498e-02 -4.60005685e-02 9.98847735e-01 1.36760926e-02 1.29953754e-03 -1.06922520e-02 -1.41821225e-02 9.99842293e-01 -1.38525242e-01
9.98765369e-01 4.81562061e-02 1.21921068e-02 -1.75078336e-02 -4.83194869e-02 9.98741023e-01 1.34715471e-02 1.27343896e-03 -1.15280200e-02 -1.40440288e-02 9.99834922e-01 -1.40302471e-01
9.98644479e-01 5.04235809e-02 1.29049603e-02 -1.80048121e-02 -5.05984880e-02 9.98626306e-01 1.36056999e-02 1.22402253e-03 -1.22011866e-02 -1.42402267e-02 9.99824134e-01 -1.42432209e-01
9.98536319e-01 5.24057922e-02 1.33693503e-02 -1.85137146e-02 -5.25847217e-02 9.98526424e-01 1.34021882e-02 1.18783449e-03 -1.26472996e-02 -1.40855931e-02 9.99820772e-01 -1.44798710e-01
9.98418938e-01 5.44370109e-02 1.40038976e-02 -1.90457020e-02 -5.46223799e-02 9.98419560e-01 1.32131874e-02 1.14299398e-03 -1.32624816e-02 -1.39572214e-02 9.99814561e-01 -1.46992193e-01
9.98289492e-01 5.66803143e-02 1.43278119e-02 -1.95968838e-02 -5.68656544e-02 9.98298699e-01 1.28767885e-02 1.10485541e-03 -1.35735781e-02 -1.36695216e-02 9.99814371e-01 -1.49496264e-01
9.98156229e-01 5.89157185e-02 1.45935853e-02 -2.01949399e-02 -5.91052179e-02 9.98168138e-01 1.29125276e-02 1.05893627e-03 -1.38061036e-02 -1.37512748e-02 9.99810089e-01 -1.52385077e-01
9.98046177e-01 6.06427456e-02 1.50399688e-02 -2.07347762e-02 -6.08331004e-02 9.98069089e-01 1.25388523e-02 1.05980753e-03 -1.42505401e-02 -1.34292791e-02 9.99808240e-01 -1.55489673e-01
9.97932337e-01 6.24406577e-02 1.52339120e-02 -2.13039478e-02 -6.26309248e-02 9.97960228e-01 1.23489845e-02 1.05260206e-03 -1.44317627e-02 -1.32775632e-02 9.99807630e-01 -1.58823708e-01
9.97875886e-01 6.33540890e-02 1.51603533e-02 -2.17859536e-02 -6.35382200e-02 9.97907272e-01 1.19879714e-02 1.07052143e-03 -1.43691431e-02 -1.29257676e-02 9.99813133e-01 -1.61608813e-01
9.97803046e-01 6.45112442e-02 1.50733752e-02 -2.23649579e-02 -6.46921740e-02 9.97834869e-01 1.18399977e-02 1.09225511e-03 -1.42769300e-02 -1.27891134e-02 9.99816197e-01 -1.64976363e-01
9.97740122e-01 6.54361952e-02 1.52487551e-02 -2.28760058e-02 -6.56115528e-02 9.97781104e-01 1.12972559e-02 1.11896054e-03 -1.44756745e-02 -1.22722186e-02 9.99819774e-01 -1.67636522e-01
9.97673631e-01 6.64371039e-02 1.52697492e-02 -2.34261466e-02 -6.66081111e-02 9.97718640e-01 1.09765989e-02 1.11110932e-03 -1.45056640e-02 -1.19681510e-02 9.99823033e-01 -1.70789755e-01
9.97608092e-01 6.73365512e-02 1.56085025e-02 -2.39419412e-02 -6.75034227e-02 9.97664411e-01 1.04218398e-02 1.10999170e-03 -1.48702815e-02 -1.14505379e-02 9.99823706e-01 -1.73426060e-01
9.97532566e-01 6.83921256e-02 1.58446203e-02 -2.44990646e-02 -6.85484721e-02 9.97601925e-01 9.54282506e-03 1.12568587e-03 -1.51539748e-02 -1.06054016e-02 9.99828772e-01 -1.76910104e-01
9.97381661e-01 7.03614886e-02 1.66975425e-02 -2.51843406e-02 -7.05121761e-02 9.97473480e-01 8.61295388e-03 1.11988163e-03 -1.60493416e-02 -9.76778047e-03 9.99823313e-01 -1.79466245e-01
9.97192982e-01 7.22983120e-02 1.94645708e-02 -2.57470116e-02 -7.24559188e-02 9.97343050e-01 7.51602526e-03 1.18323240e-03 -1.88694645e-02 -8.90524853e-03 9.99782160e-01 -1.81167545e-01
9.96968884e-01 7.41940009e-02 2.34109157e-02 -2.62260182e-02 -7.43482397e-02 9.97215269e-01 5.78642961e-03 1.32715559e-03 -2.29164119e-02 -7.50944722e-03 9.99709057e-01 -1.82588357e-01
9.96777427e-01 7.54266572e-02 2.72997104e-02 -2.65805248e-02 -7.55776472e-02 9.97129306e-01 4.54012269e-03 1.47031647e-03 -2.68789028e-02 -6.58873637e-03 9.99616862e-01 -1.83411765e-01
9.96564874e-01 7.64832004e-02 3.17571940e-02 -2.68730539e-02 -7.66044854e-02 9.97057875e-01 2.61812288e-03 1.68624016e-03 -3.14635266e-02 -5.04186897e-03 9.99492075e-01 -1.85081963e-01
9.96392158e-01 7.65052935e-02 3.67328740e-02 -2.69736939e-02 -7.65864020e-02 9.97062371e-01 8.03806306e-04 1.94330968e-03 -3.65634817e-02 -3.61414101e-03 9.99324657e-01 -1.86264821e-01
9.96170691e-01 7.65909300e-02 4.21595755e-02 -2.69433470e-02 -7.66603887e-02 9.97057003e-01 3.07728325e-05 2.14966648e-03 -4.20331554e-02 -3.26262057e-03 9.99110723e-01 -1.85611326e-01
9.95967530e-01 7.64753420e-02 4.69017225e-02 -2.68673984e-02 -7.65260111e-02 9.97067046e-01 -7.17043644e-04 2.37871682e-03 -4.68190127e-02 -2.87504576e-03 9.98899043e-01 -1.85641631e-01
9.95723124e-01 7.65539455e-02 5.17161920e-02 -2.67554456e-02 -7.65706302e-02 9.97062507e-01 -1.66161113e-03 2.57330305e-03 -5.16914937e-02 -2.30543275e-03 9.98660267e-01 -1.84283952e-01
9.95568797e-01 7.57638995e-02 5.56977128e-02 -2.65209381e-02 -7.57119759e-02 9.97124825e-01 -3.04491182e-03 2.72821428e-03 -5.57682806e-02 -1.18556025e-03 9.98442895e-01 -1.82142359e-01
9.95370267e-01 7.51700366e-02 5.98922989e-02 -2.63095754e-02 -7.50689400e-02 9.97170303e-01 -3.93949494e-03 2.89278375e-03 -6.00189676e-02 -5.74790626e-04 9.98196943e-01 -1.79990494e-01
9.95175700e-01 7.49708558e-02 6.32790886e-02 -2.61440703e-02 -7.48289827e-02 9.97185400e-01 -4.61242899e-03 3.02207128e-03 -6.34467995e-02 -1.44927765e-04 9.97985060e-01 -1.77821421e-01
9.94941103e-01 7.49268707e-02 6.69157251e-02 -2.59928627e-02 -7.47402456e-02 9.97188657e-01 -5.29172682e-03 3.10054510e-03 -6.71241174e-02 2.63663780e-04 9.97744429e-01 -1.75904799e-01
9.94774634e-01 7.44846441e-02 6.98217466e-02 -2.58578911e-02 -7.42769867e-02 9.97221775e-01 -5.56940357e-03 3.21942689e-03 -7.00426255e-02 3.54157456e-04 9.97543777e-01 -1.74699107e-01
9.94652721e-01 7.37109236e-02 7.23344739e-02 -2.56843084e-02 -7.34979647e-02 9.97279286e-01 -5.60516289e-03 3.31640153e-03 -7.25508613e-02 2.58758876e-04 9.97364507e-01 -1.73510691e-01
9.94532173e-01 7.32686596e-02 7.44114410e-02 -2.56135837e-02 -7.30224257e-02 9.97311786e-01 -6.02810683e-03 3.37214297e-03 -7.46531025e-02 5.61447333e-04 9.97209239e-01 -1.72475143e-01
9.94431058e-01 7.29456211e-02 7.60621541e-02 -2.56215718e-02 -7.26683194e-02 9.97335289e-01 -6.41083213e-03 3.44875622e-03 -7.63271332e-02 8.47826813e-04 9.97082348e-01 -1.71956990e-01
9.94275234e-01 7.35098396e-02 7.75421287e-02 -2.56694544e-02 -7.32188182e-02 9.97293854e-01 -6.59344524e-03 3.50027084e-03 -7.78169930e-02 8.78161409e-04 9.96967167e-01 -1.70714403e-01
9.94045991e-01 7.45786543e-02 7.94370759e-02 -2.56643109e-02 -7.42501522e-02 9.97214212e-01 -7.08537619e-03 3.53306454e-03 -7.97442213e-02 1.14498004e-03 9.96814574e-01 -1.68728569e-01
9.93883654e-01 7.56555510e-02 8.04440808e-02 -2.58852535e-02 -7.52587832e-02 9.97132021e-01 -7.95729570e-03 3.59492660e-03 -8.08154079e-02 1.85450785e-03 9.96727236e-01 -1.68581363e-01
9.93645175e-01 7.78519101e-02 8.12898832e-02 -2.61871993e-02 -7.73745652e-02 9.96961097e-01 -9.01072881e-03 3.61456894e-03 -8.17443807e-02 2.66370351e-03 9.96649623e-01 -1.68031302e-01
9.93356479e-01 8.03594105e-02 8.23714776e-02 -2.64698439e-02 -7.97379841e-02 9.96756934e-01 -1.08118030e-02 3.65770138e-03 -8.29732043e-02 4.17184484e-03 9.96542894e-01 -1.67958821e-01
9.93008626e-01 8.36806790e-02 8.32539568e-02 -2.69283984e-02 -8.29154006e-02 9.96476479e-01 -1.26137934e-02 3.64834105e-03 -8.40161729e-02 5.62257648e-03 9.96448385e-01 -1.68253294e-01
9.92739881e-01 8.60733746e-02 8.40162251e-02 -2.72516614e-02 -8.51050375e-02 9.96258104e-01 -1.50466002e-02 3.68007996e-03 -8.49969865e-02 7.78716259e-03 9.96350658e-01 -1.68924439e-01
9.92386110e-01 8.95182707e-02 8.45939853e-02 -2.77368546e-02 -8.83925478e-02 9.95940909e-01 -1.69681380e-02 3.69518497e-03 -8.57696003e-02 9.36147316e-03 9.96270907e-01 -1.69260934e-01
9.92079911e-01 9.25527986e-02 8.49190862e-02 -2.82108686e-02 -9.12366335e-02 9.95642737e-01 -1.92596599e-02 3.69899306e-03 -8.63316340e-02 1.13593976e-02 9.96201585e-01 -1.69727709e-01
9.91824965e-01 9.49937644e-02 8.52011159e-02 -2.86682641e-02 -9.35161199e-02 9.95392231e-01 -2.11787750e-02 3.72356314e-03 -8.68204056e-02 1.30379676e-02 9.96138575e-01 -1.70361470e-01
9.91516645e-01 9.79587983e-02 8.54323928e-02 -2.90691706e-02 -9.63177465e-02 9.95081517e-01 -2.31337282e-02 3.72272848e-03 -8.72783732e-02 1.47088282e-02 9.96075310e-01 -1.69871812e-01
9.91145999e-01 1.01217814e-01 8.59326656e-02 -2.95299431e-02 -9.94149163e-02 9.94731253e-01 -2.50179011e-02 3.69753470e-03 -8.80121913e-02 1.62534114e-02 9.95986734e-01 -1.69681298e-01
9.90856374e-01 1.03755700e-01 8.62451964e-02 -2.98563404e-02 -1.01780767e-01 9.94440111e-01 -2.70012753e-02 3.68168356e-03 -8.85672412e-02 1.79762921e-02 9.95907930e-01 -1.69268228e-01
9.90629824e-01 1.05833042e-01 8.63229758e-02 -3.01718740e-02 -1.03726193e-01 9.94195805e-01 -2.85499745e-02 3.71196472e-03 -8.88434903e-02 1.93285126e-02 9.95857986e-01 -1.68507306e-01
9.90364545e-01 1.08109046e-01 8.65459932e-02 -3.04359158e-02 -1.05854091e-01 9.93921295e-01 -3.02469722e-02 3.68175235e-03 -8.92898989e-02 2.07942928e-02 9.95788493e-01 -1.67427556e-01
9.90113532e-01 1.10044573e-01 8.69775958e-02 -3.05633688e-02 -1.07648086e-01 9.93680348e-01 -3.17933499e-02 3.59963328e-03 -8.99266316e-02 2.21160660e-02 9.95702732e-01 -1.65747836e-01
9.89852351e-01 1.11826179e-01 8.76755573e-02 -3.06663407e-02 -1.09251600e-01 9.93444239e-01 -3.36482651e-02 3.48941253e-03 -9.08635554e-02 2.37281310e-02 9.95580550e-01 -1.64103380e-01
9.89657031e-01 1.13108732e-01 8.82336120e-02 -3.06765213e-02 -1.10368408e-01 9.93261392e-01 -3.53571262e-02 3.37067278e-03 -9.16382668e-02 2.52532365e-02 9.95472008e-01 -1.61933041e-01
9.89395022e-01 1.14515417e-01 8.93504587e-02 -3.05854566e-02 -1.11614861e-01 9.93068667e-01 -3.68269891e-02 3.24085676e-03 -9.29484259e-02 2.64636116e-02 9.95319099e-01 -1.59203587e-01
9.89158030e-01 1.15439878e-01 9.07737038e-02 -3.03123348e-02 -1.12324338e-01 9.92916264e-01 -3.87297499e-02 3.05672616e-03 -9.46016736e-02 2.81137569e-02 9.95118092e-01 -1.56092692e-01
9.88840559e-01 1.16564033e-01 9.27738258e-02 -2.99616087e-02 -1.13214001e-01 9.92740241e-01 -4.06066501e-02 2.85664240e-03 -9.68336095e-02 2.96502174e-02 9.94858800e-01 -1.52369017e-01
9.88555334e-01 1.17259807e-01 9.49125230e-02 -2.95359315e-02 -1.13684132e-01 9.92617444e-01 -4.22611414e-02 2.67138791e-03 -9.91673895e-02 3.09874384e-02 9.94588121e-01 -1.48969753e-01
9.88051502e-01 1.18265160e-01 9.88309541e-02 -2.91345688e-02 -1.14384802e-01 9.92458406e-01 -4.40673658e-02 2.55376010e-03 -1.03297279e-01 3.22360765e-02 9.94127979e-01 -1.46076889e-01
9.87666804e-01 1.18437725e-01 1.02404490e-01 -2.85333711e-02 -1.14034587e-01 9.92323348e-01 -4.78532069e-02 2.43924839e-03 -1.07286029e-01 3.55853816e-02 9.93591077e-01 -1.44261551e-01
9.86915700e-01 1.19895352e-01 1.07807205e-01 -2.78621118e-02 -1.15022479e-01 9.92085349e-01 -5.03581337e-02 2.16597831e-03 -1.12991698e-01 3.72989937e-02 9.92895481e-01 -1.39823205e-01
9.86259620e-01 1.20966402e-01 1.12512089e-01 -2.73046106e-02 -1.15717294e-01 9.91914986e-01 -5.20932335e-02 2.04803286e-03 -1.17903996e-01 3.83578734e-02 9.92283773e-01 -1.36842543e-01
9.85708521e-01 1.21073223e-01 1.17131728e-01 -2.66140276e-02 -1.15401952e-01 9.91845926e-01 -5.40700666e-02 1.95091082e-03 -1.22723105e-01 3.97801116e-02 9.91643241e-01 -1.34118340e-01
9.85047168e-01 1.21396992e-01 1.22248358e-01 -2.60695067e-02 -1.15291483e-01 9.91759437e-01 -5.58623914e-02 1.94169276e-03 -1.28022527e-01 4.09329128e-02 9.90926071e-01 -1.32455739e-01
9.84418389e-01 1.21472969e-01 1.27140076e-01 -2.54127543e-02 -1.14949996e-01 9.91707219e-01 -5.74701112e-02 1.83231614e-03 -1.33066834e-01 4.19598987e-02 9.90218349e-01 -1.29676898e-01
9.84097806e-01 1.20614623e-01 1.30397618e-01 -2.44895070e-02 -1.13799329e-01 9.91777478e-01 -5.85380756e-02 1.55218326e-03 -1.36386006e-01 4.27680444e-02 9.89732084e-01 -1.25444708e-01
9.83953257e-01 1.19753526e-01 1.32268748e-01 -2.35122900e-02 -1.12681344e-01 9.91833188e-01 -5.97448100e-02 1.32250112e-03 -1.38343225e-01 4.38818957e-02 9.89411606e-01 -1.20876806e-01
9.83866413e-01 1.18767551e-01 1.33794925e-01 -2.25446928e-02 -1.11482314e-01 9.91909881e-01 -6.07125787e-02 1.05258515e-03 -1.39923237e-01 4.48173136e-02 9.89147458e-01 -1.16064187e-01
9.83817720e-01 1.18220671e-01 1.34634870e-01 -2.18099948e-02 -1.10837881e-01 9.91958526e-01 -6.10968372e-02 7.80651187e-04 -1.40775156e-01 4.51855199e-02 9.89009859e-01 -1.11450493e-01
9.83867414e-01 1.17503081e-01 1.34899879e-01 -2.12908173e-02 -1.10071038e-01 9.92030454e-01 -6.13148675e-02 5.41866669e-04 -1.41029518e-01 4.54771414e-02 9.88960253e-01 -1.07774862e-01
9.84007687e-01 1.16413617e-01 1.34821187e-01 -2.07844184e-02 -1.08924978e-01 9.92134642e-01 -6.16743586e-02 3.29295580e-04 -1.40940551e-01 4.60026594e-02 9.88948622e-01 -1.03957781e-01
9.84184511e-01 1.15254181e-01 1.34526687e-01 -2.04533490e-02 -1.07724230e-01 9.92245765e-01 -6.19951585e-02 1.99356446e-04 -1.40628783e-01 4.65228999e-02 9.88968693e-01 -1.01461743e-01
9.84259772e-01 1.14986370e-01 1.34205053e-01 -2.02659508e-02 -1.07420922e-01 9.92257191e-01 -6.23375655e-02 3.93895311e-05 -1.40333949e-01 4.69399347e-02 9.88990876e-01 -9.86646933e-02
9.84602394e-01 1.14287662e-01 1.32275180e-01 -2.02301102e-02 -1.06813426e-01 9.92324653e-01 -6.23077935e-02 -1.48945132e-04 -1.38380989e-01 4.72196421e-02 9.89252727e-01 -9.64549535e-02
9.84789115e-01 1.14982452e-01 1.30267923e-01 -2.02994618e-02 -1.07528685e-01 9.92210065e-01 -6.28991512e-02 -4.19813022e-04 -1.36485505e-01 4.79348640e-02 9.89481626e-01 -9.36322138e-02
9.85013549e-01 1.16569993e-01 1.27121866e-01 -2.04172562e-02 -1.09101086e-01 9.91952675e-01 -6.42370361e-02 -6.06445645e-04 -1.33587041e-01 4.94052224e-02 9.89804812e-01 -9.12117610e-02
9.85307022e-01 1.18218467e-01 1.23267182e-01 -2.05447106e-02 -1.10895437e-01 9.91724308e-01 -6.46898539e-02 -7.53231872e-04 -1.29894642e-01 5.00696023e-02 9.90262824e-01 -8.82721295e-02
9.85708903e-01 1.18924399e-01 1.19311683e-01 -2.06129336e-02 -1.11763020e-01 9.91603904e-01 -6.50411004e-02 -8.43043252e-04 -1.26044955e-01 5.07769593e-02 9.90724183e-01 -8.57584947e-02
9.86067741e-01 1.20541591e-01 1.14631937e-01 -2.08053193e-02 -1.13503788e-01 9.91337406e-01 -6.60812763e-02 -8.64152012e-04 -1.21604514e-01 5.21494584e-02 9.91207770e-01 -8.34068828e-02
9.86429669e-01 1.22891441e-01 1.08878464e-01 -2.11159008e-02 -1.16039289e-01 9.90968395e-01 -6.72032494e-02 -8.55749669e-04 -1.16153861e-01 5.36571042e-02 9.91780854e-01 -8.13154329e-02
9.86893466e-01 1.24694927e-01 1.02434176e-01 -2.13686816e-02 -1.18209590e-01 9.90716379e-01 -6.71365758e-02 -9.03328485e-04 -1.09854846e-01 5.41479530e-02 9.92471627e-01 -7.83372835e-02
9.87165781e-01 1.27060010e-01 9.67461385e-02 -2.17346699e-02 -1.20902374e-01 9.90395687e-01 -6.70729549e-02 -9.33994301e-04 -1.04339292e-01 5.45152947e-02 9.93046519e-01 -7.62992699e-02
9.87310106e-01 1.30114364e-01 9.10458558e-02 -2.22140876e-02 -1.24334218e-01 9.90006953e-01 -6.65352138e-02 -9.47400889e-04 -9.87932631e-02 5.43707772e-02 9.93621522e-01 -7.40401822e-02
9.87446863e-01 1.32528424e-01 8.59376438e-02 -2.26260065e-02 -1.27165259e-01 9.89738811e-01 -6.51595200e-02 -1.01069804e-03 -9.36913602e-02 5.34132839e-02 9.94167460e-01 -7.15716742e-02
9.87587494e-01 1.34599128e-01 8.09587590e-02 -2.30284874e-02 -1.29613247e-01 9.89497065e-01 -6.39966404e-02 -1.04605958e-03 -8.87223990e-02 5.27089576e-02 9.94660772e-01 -6.95105531e-02
9.87704745e-01 1.36504461e-01 7.61985431e-02 -2.34319941e-02 -1.31875207e-01 9.89273729e-01 -6.28172775e-02 -1.07181187e-03 -8.39561134e-02 5.19962277e-02 9.95111883e-01 -6.73664368e-02
9.87748768e-01 1.38335791e-01 7.22212381e-02 -2.37882948e-02 -1.34011073e-01 9.89059480e-01 -6.16596282e-02 -1.16577728e-03 -7.99608938e-02 5.12257787e-02 9.95480819e-01 -6.52958445e-02
9.87802299e-01 1.39479662e-01 6.92271240e-02 -2.40333286e-02 -1.35373767e-01 9.88924118e-01 -6.08485608e-02 -1.34320986e-03 -7.69475724e-02 5.07348139e-02 9.95743391e-01 -6.32798207e-02
9.87817906e-01 1.40997079e-01 6.58480821e-02 -2.45120412e-02 -1.37137079e-01 9.88740178e-01 -5.98817620e-02 -1.41509950e-03 -7.35498622e-02 5.01220666e-02 9.96031129e-01 -6.26966826e-02
9.87817154e-01 1.42427586e-01 6.27048843e-02 -2.48719700e-02 -1.38799996e-01 9.88569612e-01 -5.88573230e-02 -1.55619285e-03 -7.03711124e-02 4.94368418e-02 9.96294980e-01 -6.11703444e-02
9.87789059e-01 1.43584580e-01 6.04694995e-02 -2.49933720e-02 -1.40110589e-01 9.88420721e-01 -5.82499320e-02 -1.90247269e-03 -6.81331587e-02 4.90662317e-02 9.96468889e-01 -5.74453066e-02
9.87628085e-01 1.45408445e-01 5.87152770e-02 -2.51210814e-02 -1.42057956e-01 9.88174328e-01 -5.77114255e-02 -2.26296381e-03 -6.64127159e-02 4.86564541e-02 9.96605157e-01 -5.31537685e-02
9.87468434e-01 1.46879868e-01 5.77292401e-02 -2.52300541e-02 -1.43563325e-01 9.87943378e-01 -5.79396332e-02 -2.58086205e-03 -6.55434450e-02 4.89257615e-02 9.96649484e-01 -4.94798014e-02
9.87269670e-01 1.48611661e-01 5.66869714e-02 -2.53250340e-02 -1.45260848e-01 9.87616339e-01 -5.92684507e-02 -2.76712369e-03 -6.47930214e-02 5.02795498e-02 9.96631179e-01 -4.73700575e-02
9.87123415e-01 1.50023805e-01 5.55014175e-02 -2.54361345e-02 -1.46653359e-01 9.87334746e-01 -6.05176573e-02 -2.97089890e-03 -6.38776242e-02 5.15989320e-02 9.96622842e-01 -4.55437718e-02
9.86991190e-01 1.51480627e-01 5.38712705e-02 -2.54948599e-02 -1.48121228e-01 9.87042749e-01 -6.16944873e-02 -3.21135149e-03 -6.25188203e-02 5.29124434e-02 9.96640140e-01 -4.28012344e-02
9.86767956e-01 1.53193597e-01 5.31119409e-02 -2.55786950e-02 -1.49812034e-01 9.86724113e-01 -6.27007929e-02 -3.40478117e-03 -6.20122490e-02 5.39143323e-02 9.96618074e-01 -3.98368565e-02
9.86621019e-01 1.54279869e-01 5.26959416e-02 -2.56146237e-02 -1.50863277e-01 9.86504504e-01 -6.36286960e-02 -3.59700991e-03 -6.18014674e-02 5.48275309e-02 9.96581365e-01 -3.68110981e-02
9.86456654e-01 1.55379993e-01 5.25403678e-02 -2.56745278e-02 -1.51946871e-01 9.86312087e-01 -6.40314919e-02 -3.82374919e-03 -6.17704730e-02 5.51809516e-02 9.96563746e-01 -3.32519198e-02
9.86386175e-01 1.56016756e-01 5.19726746e-02 -2.57535928e-02 -1.52605060e-01 9.86199996e-01 -6.41926212e-02 -4.08262772e-03 -6.12706328e-02 5.53874286e-02 9.96583153e-01 -3.00977216e-02
9.86276401e-01 1.56958110e-01 5.12157314e-02 -2.58453353e-02 -1.53543112e-01 9.86005757e-01 -6.49352439e-02 -4.30751593e-03 -6.06911764e-02 5.61802859e-02 9.96574204e-01 -2.70280606e-02
9.86182345e-01 1.57740023e-01 5.06214602e-02 -2.59389860e-02 -1.54319467e-01 9.85841976e-01 -6.55781911e-02 -4.52453172e-03 -6.02491261e-02 5.68601875e-02 9.96562440e-01 -2.40309603e-02
9.86111597e-01 1.58351661e-01 5.00871655e-02 -2.59911033e-02 -1.54912386e-01 9.85694393e-01 -6.63941390e-02 -4.73404235e-03 -5.98843183e-02 5.77129205e-02 9.96535411e-01 -2.09445698e-02
9.85915400e-01 1.59731767e-01 4.95653594e-02 -2.62123520e-02 -1.56290587e-01 9.85441116e-01 -6.69219888e-02 -4.96816895e-03 -5.95333688e-02 5.82328295e-02 9.96526215e-01 -1.80649243e-02
9.85841554e-01 1.60343719e-01 4.90557407e-02 -2.63548639e-02 -1.56920441e-01 9.85327759e-01 -6.71171285e-02 -5.22482248e-03 -5.90978486e-02 5.84690142e-02 9.96538339e-01 -1.49635631e-02
9.85765366e-01 1.61003835e-01 4.84204571e-02 -2.65273588e-02 -1.57591571e-01 9.85190447e-01 -6.75581597e-02 -5.46644626e-03 -5.85805529e-02 5.89658437e-02 9.96539607e-01 -1.21226725e-02
9.85630314e-01 1.62084192e-01 4.75578742e-02 -2.67342487e-02 -1.58699177e-01 9.84985209e-01 -6.79568692e-02 -5.77185623e-03 -5.78585978e-02 5.94329620e-02 9.96554001e-01 -8.67152453e-03
9.85425005e-01 1.63511447e-01 4.69221269e-02 -2.69687020e-02 -1.60153312e-01 9.84737748e-01 -6.81316453e-02 -6.07979984e-03 -5.73463518e-02 5.96239001e-02 9.96572225e-01 -4.90846139e-03
9.85217934e-01 1.64999727e-01 4.60525317e-02 -2.71878464e-02 -1.61637969e-01 9.84428267e-01 -6.90913329e-02 -6.34243945e-03 -5.67355229e-02 6.06261906e-02 9.96546712e-01 -1.40717987e-03
9.85023604e-01 1.66517504e-01 4.47269511e-02 -2.73978029e-02 -1.63164951e-01 9.84087251e-01 -7.03486383e-02 -6.56607073e-03 -5.57295588e-02 6.19972077e-02 9.96519124e-01 2.25199097e-03
9.84825709e-01 1.68157671e-01 4.29116472e-02 -2.75493942e-02 -1.64833983e-01 9.83699341e-01 -7.18664653e-02 -6.71921917e-03 -5.42971141e-02 6.37026529e-02 9.96490643e-01 5.39440561e-03
9.84671125e-01 1.69440162e-01 4.13874906e-02 -2.76616925e-02 -1.66144546e-01 9.83384730e-01 -7.31428495e-02 -6.94837930e-03 -5.30932216e-02 6.51453536e-02 9.96462232e-01 9.39931793e-03
9.84549178e-01 1.70407197e-01 4.03041609e-02 -2.76674005e-02 -1.67091504e-01 9.83095631e-01 -7.48518625e-02 -7.13815934e-03 -5.23782016e-02 6.69608652e-02 9.96379699e-01 1.33052582e-02
9.84411989e-01 1.71781107e-01 3.77427596e-02 -2.77553543e-02 -1.68555482e-01 9.82723012e-01 -7.64461091e-02 -7.27726972e-03 -5.02227354e-02 6.88927222e-02 9.96359014e-01 1.65203981e-02
9.84357870e-01 1.72691988e-01 3.48897351e-02 -2.77789402e-02 -1.69579322e-01 9.82410341e-01 -7.81812356e-02 -7.43833903e-03 -4.77773666e-02 7.10417419e-02 9.96328392e-01 2.03085847e-02
9.84411189e-01 1.73110252e-01 3.11079367e-02 -2.78350415e-02 -1.70204183e-01 9.82188596e-01 -7.95966114e-02 -7.51692868e-03 -4.43329070e-02 7.30610968e-02 9.96341591e-01 2.35691463e-02
9.84378325e-01 1.73819581e-01 2.80412351e-02 -2.79283967e-02 -1.71091473e-01 9.81945259e-01 -8.06895729e-02 -7.66166204e-03 -4.15604406e-02 7.46314560e-02 9.96344710e-01 2.71237990e-02
9.84299305e-01 1.74700806e-01 2.51929665e-02 -2.81871443e-02 -1.72174464e-01 9.81735927e-01 -8.09321207e-02 -7.77558837e-03 -3.88718040e-02 7.53238512e-02 9.96401093e-01 3.03471687e-02
9.84260639e-01 1.75281578e-01 2.25294414e-02 -2.84810344e-02 -1.72960306e-01 9.81609607e-01 -8.07888048e-02 -7.91935345e-03 -3.62759615e-02 7.56205468e-02 9.96476521e-01 3.38673162e-02
9.84352395e-01 1.75081288e-01 1.99253470e-02 -2.87109623e-02 -1.72954956e-01 9.81602600e-01 -8.08853856e-02 -7.96399613e-03 -3.37203438e-02 7.61735452e-02 9.96524160e-01 3.61286261e-02
9.84427963e-01 1.74963974e-01 1.70081921e-02 -2.90060302e-02 -1.73075013e-01 9.81618514e-01 -8.04340871e-02 -7.99989518e-03 -3.07686773e-02 7.62378822e-02 9.96614733e-01 3.84887939e-02
9.84467079e-01 1.74970374e-01 1.44903335e-02 -2.93766408e-02 -1.73296162e-01 9.81643344e-01 -7.96511100e-02 -8.05690044e-03 -2.81609770e-02 7.59027915e-02 9.96717377e-01 4.14719678e-02
9.84581398e-01 1.74508840e-01 1.20928385e-02 -2.96465049e-02 -1.73028722e-01 9.81722478e-01 -7.92563575e-02 -8.17291177e-03 -2.57027990e-02 7.59419379e-02 9.96780841e-01 4.46694353e-02
9.84648106e-01 1.74268460e-01 9.94020230e-03 -2.99149800e-02 -1.72960400e-01 9.81759864e-01 -7.89421167e-02 -8.34251526e-03 -2.35160654e-02 7.60109525e-02 9.96829584e-01 4.87577358e-02
9.84819616e-01 1.73419942e-01 7.48631050e-03 -3.02048359e-02 -1.72312478e-01 9.81915535e-01 -7.84209683e-02 -8.45085527e-03 -2.09507371e-02 7.59405293e-02 9.96892177e-01 5.21194537e-02
9.84977325e-01 1.72608910e-01 5.10505404e-03 -3.03861947e-02 -1.71684885e-01 9.82024080e-01 -7.84388240e-02 -8.54077254e-03 -1.85525775e-02 7.63840088e-02 9.96905836e-01 5.53182415e-02
9.85045253e-01 1.72282719e-01 2.16721330e-03 -3.07083591e-02 -1.71594411e-01 9.82088565e-01 -7.78270387e-02 -8.55176267e-03 -1.55367009e-02 7.62912841e-02 9.96964465e-01 5.81105538e-02
9.85202984e-01 1.71392325e-01 3.24923441e-05 -3.09090625e-02 -1.70873160e-01 9.82233114e-01 -7.75894043e-02 -8.60463686e-03 -1.33301953e-02 7.64357674e-02 9.96985360e-01 6.10820821e-02
9.85541484e-01 1.69429580e-01 -1.33310486e-03 -3.08856708e-02 -1.69011654e-01 9.82493596e-01 -7.83642911e-02 -8.68393443e-03 -1.19675144e-02 7.74565802e-02 9.96923819e-01 6.34913088e-02
9.85708694e-01 1.68437829e-01 -2.67521558e-03 -3.09780954e-02 -1.68123028e-01 9.82615496e-01 -7.87460363e-02 -9.01324862e-03 -1.06351555e-02 7.80704307e-02 9.96891019e-01 6.86456954e-02
9.85739047e-01 1.68181553e-01 -5.79498938e-03 -3.14046138e-02 -1.68121947e-01 9.82722335e-01 -7.74036739e-02 -9.23885519e-03 -7.32305721e-03 7.72741055e-02 9.96982843e-01 7.34845875e-02
9.85778128e-01 1.67903244e-01 -7.07450079e-03 -3.18427009e-02 -1.67948488e-01 9.82817277e-01 -7.65704616e-02 -9.50446857e-03 -5.90354006e-03 7.66696594e-02 9.97038890e-01 7.83942052e-02
9.86033835e-01 1.66357678e-01 -7.90862949e-03 -3.21162853e-02 -1.66475312e-01 9.83126688e-01 -7.58118339e-02 -9.74693553e-03 -4.83674871e-03 7.60696424e-02 9.97090612e-01 8.26962479e-02
9.86258171e-01 1.65004881e-01 -8.26612861e-03 -3.23376967e-02 -1.65155244e-01 9.83376492e-01 -7.54587328e-02 -1.00937140e-02 -4.32239530e-03 7.57870077e-02 9.97114489e-01 8.81761840e-02
9.86548038e-01 1.63209249e-01 -9.26890769e-03 -3.23999253e-02 -1.63440205e-01 9.83645276e-01 -7.56893217e-02 -1.04139358e-02 -3.23593281e-03 7.61860817e-02 9.97088202e-01 9.28163118e-02
9.86793441e-01 1.61632662e-01 -1.06645175e-02 -3.25224873e-02 -1.61974401e-01 9.83872514e-01 -7.58859584e-02 -1.06577373e-02 -1.77317675e-03 7.66111642e-02 9.97059265e-01 9.67849130e-02
9.87045574e-01 1.59954895e-01 -1.24743023e-02 -3.26300067e-02 -1.60440534e-01 9.84110584e-01 -7.60573188e-02 -1.08774273e-02 1.10299538e-04 7.70734425e-02 9.97025224e-01 1.00948850e-01
9.87160838e-01 1.59063335e-01 -1.45763814e-02 -3.29020168e-02 -1.59713920e-01 9.84231199e-01 -7.60262024e-02 -1.11175655e-02 2.25349482e-03 7.73781623e-02 9.96999075e-01 1.05611971e-01
9.87216693e-01 1.58477526e-01 -1.69765535e-02 -3.32644303e-02 -1.59314563e-01 9.84320063e-01 -7.57129855e-02 -1.12061355e-02 4.71150226e-03 7.74497580e-02 9.96984922e-01 1.08582264e-01
9.87181776e-01 1.58324750e-01 -2.01365941e-02 -3.36439749e-02 -1.59404347e-01 9.84339060e-01 -7.52755794e-02 -1.12673193e-02 7.90319554e-03 7.75205665e-02 9.96959203e-01 1.11555553e-01
9.87037953e-01 1.58575258e-01 -2.47002110e-02 -3.40628195e-02 -1.60004985e-01 9.84270321e-01 -7.48994278e-02 -1.12461765e-02 1.24344347e-02 7.78807592e-02 9.96884914e-01 1.13835211e-01
9.86766459e-01 1.59165120e-01 -3.09597352e-02 -3.44175147e-02 -1.61070749e-01 9.84150654e-01 -7.41842720e-02 -1.10735219e-02 1.86614405e-02 7.81892866e-02 9.96763630e-01 1.14088282e-01
9.86426531e-01 1.59245023e-01 -4.00468741e-02 -3.45275383e-02 -1.61878740e-01 9.83989384e-01 -7.45639711e-02 -1.08241166e-02 2.75317009e-02 8.00346470e-02 9.96411569e-01 1.13241624e-01
9.85905203e-01 1.59499349e-01 -5.05064793e-02 -3.45215748e-02 -1.62989592e-01 9.83786419e-01 -7.48215536e-02 -1.05432853e-02 3.77535427e-02 8.19990203e-02 9.95916836e-01 1.12023111e-01
9.85324137e-01 1.59017066e-01 -6.20478776e-02 -3.42225885e-02 -1.63519440e-01 9.83618216e-01 -7.58696254e-02 -9.95032712e-03 4.89667995e-02 8.49022389e-02 9.95185090e-01 1.08696222e-01
9.84486765e-01 1.58633514e-01 -7.49747668e-02 -3.40156055e-02 -1.64343679e-01 9.83365352e-01 -7.73522240e-02 -9.23517428e-03 6.14568713e-02 8.84739015e-02 9.94180547e-01 1.05373963e-01
9.83283191e-01 1.58856242e-01 -8.89877132e-02 -3.39386929e-02 -1.65902547e-01 9.83027267e-01 -7.83161412e-02 -8.52427549e-03 7.50362735e-02 9.17702683e-02 9.92948814e-01 1.02013886e-01
9.81807395e-01 1.59071584e-01 -1.03683940e-01 -3.38807979e-02 -1.67705893e-01 9.82532586e-01 -8.06477475e-02 -7.63837415e-03 8.90440187e-02 9.65689981e-02 9.91335027e-01 9.73576891e-02
9.79688591e-01 1.60261130e-01 -1.20526258e-01 -3.43309162e-02 -1.70818552e-01 9.81799508e-01 -8.30083767e-02 -6.94762894e-03 1.05029536e-01 1.01910511e-01 9.89233373e-01 9.51032407e-02
9.77199399e-01 1.61074530e-01 -1.38333988e-01 -3.45108368e-02 -1.73751877e-01 9.81114596e-01 -8.49947357e-02 -5.90710414e-03 1.22030937e-01 1.07092624e-01 9.86731611e-01 9.02058298e-02
9.74156106e-01 1.61942243e-01 -1.57463025e-01 -3.48445196e-02 -1.76972514e-01 9.80401570e-01 -8.65625792e-02 -4.96545301e-03 1.40358800e-01 1.12192115e-01 9.83723527e-01 8.63585828e-02
9.70664687e-01 1.62838614e-01 -1.76900318e-01 -3.50816294e-02 -1.80378118e-01 9.79655924e-01 -8.79638573e-02 -3.96955660e-03 1.58977471e-01 1.17292376e-01 9.80289929e-01 8.22076763e-02
9.66801026e-01 1.64190582e-01 -1.95798962e-01 -3.52406978e-02 -1.84202643e-01 9.78878841e-01 -8.86858530e-02 -3.01847538e-03 1.77102020e-01 1.21808281e-01 9.76625460e-01 7.83499239e-02
9.62302555e-01 1.65805074e-01 -2.15597910e-01 -3.53972355e-02 -1.88376950e-01 9.78091421e-01 -8.86051449e-02 -2.10824356e-03 1.96183219e-01 1.25878651e-01 9.72453831e-01 7.46399530e-02
9.57466468e-01 1.66936142e-01 -2.35351390e-01 -3.52363492e-02 -1.92172644e-01 9.77356841e-01 -8.85597505e-02 -1.12782775e-03 2.15238416e-01 1.30021111e-01 9.67867034e-01 6.99227833e-02
9.52191991e-01 1.68054008e-01 -2.55124039e-01 -3.51075954e-02 -1.95963625e-01 9.76649425e-01 -8.80557416e-02 -1.96984772e-04 2.34368558e-01 1.33841026e-01 9.62890273e-01 6.57521580e-02
9.46421284e-01 1.69262030e-01 -2.75021899e-01 -3.46351195e-02 -2.00027238e-01 9.75852070e-01 -8.77578575e-02 8.53599791e-04 2.53526557e-01 1.38067806e-01 9.57424259e-01 6.04347084e-02
9.40137424e-01 1.70627533e-01 -2.95004647e-01 -3.42912605e-02 -2.04183124e-01 9.75083416e-01 -8.67244636e-02 1.82533580e-03 2.72856498e-01 1.41767914e-01 9.51551807e-01 5.57175142e-02
9.33320388e-01 1.71387598e-01 -3.15498262e-01 -3.34701034e-02 -2.07917185e-01 9.74379509e-01 -8.57589685e-02 2.90681318e-03 2.92716951e-01 1.45638146e-01 9.45042818e-01 4.99050913e-02
9.26285276e-01 1.72797378e-01 -3.34867793e-01 -3.29203747e-02 -2.11938320e-01 9.73682386e-01 -8.38109804e-02 3.83147677e-03 3.11572494e-01 1.48604232e-01 9.38530226e-01 4.50726332e-02
9.18675266e-01 1.73710076e-01 -3.54768047e-01 -3.24729102e-02 -2.15803048e-01 9.72951617e-01 -8.24241023e-02 4.66349183e-03 3.30854191e-01 1.52281048e-01 9.31313914e-01 4.07483066e-02
9.10823922e-01 1.73995371e-01 -3.74332990e-01 -3.14515292e-02 -2.19113699e-01 9.72314407e-01 -8.11999303e-02 5.64094176e-03 3.49840888e-01 1.55980364e-01 9.23732167e-01 3.54605049e-02
9.02367900e-01 1.73845840e-01 -3.94347048e-01 -3.03034373e-02 -2.22020146e-01 9.71784547e-01 -7.96333828e-02 6.55567465e-03 3.69376354e-01 1.59411641e-01 9.15504625e-01 3.05225276e-02
8.93500477e-01 1.73365372e-01 -4.14247647e-01 -2.90348221e-02 -2.24643557e-01 9.71310849e-01 -7.80390500e-02 7.36583130e-03 3.88833897e-01 1.62786039e-01 9.06812302e-01 2.57757972e-02
8.84365034e-01 1.73167911e-01 -4.33487245e-01 -2.76306654e-02 -2.27609657e-01 9.70737549e-01 -7.65638381e-02 8.19570667e-03 4.07543890e-01 1.66376298e-01 8.97901223e-01 2.08618986e-02
8.75590151e-01 1.72743522e-01 -4.51111196e-01 -2.60776908e-02 -2.30028606e-01 9.70295270e-01 -7.49229686e-02 9.02956214e-03 4.24768546e-01 1.69370334e-01 8.89317173e-01 1.57910748e-02
8.66409630e-01 1.72277453e-01 -4.68673242e-01 -2.41338271e-02 -2.32175392e-01 9.69955378e-01 -7.26680413e-02 9.91585423e-03 4.42073040e-01 1.71774722e-01 8.80377483e-01 1.01267914e-02
8.56593788e-01 1.72295971e-01 -4.86375353e-01 -2.25764119e-02 -2.34415321e-01 9.69659500e-01 -6.93503563e-02 1.06232346e-02 4.59669655e-01 1.73418958e-01 8.70993308e-01 5.27172653e-03
8.47368516e-01 1.72159044e-01 -5.02322295e-01 -2.09218024e-02 -2.36428832e-01 9.69363001e-01 -6.66061888e-02 1.12705420e-02 4.75465721e-01 1.75203497e-01 8.62111259e-01 5.11485063e-04
8.38162340e-01 1.71991749e-01 -5.17593090e-01 -1.84669743e-02 -2.38401320e-01 9.69052383e-01 -6.40465098e-02 1.20557285e-02 4.90559258e-01 1.77076279e-01 8.53226473e-01 -5.36603557e-03
8.28441120e-01 1.71968666e-01 -5.33021553e-01 -1.61187272e-02 -2.40365556e-01 9.68761557e-01 -6.10333731e-02 1.27632169e-02 5.05874897e-01 1.78682604e-01 8.43897464e-01 -1.10225693e-02
8.17719522e-01 1.73020700e-01 -5.48997722e-01 -1.43677549e-02 -2.42873268e-01 9.68407930e-01 -5.65532646e-02 1.33340208e-02 5.21868823e-01 1.79581608e-01 8.33908359e-01 -1.58855967e-02
8.05855648e-01 1.73901801e-01 -5.65998917e-01 -1.09538912e-02 -2.45340650e-01 9.68047578e-01 -5.18798760e-02 1.41336473e-02 5.38891813e-01 1.80670255e-01 8.22771977e-01 -2.30534355e-02
7.94455893e-01 1.75571891e-01 -5.81389942e-01 -7.65433034e-03 -2.47893661e-01 9.67669618e-01 -4.65178659e-02 1.48673504e-02 5.54426098e-01 1.81079299e-01 8.12294170e-01 -3.00859522e-02
7.83275675e-01 1.77473571e-01 -5.95803876e-01 -3.36676324e-03 -2.50748012e-01 9.67159793e-01 -4.15565048e-02 1.56735229e-02 5.68862341e-01 1.81946854e-01 8.02054116e-01 -3.85898266e-02
7.69927201e-01 1.78961180e-01 -6.12523372e-01 3.10218181e-04 -2.53922064e-01 9.66524721e-01 -3.67840838e-02 1.64469981e-02 5.85436029e-01 1.83854281e-01 7.89596142e-01 -4.55719578e-02
7.56441394e-01 1.79926605e-01 -6.28826404e-01 4.72318759e-03 -2.56706497e-01 9.65945363e-01 -3.24162164e-02 1.71922576e-02 6.01579378e-01 1.85944816e-01 7.76869699e-01 -5.29467224e-02
7.42331244e-01 1.80678357e-01 -6.45212724e-01 9.73599006e-03 -2.59584781e-01 9.65303982e-01 -2.83447214e-02 1.78909275e-02 6.17705121e-01 1.88528601e-01 7.63476977e-01 -6.05356797e-02
7.27709933e-01 1.81530171e-01 -6.61426401e-01 1.48509081e-02 -2.62557330e-01 9.64614465e-01 -2.41281396e-02 1.86405412e-02 6.33641433e-01 1.91220670e-01 7.49621882e-01 -6.84281095e-02
7.12697608e-01 1.81924478e-01 -6.77469881e-01 1.98714436e-02 -2.66101415e-01 9.63712820e-01 -2.11476908e-02 1.94810309e-02 6.49039096e-01 1.95347636e-01 7.35246440e-01 -7.57374620e-02
