1.00000000e+00 0.00000000e+00 0.00000000e+00 0.00000000e+00 0.00000000e+00 1.00000000e+00 0.00000000e+00 0.00000000e+00 0.00000000e+00 0.00000000e+00 1.00000000e+00 0.00000000e+00
9.99999984e-01 -6.35844826e-05 1.08406899e-04 -1.99500432e-04 6.36209016e-05 9.99999943e-01 -3.35964057e-04 2.73124088e-04 -1.08385531e-04 3.35970948e-04 9.99999935e-01 -4.95921035e-03
9.99999949e-01 -1.13953156e-04 2.35053401e-04 -3.98538737e-04 1.14119714e-04 9.99999732e-01 -7.08689118e-04 5.42121375e-04 -2.34972574e-04 7.08715928e-04 9.99999701e-01 -9.89235473e-03
9.99999898e-01 -1.02668163e-04 3.73003123e-04 -6.03465371e-04 1.03073460e-04 9.99999382e-01 -1.08670907e-03 8.07783384e-04 -3.72891312e-04 1.08674745e-03 9.99999298e-01 -1.49245176e-02
9.99999823e-01 -9.27296336e-05 5.20048973e-04 -8.08160884e-04 9.34945913e-05 9.99998877e-01 -1.47109361e-03 1.07919287e-03 -5.19911978e-04 1.47114203e-03 9.99998716e-01 -2.00262839e-02
9.99999731e-01 -1.07013982e-04 6.57226252e-04 -1.00608416e-03 1.08232028e-04 9.99998226e-01 -1.85354842e-03 1.36062724e-03 -6.57026745e-04 1.85361917e-03 9.99997976e-01 -2.51548830e-02
9.99999615e-01 -9.09767064e-05 8.03827753e-04 -1.20858624e-03 9.27664113e-05 9.99997457e-01 -2.22671482e-03 1.64809177e-03 -8.03623150e-04 2.22678867e-03 9.99997087e-01 -3.02672816e-02
9.99999485e-01 -8.22216783e-05 9.42143964e-04 -1.41233299e-03 8.46657505e-05 9.99996563e-01 -2.59440824e-03 1.93896021e-03 -9.41927446e-04 2.59448686e-03 9.99996062e-01 -3.55529768e-02
9.99999332e-01 -3.83623171e-05 1.08456926e-03 -1.62253312e-03 4.15885213e-05 9.99995493e-01 -2.97476968e-03 2.24515342e-03 -1.08445030e-03 2.97481306e-03 9.99994836e-01 -4.07345722e-02
9.99999148e-01 3.63385302e-05 1.23178663e-03 -1.83402917e-03 -3.22243991e-05 9.99994331e-01 -3.33981966e-03 2.55521871e-03 -1.23190107e-03 3.33977746e-03 9.99993495e-01 -4.60048049e-02
9.99998936e-01 1.10862739e-04 1.38009913e-03 -2.04503882e-03 -1.05741347e-04 9.99993008e-01 -3.71040076e-03 2.86532635e-03 -1.38050091e-03 3.71025129e-03 9.99991975e-01 -5.13129155e-02
9.99998703e-01 1.57842563e-04 1.52749064e-03 -2.25392051e-03 -1.51591773e-04 9.99991501e-01 -4.09144167e-03 3.17868658e-03 -1.52812358e-03 4.09120531e-03 9.99990250e-01 -5.65987068e-02
9.99998441e-01 2.15540064e-04 1.67662734e-03 -2.46275272e-03 -2.08015092e-04 9.99989774e-01 -4.48703650e-03 3.49891387e-03 -1.67757751e-03 4.48668133e-03 9.99988285e-01 -6.17508316e-02
9.99998194e-01 2.25083499e-04 1.81148889e-03 -2.66590867e-03 -2.16271050e-04 9.99988001e-01 -4.86347727e-03 3.81965292e-03 -1.81256207e-03 4.86307740e-03 9.99986269e-01 -6.70001631e-02
9.99997971e-01 1.95197269e-04 1.92995657e-03 -2.87322735e-03 -1.85095525e-04 9.99986133e-01 -5.23297297e-03 4.12908897e-03 -1.93095153e-03 5.23260588e-03 9.99984167e-01 -7.20713397e-02
9.99997722e-01 1.67752851e-04 2.05360030e-03 -3.07945450e-03 -1.56232251e-04 9.99984089e-01 -5.60882537e-03 4.44298747e-03 -2.05450883e-03 5.60849259e-03 9.99981864e-01 -7.71830323e-02
9.99997460e-01 1.08341060e-04 2.17669366e-03 -3.27764380e-03 -9.52976984e-05 9.99981861e-01 -5.99148987e-03 4.77378263e-03 -2.17730366e-03 5.99126815e-03 9.99979363e-01 -8.23644566e-02
9.99997130e-01 3.94641430e-05 2.32008963e-03 -3.47139666e-03 -2.46129450e-05 9.99979303e-01 -6.40081104e-03 5.11509814e-03 -2.32029469e-03 6.40073663e-03 9.99976470e-01 -8.76858274e-02
9.99996789e-01 -1.96216217e-05 2.45851271e-03 -3.66717704e-03 3.63745718e-05 9.99976542e-01 -6.81440335e-03 5.47019571e-03 -2.45832192e-03 6.81447210e-03 9.99973371e-01 -9.30503296e-02
9.99996420e-01 -9.52087359e-05 2.59771374e-03 -3.86004348e-03 1.13998516e-04 9.99973557e-01 -7.23401168e-03 5.81566053e-03 -2.59695704e-03 7.23428326e-03 9.99970033e-01 -9.82747880e-02
9.99996023e-01 -1.68443860e-04 2.73828476e-03 -4.05219761e-03 1.89389980e-04 9.99970413e-01 -7.65090186e-03 6.16269253e-03 -2.73691588e-03 7.65139154e-03 9.99966518e-01 -1.03449075e-01
9.99995553e-01 -2.49807387e-04 2.89358350e-03 -4.24009238e-03 2.73165862e-04 9.99967085e-01 -8.07493608e-03 6.51221758e-03 -2.89147181e-03 8.07569232e-03 9.99962764e-01 -1.08550117e-01
9.99995350e-01 -3.53587933e-04 2.94990487e-03 -4.44803557e-03 3.78561622e-04 9.99963761e-01 -8.46967896e-03 6.86145621e-03 -2.94680404e-03 8.47075806e-03 9.99959314e-01 -1.13191091e-01
9.99995127e-01 -4.28298854e-04 3.01314231e-03 -4.65662275e-03 4.54902244e-04 9.99960568e-01 -8.83398687e-03 7.20352517e-03 -3.00924079e-03 8.83531634e-03 9.99955965e-01 -1.17844870e-01
9.99994712e-01 -5.51323938e-04 3.12440379e-03 -4.84573284e-03 5.80116117e-04 9.99956978e-01 -9.22186083e-03 7.56014887e-03 -3.11918612e-03 9.22362656e-03 9.99952099e-01 -1.22789783e-01
9.99994267e-01 -6.72866564e-04 3.23657993e-03 -5.03454244e-03 7.03940837e-04 9.99953226e-01 -9.60942856e-03 7.93029925e-03 -3.22996378e-03 9.61165397e-03 9.99948071e-01 -1.28015501e-01
9.99993828e-01 -7.70121124e-04 3.34521594e-03 -5.22315895e-03 8.03509754e-04 9.99949391e-01 -9.99116669e-03 8.29975250e-03 -3.33735344e-03 9.99379524e-03 9.99943953e-01 -1.33260717e-01
9.99993397e-01 -9.00134599e-04 3.43663302e-03 -5.40725144e-03 9.35781687e-04 9.99945235e-01 -1.03852065e-02 8.66354465e-03 -3.42709806e-03 1.03883563e-02 9.99939606e-01 -1.38485478e-01
9.99992917e-01 -9.92486889e-04 3.54610038e-03 -5.60094987e-03 1.03072688e-03 9.99940737e-01 -1.07981728e-02 9.03306818e-03 -3.53517472e-03 1.08017540e-02 9.99934818e-01 -1.43784265e-01
9.99992911e-01 -1.23999183e-03 3.47646095e-03 -5.74499548e-03 1.28082067e-03 9.99929554e-01 -1.17668604e-02 9.48412031e-03 -3.46162671e-03 1.17712324e-02 9.99924138e-01 -1.49437092e-01
9.99992417e-01 -1.35877399e-03 3.56943052e-03 -5.88078012e-03 1.40351196e-03 9.99919701e-01 -1.25611957e-02 9.56541915e-03 -3.55207768e-03 1.25661131e-02 9.99914125e-01 -1.49851278e-01
9.99991978e-01 -1.51946599e-03 3.62322892e-03 -6.00169575e-03 1.56800887e-03 9.99908093e-01 -1.34327023e-02 9.60271084e-03 -3.60248716e-03 1.34382788e-02 9.99902580e-01 -1.49540884e-01
9.99991576e-01 -1.58558464e-03 3.70348468e-03 -6.12925222e-03 1.63854500e-03 9.99895365e-01 -1.43411686e-02 9.56627532e-03 -3.68035978e-03 1.43471193e-02 9.99889670e-01 -1.48041304e-01
9.99991071e-01 -1.66975084e-03 3.79921045e-03 -6.25574282e-03 1.72814948e-03 9.99879164e-01 -1.54202770e-02 9.48309128e-03 -3.77300501e-03 1.54267084e-02 9.99873261e-01 -1.46273913e-01
9.99990345e-01 -1.86846448e-03 3.89029258e-03 -6.38488594e-03 1.93275511e-03 9.99860046e-01 -1.65882813e-02 9.36272744e-03 -3.85875539e-03 1.65956440e-02 9.99854184e-01 -1.43177045e-01
9.99989960e-01 -1.93766489e-03 3.95356653e-03 -6.52289974e-03 2.00748904e-03 9.99840227e-01 -1.77342128e-02 9.12083124e-03 -3.91857379e-03 1.77419757e-02 9.99834264e-01 -1.38684174e-01
9.99989092e-01 -2.16777937e-03 4.04460117e-03 -6.65537559e-03 2.24394092e-03 9.99817934e-01 -1.89219218e-02 8.79661631e-03 -4.00284807e-03 1.89307957e-02 9.99812133e-01 -1.32496487e-01
9.99988257e-01 -2.40662272e-03 4.10792686e-03 -6.83607264e-03 2.48882660e-03 9.99793830e-01 -2.01246695e-02 8.43638128e-03 -4.05864936e-03 2.01346619e-02 9.99788378e-01 -1.24742410e-01
9.99987364e-01 -2.88144902e-03 4.01862035e-03 -7.01976522e-03 2.96679006e-03 9.99766186e-01 -2.13947347e-02 7.97662082e-03 -3.95603458e-03 2.14063921e-02 9.99762393e-01 -1.15529837e-01
9.99986249e-01 -3.42518797e-03 3.87084253e-03 -7.15023205e-03 3.51206211e-03 9.99736509e-01 -2.26639721e-02 7.39855855e-03 -3.79219566e-03 2.26772613e-02 9.99735026e-01 -1.04346796e-01
9.99985490e-01 -3.79475668e-03 3.71295272e-03 -7.25157934e-03 3.88247968e-03 9.99706064e-01 -2.39115535e-02 6.80070260e-03 -3.62112423e-03 2.39256291e-02 9.99706547e-01 -9.29416269e-02
9.99985181e-01 -4.12765036e-03 3.43684844e-03 -7.29428496e-03 4.21297595e-03 9.99673052e-01 -2.52012642e-02 6.15428811e-03 -3.33170408e-03 2.52153766e-02 9.99675878e-01 -8.03343431e-02
9.99984458e-01 -4.37688348e-03 3.34418255e-03 -7.32030181e-03 4.46380236e-03 9.99639957e-01 -2.64416503e-02 5.42644291e-03 -3.22724773e-03 2.64561741e-02 9.99644154e-01 -6.65916907e-02
9.99983522e-01 -4.70167774e-03 3.17613920e-03 -7.30012062e-03 4.78800185e-03 9.99603221e-01 -2.77415855e-02 4.72592110e-03 -3.04444826e-03 2.77563437e-02 9.99609446e-01 -5.16841735e-02
9.99980547e-01 -5.29504831e-03 3.17915810e-03 -7.27527820e-03 5.38473494e-03 9.99567395e-01 -2.88984674e-02 4.02633468e-03 -3.02476536e-03 2.89150324e-02 9.99576646e-01 -3.72153236e-02
9.99978347e-01 -5.70859571e-03 3.14631950e-03 -7.26781899e-03 5.80075490e-03 9.99529414e-01 -3.01050457e-02 3.19043790e-03 -2.97298278e-03 3.01226535e-02 9.99541124e-01 -2.02552814e-02
9.99975830e-01 -5.89102021e-03 3.56822484e-03 -7.26425978e-03 6.00216152e-03 9.99469925e-01 -3.19821682e-02 2.30334217e-03 -3.37792721e-03 3.20028229e-02 9.99481401e-01 -2.99141874e-03
9.99972272e-01 -6.14518989e-03 4.09969980e-03 -7.15745538e-03 6.28008400e-03 9.99410263e-01 -3.37450859e-02 1.47665880e-03 -3.88991364e-03 3.37699087e-02 9.99421367e-01 1.35902242e-02
9.99965377e-01 -6.73299519e-03 4.79883721e-03 -7.06147708e-03 6.89502605e-03 9.99377374e-01 -3.45885813e-02 8.86598049e-04 -4.56296631e-03 3.46204842e-02 9.99389413e-01 2.81022104e-02
9.99955299e-01 -7.46400409e-03 5.73046692e-03 -7.00652159e-03 7.66122641e-03 9.99350354e-01 -3.52029813e-02 3.30634237e-04 -5.46399093e-03 3.52453234e-02 9.99363025e-01 4.02237066e-02
9.99944032e-01 -8.20971740e-03 6.60836551e-03 -6.95174317e-03 8.44212751e-03 9.99317665e-01 -3.59454616e-02 -1.08746820e-04 -6.30875623e-03 3.59992536e-02 9.99331169e-01 4.80743391e-02
9.99930859e-01 -8.80438236e-03 7.74202408e-03 -6.98118360e-03 9.08510630e-03 9.99273368e-01 -3.70051425e-02 -4.54684515e-04 -7.41059267e-03 3.70729346e-02 9.99284397e-01 5.66337034e-02
9.99915833e-01 -9.49623228e-03 8.79217526e-03 -6.90651881e-03 9.82380593e-03 9.99229160e-01 -3.79960454e-02 -7.83396734e-04 -8.42458081e-03 3.80792342e-02 9.99238491e-01 6.52442021e-02
9.99893282e-01 -1.04981621e-02 1.01223752e-02 -6.73488144e-03 1.08856031e-02 9.99179019e-01 -3.90124592e-02 -1.10766188e-03 -9.70450792e-03 3.91184966e-02 9.99186762e-01 7.33750394e-02
9.99869195e-01 -1.13454742e-02 1.14957109e-02 -6.51717541e-03 1.17971778e-02 9.99128876e-01 -4.00187637e-02 -1.62441338e-03 -1.10316669e-02 4.01491567e-02 9.99132146e-01 8.50177106e-02
9.99839662e-01 -1.23089031e-02 1.29771761e-02 -6.26775083e-03 1.28316373e-02 9.99076378e-01 -4.09985553e-02 -2.47666289e-03 -1.24605456e-02 4.11585114e-02 9.99074247e-01 1.01586219e-01
9.99803299e-01 -1.33630944e-02 1.46337095e-02 -5.95905079e-03 1.39647190e-02 9.99027481e-01 -4.18125884e-02 -3.53823804e-03 -1.40607350e-02 4.20087295e-02 9.99017642e-01 1.22134436e-01
9.99767875e-01 -1.40216987e-02 1.63389195e-02 -5.63969450e-03 1.47082243e-02 9.98979976e-01 -4.26842262e-02 -4.83292270e-03 -1.57237504e-02 4.29146449e-02 9.98954357e-01 1.46963005e-01
9.99723499e-01 -1.49146245e-02 1.81635740e-02 -5.12328545e-03 1.56952643e-02 9.98924435e-01 -4.36225427e-02 -6.15406510e-03 -1.74934262e-02 4.38955709e-02 9.98882349e-01 1.73626040e-01
9.99677737e-01 -1.54005943e-02 2.01655046e-02 -4.65215452e-03 1.62873642e-02 9.98872887e-01 -4.45750728e-02 -7.51723451e-03 -1.94562959e-02 4.48891595e-02 9.98801867e-01 2.00052115e-01
9.99631717e-01 -1.59932139e-02 2.19093544e-02 -4.28255571e-03 1.69768437e-02 9.98821018e-01 -4.54706524e-02 -8.46120779e-03 -2.11563051e-02 4.58258673e-02 9.98724747e-01 2.18076844e-01
9.99578230e-01 -1.67119107e-02 2.37371531e-02 -4.03818488e-03 1.78238699e-02 9.98714994e-01 -4.74326109e-02 -8.57281265e-03 -2.29139657e-02 4.78357029e-02 9.98591688e-01 2.22348643e-01
9.99528969e-01 -1.78645287e-02 2.49424162e-02 -3.89045145e-03 1.90789842e-02 9.98599732e-01 -4.93328890e-02 -8.54383759e-03 -2.40261860e-02 4.97855348e-02 9.98470257e-01 2.24201745e-01
9.99477866e-01 -1.89466286e-02 2.61610935e-02 -3.64578484e-03 2.02339373e-02 9.98551166e-01 -4.98523249e-02 -8.55263072e-03 -2.51786633e-02 5.03556461e-02 9.98413224e-01 2.28035069e-01
9.99454477e-01 -1.98032456e-02 2.64200018e-02 -3.50863858e-03 2.10870087e-02 9.98564329e-01 -4.92311133e-02 -8.69795896e-03 -2.54071425e-02 4.97613819e-02 9.98437243e-01 2.32913080e-01
9.99411468e-01 -2.09541875e-02 2.71501165e-02 -3.24645372e-03 2.22682378e-02 9.98548221e-01 -4.90369592e-02 -8.79178655e-03 -2.60831787e-02 4.96126883e-02 9.98427223e-01 2.37340192e-01
9.99369626e-01 -2.21079080e-02 2.77672651e-02 -2.92269907e-03 2.34612116e-02 9.98503160e-01 -4.93962853e-02 -8.77874021e-03 -2.66336618e-02 5.00166053e-02 9.98392520e-01 2.40191085e-01
9.99333765e-01 -2.27076268e-02 2.85618813e-02 -2.61300588e-03 2.41266000e-02 9.98439212e-01 -5.03585319e-02 -9.51892003e-03 -2.73737884e-02 5.10140872e-02 9.98322023e-01 2.50252729e-01
9.99300936e-01 -2.31844277e-02 2.93161753e-02 -2.43702288e-03 2.46688060e-02 9.98376526e-01 -5.13288867e-02 -1.02772818e-02 -2.80785602e-02 5.20162075e-02 9.98250693e-01 2.59045326e-01
9.99274366e-01 -2.38467125e-02 2.96882193e-02 -2.21942791e-03 2.53747075e-02 9.98313573e-01 -5.22023103e-02 -1.10221805e-02 -2.83933071e-02 5.29177686e-02 9.98194429e-01 2.67452231e-01
9.99255774e-01 -2.44146532e-02 2.98517092e-02 -2.07227287e-03 2.59721487e-02 9.98258803e-01 -5.29508660e-02 -1.14057834e-02 -2.85069620e-02 5.36867811e-02 9.98150128e-01 2.71938151e-01
9.99241195e-01 -2.49251773e-02 2.99168990e-02 -1.83714830e-03 2.65092723e-02 9.98200530e-01 -5.37766117e-02 -1.20866194e-02 -2.85226795e-02 5.45288908e-02 9.98104042e-01 2.79108563e-01
9.99229417e-01 -2.55499716e-02 2.97834743e-02 -1.67742711e-03 2.71476642e-02 9.98142276e-01 -5.45348348e-02 -1.29290735e-02 -2.83347873e-02 5.53013742e-02 9.98066892e-01 2.88297186e-01
9.99219091e-01 -2.66363386e-02 2.91705446e-02 -1.31755569e-03 2.82190441e-02 9.98072559e-01 -5.52615080e-02 -1.37264828e-02 -2.76423625e-02 5.60415323e-02 9.98044989e-01 2.96816048e-01
9.99205425e-01 -2.79123005e-02 2.84368549e-02 -9.94491087e-04 2.94690016e-02 9.98001991e-01 -5.58800631e-02 -1.42951188e-02 -2.68203031e-02 5.66736799e-02 9.98031739e-01 3.02287753e-01
9.99193323e-01 -2.91380933e-02 2.76208474e-02 -7.04809803e-04 3.06676279e-02 9.97921135e-01 -5.66734266e-02 -1.50188827e-02 -2.59120779e-02 5.74747868e-02 9.98009927e-01 3.10756084e-01
9.99226399e-01 -2.93609967e-02 2.61489499e-02 -9.36201019e-04 3.08188804e-02 9.97885517e-01 -5.72153774e-02 -1.56680196e-02 -2.44137639e-02 5.79770055e-02 9.98018677e-01 3.17069083e-01
9.99266415e-01 -2.95872683e-02 2.42981044e-02 -1.14714994e-03 3.09454872e-02 9.97861306e-01 -5.75680130e-02 -1.62606188e-02 -2.25428626e-02 5.82777076e-02 9.98045188e-01 3.22729770e-01
9.99314496e-01 -2.96727779e-02 2.21176462e-02 -1.42287249e-03 3.09123047e-02 9.97838212e-01 -5.79845280e-02 -1.67275787e-02 -2.03492747e-02 5.86284981e-02 9.98071759e-01 3.26399349e-01
9.99358764e-01 -3.02126559e-02 1.91940516e-02 -1.66235648e-03 3.12868932e-02 9.97803559e-01 -5.83793253e-02 -1.74634724e-02 -1.73881016e-02 5.89424257e-02 9.98109248e-01 3.32366946e-01
9.99398562e-01 -3.07072342e-02 1.60866242e-02 -1.92605799e-03 3.16029397e-02 9.97771738e-01 -5.87520531e-02 -1.80088679e-02 -1.42466677e-02 5.92251120e-02 9.98142346e-01 3.36950645e-01
9.99425960e-01 -3.13420895e-02 1.28307671e-02 -2.30467975e-03 3.20483038e-02 9.97734566e-01 -5.91406784e-02 -1.86151537e-02 -1.09481079e-02 5.95179402e-02 9.98166606e-01 3.42353761e-01
9.99430670e-01 -3.24829857e-02 9.07619763e-03 -2.58519263e-03 3.29675437e-02 9.97674792e-01 -5.96414493e-02 -1.94626410e-02 -7.11776084e-03 5.99067214e-02 9.98177990e-01 3.50872338e-01
9.99431573e-01 -3.33290169e-02 4.99426581e-03 -2.90778882e-03 3.35690254e-02 9.97630209e-01 -6.00506211e-02 -2.09968276e-02 -2.98100054e-03 6.01841441e-02 9.98182277e-01 3.68521297e-01
9.99403792e-01 -3.44846551e-02 1.42263503e-03 -3.25321641e-03 3.45076517e-02 9.97581619e-01 -6.03247539e-02 -2.25279451e-02 6.61086839e-04 6.03378876e-02 9.98177190e-01 3.87165325e-01
9.99374883e-01 -3.52874383e-02 -1.92447302e-03 -3.73548834e-03 3.51061913e-02 9.97545465e-01 -6.05761790e-02 -2.38973133e-02 4.05733208e-03 6.04707614e-02 9.98161091e-01 4.02610820e-01
9.99334555e-01 -3.60681063e-02 -5.34868979e-03 -4.34669782e-03 3.56764083e-02 9.97507663e-01 -6.08645181e-02 -2.56526760e-02 7.53063327e-03 6.06332036e-02 9.98131071e-01 4.23234711e-01
9.99297982e-01 -3.64706459e-02 -8.51070696e-03 -5.12047395e-03 3.58839624e-02 9.97484787e-01 -6.11163778e-02 -2.72764975e-02 1.07182625e-02 6.07680865e-02 9.98093703e-01 4.42324406e-01
9.99262594e-01 -3.67874119e-02 -1.09506997e-02 -5.77290572e-03 3.60468731e-02 9.97455180e-01 -6.15029053e-02 -2.80771563e-02 1.31853735e-02 6.10628291e-02 9.98046158e-01 4.50697585e-01
9.99218248e-01 -3.73595587e-02 -1.28910659e-02 -6.33061165e-03 3.64832613e-02 9.97372617e-01 -6.25751293e-02 -2.86368068e-02 1.51949854e-02 6.20559171e-02 9.97956310e-01 4.56408795e-01
9.99226784e-01 -3.71625441e-02 -1.28007209e-02 -6.67961451e-03 3.62327685e-02 9.97128637e-01 -6.64871599e-02 -2.98924494e-02 1.52348073e-02 6.59719610e-02 9.97704478e-01 4.70416608e-01
9.99219168e-01 -3.68325628e-02 -1.42646720e-02 -7.71528754e-03 3.57859140e-02 9.97060314e-01 -6.77418227e-02 -3.17838045e-02 1.67178541e-02 6.71784703e-02 9.97600199e-01 4.87661990e-01
9.99194515e-01 -3.70765679e-02 -1.53200292e-02 -8.62603459e-03 3.59513480e-02 9.97026996e-01 -6.81429022e-02 -3.45133355e-02 1.78009990e-02 6.75372523e-02 9.97557251e-01 5.14401507e-01
9.99153897e-01 -3.77129834e-02 -1.63788180e-02 -9.44604171e-03 3.65041385e-02 9.96967951e-01 -6.87099601e-02 -3.79204435e-02 1.89204269e-02 6.80539419e-02 9.97501523e-01 5.51000901e-01
9.99133329e-01 -3.82626243e-02 -1.63574731e-02 -1.00109611e-02 3.70245400e-02 9.96840619e-01 -7.02609518e-02 -4.08774365e-02 1.89941753e-02 6.95944437e-02 9.97393809e-01 5.80026706e-01
9.99132218e-01 -3.98471037e-02 -1.20834187e-02 -9.59770856e-03 3.88509133e-02 9.96518840e-01 -7.37532585e-02 -4.06165611e-02 1.49802190e-02 7.32198227e-02 9.97202609e-01 5.78386213e-01
9.99207058e-01 -3.97733451e-02 -1.52113015e-03 -9.27651465e-03 3.95378567e-02 9.96239211e-01 -7.70899295e-02 -4.09980090e-02 4.58154059e-03 7.69686789e-02 9.97022249e-01 5.85400761e-01
9.99108421e-01 -4.00705798e-02 1.32560946e-02 -8.65362486e-03 4.10056145e-02 9.95948387e-01 -8.00251519e-02 -4.10101362e-02 -9.99573209e-03 8.04973973e-02 9.96703966e-01 5.89421682e-01
9.98708208e-01 -4.04308949e-02 3.07611966e-02 -7.76589312e-03 4.28521118e-02 9.95659078e-01 -8.26159471e-02 -4.18398405e-02 -2.72874356e-02 8.38274335e-02 9.96105819e-01 6.01735363e-01
9.97979336e-01 -4.07431042e-02 4.87457980e-02 -6.78530705e-03 4.47279411e-02 9.95489102e-01 -8.36635648e-02 -4.28593864e-02 -4.51172085e-02 8.56748403e-02 9.95300314e-01 6.15047687e-01
9.96960770e-01 -4.13557830e-02 6.60145619e-02 -5.79347973e-03 4.69084447e-02 9.95283399e-01 -8.49078670e-02 -4.37343872e-02 -6.21917847e-02 8.77464830e-02 9.94198785e-01 6.25101446e-01
9.95650338e-01 -4.16733924e-02 8.33231360e-02 -4.68605642e-03 4.88481146e-02 9.95095458e-01 -8.60102276e-02 -4.46389296e-02 -7.93301561e-02 8.97063220e-02 9.92803118e-01 6.35387011e-01
9.93928329e-01 -4.22009992e-02 1.01609830e-01 -3.16690300e-03 5.10925759e-02 9.94935284e-01 -8.65575682e-02 -4.57859497e-02 -9.74424149e-02 9.12235627e-02 9.91050813e-01 6.47643073e-01
9.91826074e-01 -4.25867263e-02 1.20276702e-01 -1.26535558e-03 5.32711457e-02 9.94777131e-01 -8.70610458e-02 -4.68991195e-02 -1.15940892e-01 9.27567272e-02 9.88914781e-01 6.61185196e-01
9.89405515e-01 -4.29422820e-02 1.38678725e-01 1.40258824e-03 5.54410891e-02 9.94614777e-01 -8.75599023e-02 -4.84710063e-02 -1.34171919e-01 9.43207863e-02 9.86458304e-01 6.78739241e-01
9.86573272e-01 -4.31635822e-02 1.57509224e-01 3.88598687e-03 5.75978021e-02 9.94430626e-01 -8.82568804e-02 -4.95466633e-02 -1.52822541e-01 9.61441039e-02 9.83564998e-01 6.92435559e-01
9.83326508e-01 -4.32812898e-02 1.76620606e-01 6.51730026e-03 5.97361948e-02 9.94243930e-01 -8.89365795e-02 -5.05658144e-02 -1.71754705e-01 9.80043784e-02 9.80252012e-01 7.05528873e-01
9.79962790e-01 -4.39308043e-02 1.94273372e-01 9.93208531e-03 6.23081825e-02 9.94033805e-01 -8.95181903e-02 -5.19769949e-02 -1.89181730e-01 9.98293497e-02 9.76853592e-01 7.21318637e-01
9.76612839e-01 -4.47865030e-02 2.10287155e-01 1.23705210e-02 6.49233345e-02 9.93836441e-01 -8.98509912e-02 -5.26440192e-02 -2.04966967e-01 1.01402214e-01 9.73501237e-01 7.30720499e-01
9.73439460e-01 -4.61453947e-02 2.24244156e-01 1.58095340e-02 6.79066432e-02 9.93594727e-01 -9.03175580e-02 -5.37945846e-02 -2.18640125e-01 1.03146375e-01 9.70338017e-01 7.43836698e-01
9.69888590e-01 -4.67147850e-02 2.39025414e-01 1.84155968e-02 7.05264304e-02 9.93252840e-01 -9.20537365e-02 -5.44344612e-02 -2.33112461e-01 1.06139506e-01 9.66639309e-01 7.52656851e-01
9.66461338e-01 -4.71142824e-02 2.52452124e-01 2.09534145e-02 7.29952846e-02 9.92877913e-01 -9.41500570e-02 -5.49299969e-02 -2.46218392e-01 1.09420232e-01 9.63017272e-01 7.60485491e-01
9.63043510e-01 -4.85448812e-02 2.64933638e-01 2.48960224e-02 7.58653715e-02 9.92688380e-01 -9.38790184e-02 -5.59380441e-02 -2.58439268e-01 1.10508904e-01 9.59685054e-01 7.73245809e-01
9.59537409e-01 -5.03426571e-02 2.77042932e-01 2.93206194e-02 7.86940538e-02 9.92627158e-01 -9.21820757e-02 -5.70353924e-02 -2.70359732e-01 1.10253817e-01 9.56424666e-01 7.87139666e-01
9.55865512e-01 -5.19776455e-02 2.89168915e-01 3.23419236e-02 8.14780130e-02 9.92518250e-01 -9.09269494e-02 -5.74641154e-02 -2.82279359e-01 1.10474872e-01 9.52949157e-01 7.95151811e-01
9.52632653e-01 -5.32832347e-02 2.99418098e-01 3.41619729e-02 8.37990620e-02 9.92408494e-01 -9.00111677e-02 -5.74565935e-02 -2.92349081e-01 1.10838562e-01 9.49865920e-01 7.99356341e-01
9.49651655e-01 -5.46462533e-02 3.08504254e-01 3.55183807e-02 8.62473158e-02 9.92223752e-01 -8.97348159e-02 -5.74055170e-02 -3.01201697e-01 1.11824504e-01 9.46980073e-01 8.02156508e-01
9.46723447e-01 -5.58380918e-02 3.17169142e-01 3.75146756e-02 8.84143157e-02 9.92076528e-01 -8.92527563e-02 -5.75515004e-02 -3.09672471e-01 1.12539989e-01 9.44158997e-01 8.07050157e-01
9.44207786e-01 -5.68318625e-02 3.24409057e-01 3.85714133e-02 9.01692143e-02 9.91971521e-01 -8.86623198e-02 -5.73877557e-02 -3.16765817e-01 1.12967384e-01 9.41751699e-01 8.09465982e-01
9.41806295e-01 -5.79300459e-02 3.31126044e-01 3.92535986e-02 9.19496478e-02 9.91866837e-01 -8.80022564e-02 -5.70255835e-02 -3.23335084e-01 1.13328020e-01 9.39473093e-01 8.10815136e-01
9.39747544e-01 -5.93287373e-02 3.36681033e-01 4.01593820e-02 9.39174015e-02 9.91737236e-01 -8.73827113e-02 -5.67182200e-02 -3.28714930e-01 1.13737913e-01 9.37554638e-01 8.12866338e-01
9.37685778e-01 -6.09074227e-02 3.42103981e-01 3.93730206e-02 9.60137325e-02 9.91602977e-01 -8.66248279e-02 -5.57774446e-02 -3.33955364e-01 1.14073570e-01 9.35659921e-01 8.10299643e-01
9.35885112e-01 -6.22279787e-02 3.46765443e-01 3.80918240e-02 9.77082477e-02 9.91511314e-01 -8.57753097e-02 -5.47303393e-02 -3.38484374e-01 1.14157696e-01 9.34020783e-01 8.06799412e-01
9.34182923e-01 -6.34534811e-02 3.51106041e-01 3.71211691e-02 9.92327818e-02 9.91439566e-01 -8.48497086e-02 -5.38123896e-02 -3.42716542e-01 1.14106398e-01 9.32482475e-01 8.04130969e-01
9.32593266e-01 -6.44476093e-02 3.55127812e-01 3.51941759e-02 1.00387084e-01 9.91420721e-01 -8.37039210e-02 -5.27268207e-02 -3.46686698e-01 1.13711984e-01 9.31061926e-01 7.99413186e-01
9.31101038e-01 -6.53595446e-02 3.58857157e-01 3.37744545e-02 1.01426348e-01 9.91407840e-01 -8.25960297e-02 -5.18534842e-02 -3.50375510e-01 1.13302841e-01 9.29730002e-01 7.96169877e-01
9.29865336e-01 -6.66441666e-02 3.61812869e-01 3.22917813e-02 1.02762357e-01 9.91361220e-01 -8.14970194e-02 -5.09897037e-02 -3.53256098e-01 1.12962012e-01 9.28680874e-01 7.92785463e-01
9.28786522e-01 -6.77502137e-02 3.64369492e-01 2.99881557e-02 1.03798827e-01 9.91354619e-01 -8.02548591e-02 -4.98809780e-02 -3.55782235e-01 1.12360769e-01 9.27789082e-01 7.87408727e-01
9.27828506e-01 -6.89330095e-02 3.66581563e-01 2.81393409e-02 1.05045235e-01 9.91286653e-01 -7.94681201e-02 -4.89808771e-02 -3.57909592e-01 1.12240449e-01 9.26985031e-01 7.83278895e-01
9.26767403e-01 -7.03707118e-02 3.68984712e-01 2.69457180e-02 1.06740370e-01 9.91137223e-01 -7.90721547e-02 -4.83826457e-02 -3.60150282e-01 1.12667072e-01 9.26064990e-01 7.80539341e-01
9.25692451e-01 -7.16023397e-02 3.71438043e-01 2.60987709e-02 1.08388913e-01 9.90956270e-01 -7.90978845e-02 -4.80007163e-02 -3.62415419e-01 1.13480090e-01 9.25081533e-01 7.78857938e-01
9.24732095e-01 -7.23751100e-02 3.73673636e-01 2.51857205e-02 1.09594752e-01 9.90806706e-01 -7.93098429e-02 -4.77104070e-02 -3.64498436e-01 1.14293043e-01 9.24162570e-01 7.76949480e-01
9.24101717e-01 -7.29538895e-02 3.75117839e-01 2.39729297e-02 1.10451587e-01 9.90702560e-01 -7.94226549e-02 -4.74917210e-02 -3.65836148e-01 1.14826987e-01 9.23567644e-01 7.74513452e-01
9.23430980e-01 -7.36976908e-02 3.76621221e-01 2.33781672e-02 1.11506865e-01 9.90572893e-01 -7.95651301e-02 -4.75302728e-02 -3.67207137e-01 1.15468766e-01 9.22943369e-01 7.73653082e-01
9.22893198e-01 -7.45435647e-02 3.77771219e-01 2.29050610e-02 1.12574171e-01 9.90451150e-01 -7.95776085e-02 -4.77172498e-02 -3.68232079e-01 1.15968920e-01 9.22472186e-01 7.73120610e-01
9.22737394e-01 -7.58035396e-02 3.77900990e-01 2.38891207e-02 1.13879809e-01 9.90314747e-01 -7.94169626e-02 -4.81463040e-02 -3.68220983e-01 1.16316302e-01 9.22432852e-01 7.76182448e-01
9.23045679e-01 -7.73058854e-02 3.76842237e-01 2.66027197e-02 1.15203481e-01 9.90190767e-01 -7.90528596e-02 -4.89748029e-02 -3.67034602e-01 1.16382950e-01 9.22897130e-01 7.83679870e-01
9.23388946e-01 -7.90681796e-02 3.75633787e-01 3.01193922e-02 1.16809639e-01 9.90026756e-01 -7.87497586e-02 -4.99016046e-02 -3.65661038e-01 1.16594309e-01 9.23415594e-01 7.93048592e-01
9.24100288e-01 -8.07600838e-02 3.73518630e-01 3.34055484e-02 1.18220297e-01 9.89882761e-01 -7.84548657e-02 -5.08250736e-02 -3.63403755e-01 1.16657655e-01 9.24298283e-01 8.01991878e-01
9.24975456e-01 -8.24930184e-02 3.70965102e-01 3.78225623e-02 1.19629294e-01 9.89733996e-01 -7.81959532e-02 -5.20050506e-02 -3.60706272e-01 1.16707633e-01 9.25348038e-01 8.13845420e-01
9.26579639e-01 -8.47670117e-02 3.66421239e-01 4.27504157e-02 1.21375149e-01 9.89536289e-01 -7.80076570e-02 -5.32603387e-02 -3.55974761e-01 1.16754747e-01 9.27172549e-01 8.27190964e-01
9.28679113e-01 -8.67161654e-02 3.60603920e-01 4.76510432e-02 1.22751798e-01 9.89350193e-01 -7.82141789e-02 -5.44420365e-02 -3.49981234e-01 1.16900669e-01 9.29433157e-01 8.40656197e-01
9.30970657e-01 -8.81035632e-02 3.54303768e-01 5.10979492e-02 1.23664077e-01 9.89176933e-01 -7.89649516e-02 -5.53704922e-02 -3.43512135e-01 1.17328720e-01 9.31789664e-01 8.50896951e-01
9.33620516e-01 -8.87763959e-02 3.47089784e-01 5.38466544e-02 1.23863150e-01 9.89052690e-01 -8.02000272e-02 -5.61606631e-02 -3.36170317e-01 1.17868038e-01 9.34395696e-01 8.59600566e-01
9.36312294e-01 -8.98125052e-02 3.39489040e-01 5.63139120e-02 1.24348102e-01 9.88898932e-01 -8.13373277e-02 -5.69675727e-02 -3.28415350e-01 1.18371972e-01 9.37085954e-01 8.67674930e-01
9.39180346e-01 -9.11548439e-02 3.31105657e-01 5.85376156e-02 1.25012033e-01 9.88727656e-01 -8.23951146e-02 -5.77070499e-02 -3.19862720e-01 1.18776073e-01 9.39988715e-01 8.75139203e-01
9.42111024e-01 -9.25375283e-02 3.22278674e-01 6.04787035e-02 1.25726520e-01 9.88528043e-01 -8.36926347e-02 -5.83922623e-02 -3.10836919e-01 1.19366732e-01 9.42937289e-01 8.81913352e-01
9.45126677e-01 -9.39893510e-02 3.12892110e-01 6.25771675e-02 1.26411040e-01 9.88333084e-01 -8.49545722e-02 -5.91532480e-02 -3.01256923e-01 1.19845855e-01 9.45980949e-01 8.89668160e-01
9.48335729e-01 -9.49008057e-02 3.02742552e-01 6.46344175e-02 1.26477085e-01 9.88197864e-01 -8.64163938e-02 -5.99844398e-02 -2.90968687e-01 1.20241754e-01 9.49145852e-01 8.97800672e-01
9.51457879e-01 -9.61729560e-02 2.92367206e-01 6.62837347e-02 1.26914989e-01 9.87999800e-01 -8.80240695e-02 -6.05994679e-02 -2.80393352e-01 1.20856979e-01 9.52245680e-01 9.04669378e-01
9.54824890e-01 -9.74639346e-02 2.80731588e-01 6.80529340e-02 1.27256832e-01 9.87788079e-01 -8.98873561e-02 -6.12689917e-02 -2.68542686e-01 1.21551695e-01 9.55567247e-01 9.12378949e-01
9.57995455e-01 -9.79095175e-02 2.69552282e-01 6.60985087e-02 1.27051042e-01 9.87541651e-01 -9.28374045e-02 -6.02994099e-02 -2.57104587e-01 1.23184701e-01 9.58499641e-01 9.08264347e-01
9.61488024e-01 -9.90372403e-02 2.56383307e-01 6.53347250e-02 1.27273352e-01 9.87215140e-01 -9.59526893e-02 -5.97294933e-02 -2.43602766e-01 1.24888113e-01 9.61800079e-01 9.07707207e-01
9.64900938e-01 -1.00443310e-01 2.42646551e-01 6.69443888e-02 1.27292260e-01 9.87051477e-01 -9.75972091e-02 -6.03580616e-02 -2.29701833e-01 1.25058653e-01 9.65192275e-01 9.16241242e-01
9.68081635e-01 -1.01259716e-01 2.29269419e-01 6.79049840e-02 1.26462598e-01 9.87117138e-01 -9.80106025e-02 -6.11686873e-02 -2.16391437e-01 1.23876252e-01 9.68415294e-01 9.23589528e-01
9.71511769e-01 -1.02307633e-01 2.13770923e-01 6.83724603e-02 1.25741449e-01 9.87107080e-01 -9.90341758e-02 -6.17124246e-02 -2.00883039e-01 1.23092722e-01 9.71850225e-01 9.29338744e-01
9.74430224e-01 -1.03370114e-01 1.99500198e-01 6.91627229e-02 1.25285669e-01 9.87014607e-01 -1.00522468e-01 -6.23744263e-02 -1.86518794e-01 1.22946641e-01 9.74727394e-01 9.36482715e-01
9.77099868e-01 -1.04016379e-01 1.85624354e-01 6.97057266e-02 1.24530117e-01 9.86908410e-01 -1.02484605e-01 -6.28829786e-02 -1.72534373e-01 1.23253511e-01 9.77260999e-01 9.43028307e-01
9.79481987e-01 -1.04823404e-01 1.72125062e-01 7.03900197e-02 1.23931449e-01 9.86795653e-01 -1.04280351e-01 -6.34697102e-02 -1.58921460e-01 1.23472431e-01 9.79539227e-01 9.50560536e-01
9.81459782e-01 -1.05910916e-01 1.59748162e-01 7.09306314e-02 1.23730511e-01 9.86632222e-01 -1.06050151e-01 -6.40398794e-02 -1.46381043e-01 1.23849683e-01 9.81444001e-01 9.57705414e-01
9.83270024e-01 -1.06703286e-01 1.47629307e-01 7.18364072e-02 1.23239582e-01 9.86503968e-01 -1.07800269e-01 -6.50518899e-02 -1.34134492e-01 1.24190546e-01 9.83149590e-01 9.67738565e-01
9.84944024e-01 -1.08097493e-01 1.34907901e-01 7.31137385e-02 1.23303299e-01 9.86257351e-01 -1.09962534e-01 -6.62904814e-02 -1.21167472e-01 1.24941531e-01 9.84736786e-01 9.80090001e-01
9.86423871e-01 -1.09617808e-01 1.22277505e-01 7.42960825e-02 1.23445751e-01 9.86020141e-01 -1.11912506e-01 -6.75587470e-02 -1.08300722e-01 1.25487809e-01 9.86165410e-01 9.92914534e-01
9.87924613e-01 -1.10517753e-01 1.08584945e-01 7.48005188e-02 1.22801865e-01 9.85879407e-01 -1.13843697e-01 -6.87008758e-02 -9.44701612e-02 1.25803421e-01 9.87546118e-01 1.00358734e+00
9.89342849e-01 -1.10981338e-01 9.42538449e-02 7.49175740e-02 1.21625398e-01 9.85783788e-01 -1.15915887e-01 -6.96884865e-02 -8.00496624e-02 1.26144210e-01 9.88776107e-01 1.01221770e+00
9.90644696e-01 -1.11377764e-01 7.88540899e-02 7.48639762e-02 1.20276549e-01 9.85589723e-01 -1.18934275e-01 -7.06847692e-02 -6.44714002e-02 1.27305903e-01 9.89765196e-01 1.02070533e+00
9.91649057e-01 -1.12062495e-01 6.38280163e-02 7.47910715e-02 1.19201333e-01 9.85349307e-01 -1.21969777e-01 -7.16605765e-02 -4.92249128e-02 1.28559596e-01 9.90478555e-01 1.02931477e+00
9.92460627e-01 -1.12616948e-01 4.83656347e-02 7.42985521e-02 1.17848215e-01 9.85238600e-01 -1.24159438e-01 -7.22190392e-02 -3.36694948e-02 1.28923153e-01 9.91082051e-01 1.03544908e+00
9.93023961e-01 -1.13314006e-01 3.26060333e-02 7.38029181e-02 1.16565156e-01 9.85076738e-01 -1.26630104e-01 -7.31322551e-02 -1.77707457e-02 1.29547457e-01 9.91413151e-01 1.04352478e+00
9.93337483e-01 -1.14136298e-01 1.59162034e-02 7.32912464e-02 1.15237608e-01 9.84809479e-01 -1.29881953e-01 -7.46940457e-02 -8.50449803e-04 1.30850761e-01 9.91400873e-01 1.05512097e+00
9.93332653e-01 -1.15268500e-01 -1.78976559e-03 7.26889518e-02 1.14006024e-01 9.84519352e-01 -1.33127684e-01 -7.62288481e-02 1.71072188e-02 1.32036032e-01 9.91096446e-01 1.06623052e+00
9.93005722e-01 -1.16003481e-01 -2.19673857e-02 7.17570109e-02 1.11952713e-01 9.84244623e-01 -1.36849404e-01 -7.81762952e-02 3.74960191e-02 1.33432934e-01 9.90347420e-01 1.07933042e+00
9.92260664e-01 -1.17047401e-01 -4.14539790e-02 7.08438438e-02 1.10186461e-01 9.83908641e-01 -1.40646515e-01 -8.01836626e-02 5.72489652e-02 1.34990339e-01 9.89190846e-01 1.09311623e+00
9.90876835e-01 -1.18593722e-01 -6.40188602e-02 6.92294209e-02 1.08366278e-01 9.83525524e-01 -1.44682609e-01 -8.32812318e-02 8.01223559e-02 1.36425161e-01 9.87404165e-01 1.11318740e+00
9.88736806e-01 -1.19848452e-01 -8.96418648e-02 6.66182747e-02 1.05671954e-01 9.83183057e-01 -1.48940584e-01 -8.68228378e-02 1.05984385e-01 1.37790413e-01 9.84773806e-01 1.13489553e+00
9.85810804e-01 -1.21307023e-01 -1.16023455e-01 6.35796613e-02 1.02841660e-01 9.82751226e-01 -1.53695680e-01 -8.97664764e-02 1.32666283e-01 1.39582825e-01 9.81282115e-01 1.15222953e+00
9.81436053e-01 -1.23265789e-01 -1.46930906e-01 6.11643374e-02 9.95662986e-02 9.82247210e-01 -1.58983702e-01 -9.14503034e-02 1.63919437e-01 1.41402974e-01 9.76285814e-01 1.16226976e+00
9.74824076e-01 -1.26552049e-01 -1.83582405e-01 5.95632083e-02 9.64057966e-02 9.81611042e-01 -1.64755959e-01 -9.20549722e-02 2.01056437e-01 1.42909674e-01 9.69098264e-01 1.16592069e+00
9.65147036e-01 -1.29114513e-01 -2.27641261e-01 5.67270038e-02 9.08900568e-02 9.81054274e-01 -1.71085755e-01 -9.33800825e-02 2.45417793e-01 1.44432588e-01 9.58596703e-01 1.17120708e+00
9.57164435e-01 -1.32139888e-01 -2.57633871e-01 5.48927071e-02 8.70126905e-02 9.79931948e-01 -1.79334922e-01 -9.38406482e-02 2.76160647e-01 1.49235591e-01 9.49453758e-01 1.17131692e+00
9.48940191e-01 -1.35794559e-01 -2.84731951e-01 5.33573831e-02 8.39997828e-02 9.78789090e-01 -1.86854951e-01 -9.41954268e-02 3.04066100e-01 1.53396742e-01 9.40218961e-01 1.17069243e+00
9.45508079e-01 -1.36173964e-01 -2.95755141e-01 4.94256614e-02 8.11964328e-02 9.78257030e-01 -1.90838142e-01 -9.60437721e-02 3.15311422e-01 1.56424737e-01 9.36006645e-01 1.17710559e+00
9.42358434e-01 -1.35988586e-01 -3.05724716e-01 4.42826690e-02 7.82704299e-02 9.77926933e-01 -1.93730502e-01 -9.90645906e-02 3.25321261e-01 1.58634368e-01 9.32201478e-01 1.18850278e+00
9.36834634e-01 -1.33650695e-01 -3.23230960e-01 4.41029786e-02 7.23485239e-02 9.78176593e-01 -1.94769328e-01 -9.77672180e-02 3.42207709e-01 1.59081374e-01 9.26059036e-01 1.18223051e+00
9.27514452e-01 -1.33835280e-01 -3.49005634e-01 4.34445994e-02 6.69459339e-02 9.78083002e-01 -1.97156660e-01 -9.68748669e-02 3.67742678e-01 1.59501152e-01 9.16145752e-01 1.17585758e+00
9.17655958e-01 -1.32360911e-01 -3.74683814e-01 4.47161136e-02 6.11648873e-02 9.78706592e-01 -1.95936562e-01 -9.48846055e-02 3.92639543e-01 1.56884878e-01 9.06211675e-01 1.16618637e+00
9.10277439e-01 -1.32665758e-01 -3.92166498e-01 4.89543411e-02 5.90111657e-02 9.79171032e-01 -1.94269562e-01 -9.17254789e-02 4.09770661e-01 1.53697021e-01 8.99145982e-01 1.15285956e+00
8.99529431e-01 -1.31968557e-01 -4.16450374e-01 5.20415639e-02 5.23341007e-02 9.78968223e-01 -1.97183273e-01 -8.88876733e-02 4.33713331e-01 1.55577618e-01 8.87517139e-01 1.13913337e+00
8.83791608e-01 -1.29611326e-01 -4.49569923e-01 5.50732756e-02 4.09303152e-02 9.78597934e-01 -2.01667373e-01 -8.61316296e-02 4.66086223e-01 1.59830913e-01 8.70181606e-01 1.12656152e+00
8.67584749e-01 -1.28346511e-01 -4.80441160e-01 5.65287247e-02 2.98633749e-02 9.77822790e-01 -2.07291193e-01 -8.46713889e-02 4.96391094e-01 1.65495096e-01 8.52176948e-01 1.11824416e+00
8.44977939e-01 -1.26562683e-01 -5.19609538e-01 5.49418415e-02 1.67980645e-02 9.77395028e-01 -2.10750232e-01 -8.44424356e-02 5.34536589e-01 1.69350865e-01 8.28003169e-01 1.11601608e+00
8.22530981e-01 -1.24111378e-01 -5.55012710e-01 5.47972597e-02 2.74925526e-03 9.76753329e-01 -2.14346327e-01 -8.36309403e-02 5.68712997e-01 1.74780624e-01 8.03750985e-01 1.11211288e+00
8.02575305e-01 -1.21384946e-01 -5.84070666e-01 5.75398448e-02 -1.00557279e-02 9.76187099e-01 -2.16694645e-01 -8.16868917e-02 5.96465388e-01 1.79787020e-01 7.82242972e-01 1.10521885e+00
7.84247059e-01 -1.18151873e-01 -6.09095021e-01 5.98089936e-02 -2.32424071e-02 9.75416710e-01 -2.19136890e-01 -7.98639336e-02 6.20012598e-01 1.86014272e-01 7.62221446e-01 1.09925719e+00
7.67039555e-01 -1.14871276e-01 -6.31232938e-01 6.31089259e-02 -3.59262066e-02 9.74608122e-01 -2.21014115e-01 -7.76379362e-02 6.40592653e-01 1.92204338e-01 7.43435969e-01 1.09249487e+00
7.51666810e-01 -1.12832721e-01 -6.49819832e-01 7.19565293e-02 -4.65835821e-02 9.73713885e-01 -2.22957507e-01 -7.34425075e-02 6.57895271e-01 1.97860660e-01 7.26652177e-01 1.08020570e+00
7.37143986e-01 -1.10763019e-01 -6.66596089e-01 8.05111989e-02 -5.71497403e-02 9.72720584e-01 -2.24827527e-01 -6.94938424e-02 6.73314053e-01 2.03826018e-01 7.10704984e-01 1.06904815e+00
7.24768747e-01 -1.09124335e-01 -6.80295663e-01 8.74350051e-02 -6.64169218e-02 9.71713440e-01 -2.26628810e-01 -6.61323370e-02 6.85782876e-01 2.09436584e-01 6.97019802e-01 1.06038333e+00
7.13762274e-01 -1.07356764e-01 -6.92111238e-01 9.09669579e-02 -7.48116721e-02 9.70842238e-01 -2.27744223e-01 -6.39657493e-02 6.96380387e-01 2.14333202e-01 6.84919014e-01 1.05492638e+00
7.03933502e-01 -1.05758964e-01 -7.02347977e-01 9.55740690e-02 -8.20196638e-02 9.70132322e-01 -2.28286685e-01 -6.15633489e-02 7.05513570e-01 2.18304947e-01 6.74234353e-01 1.04899322e+00
6.96007423e-01 -1.04649348e-01 -7.10367683e-01 1.01693783e-01 -8.76346751e-02 9.69545264e-01 -2.28693937e-01 -5.89004539e-02 7.12666021e-01 2.21425465e-01 6.65639816e-01 1.04251702e+00
6.89037034e-01 -1.03928782e-01 -7.17235577e-01 1.08512236e-01 -9.22191640e-02 9.69045246e-01 -2.29010178e-01 -5.60386949e-02 7.18834194e-01 2.23939290e-01 6.58123911e-01 1.03545588e+00
6.82921829e-01 -1.03318126e-01 -7.23148143e-01 1.16978339e-01 -9.62758409e-02 9.68581003e-01 -2.29304314e-01 -5.27324407e-02 7.24118590e-01 2.26218541e-01 6.51518167e-01 1.02726788e+00
6.80247271e-01 -1.03824564e-01 -7.25592295e-01 1.30409486e-01 -9.73326248e-02 9.68355147e-01 -2.29811497e-01 -4.79436702e-02 7.26490832e-01 2.26952376e-01 6.48615554e-01 1.01508703e+00
6.79690156e-01 -1.04376167e-01 -7.26035075e-01 1.41434056e-01 -9.72433121e-02 9.68263399e-01 -2.30235539e-01 -4.37536256e-02 7.27024030e-01 2.27090827e-01 6.47969311e-01 1.00518641e+00
6.84340635e-01 -1.05669007e-01 -7.21465157e-01 1.50793396e-01 -9.42651176e-02 9.68318806e-01 -2.31238972e-01 -4.00975482e-02 7.23042827e-01 2.26255168e-01 6.52699074e-01 9.96974353e-01
6.77595283e-01 -1.06570206e-01 -7.27672674e-01 1.52484035e-01 -9.63995127e-02 9.68037190e-01 -2.31538049e-01 -3.91635703e-02 7.29088989e-01 2.27036314e-01 6.45664189e-01 9.94757357e-01
6.80026878e-01 -9.47552187e-02 -7.27038525e-01 1.55328403e-01 -9.34826224e-02 9.72314280e-01 -2.14160173e-01 -3.82842246e-02 7.27202487e-01 2.13600055e-01 6.52341984e-01 9.92448613e-01
6.88027595e-01 -9.16909907e-02 -7.19868637e-01 1.64457794e-01 -9.11085160e-02 9.73221485e-01 -2.11039834e-01 -3.47452021e-02 7.19941830e-01 2.10787318e-01 6.61249512e-01 9.84567834e-01
6.90938749e-01 -9.34388891e-02 -7.16849260e-01 1.77000848e-01 -9.03009838e-02 9.72688898e-01 -2.13823978e-01 -3.02158613e-02 7.17250527e-01 2.12471398e-01 6.63630932e-01 9.72855040e-01
6.97837959e-01 -9.20344520e-02 -7.10318142e-01 1.89631728e-01 -8.80508247e-02 9.73164477e-01 -2.12594900e-01 -2.53735315e-02 7.10822159e-01 2.10900825e-01 6.71007529e-01 9.61514858e-01
7.06397841e-01 -8.99979571e-02 -7.02070114e-01 2.02429273e-01 -8.55248188e-02 9.73763055e-01 -2.10878336e-01 -2.03508797e-02 7.02628263e-01 2.09008365e-01 6.80167185e-01 9.49693403e-01
7.13964014e-01 -8.79086802e-02 -6.94641993e-01 2.12829240e-01 -8.35466081e-02 9.74302878e-01 -2.09171196e-01 -1.61488139e-02 6.95179334e-01 2.07375628e-01 6.88272822e-01 9.39955497e-01
7.20686345e-01 -8.53661773e-02 -6.87985329e-01 2.20077359e-01 -8.25056639e-02 9.74774588e-01 -2.07378882e-01 -1.31026070e-02 6.88333453e-01 2.06217758e-01 6.95463648e-01 9.33114903e-01
7.27573834e-01 -8.33134769e-02 -6.80951666e-01 2.20642069e-01 -8.13442295e-02 9.75118419e-01 -2.06218137e-01 -1.23587814e-02 6.81188910e-01 2.05430360e-01 7.02693685e-01 9.32915686e-01
7.34163876e-01 -8.18472689e-02 -6.74021077e-01 2.21685315e-01 -8.00294462e-02 9.75355731e-01 -2.05609409e-01 -1.14772097e-02 6.74238533e-01 2.04892487e-01 7.09520855e-01 9.32268264e-01
