1.00000000e+00 0.00000000e+00 0.00000000e+00 0.00000000e+00 0.00000000e+00 1.00000000e+00 0.00000000e+00 0.00000000e+00 0.00000000e+00 0.00000000e+00 1.00000000e+00 0.00000000e+00
9.99999979e-01 -8.53120304e-06 1.45361720e-04 -2.37562560e-04 8.55786542e-06 9.99999966e-01 -1.83422527e-04 1.38932856e-04 -1.45360157e-04 1.83423774e-04 9.99999945e-01 -1.65702466e-03
9.99999935e-01 -1.02735235e-05 2.93053637e-04 -4.72631783e-04 1.03811977e-05 9.99999899e-01 -3.67422769e-04 2.81333000e-04 -2.93049853e-04 3.67425802e-04 9.99999834e-01 -3.31655611e-03
9.99934096e-01 -7.15060296e-04 1.14521994e-02 -2.32650696e-05 7.34406643e-04 9.99998281e-01 -1.68519876e-03 9.06849433e-04 -1.14509743e-02 1.69349835e-03 9.99932934e-01 -1.23187758e-02
9.99873547e-01 -1.30141477e-04 1.58988150e-02 2.32604529e-05 1.64788089e-04 9.99997594e-01 -2.17790797e-03 1.59011518e-03 -1.58984927e-02 2.18025258e-03 9.99871170e-01 -2.58607507e-02
9.99894020e-01 8.04530946e-04 1.45332354e-02 -2.01683458e-04 -7.66900080e-04 9.99996278e-01 -2.59469370e-03 2.02934424e-03 -1.45352691e-02 2.58327319e-03 9.99890951e-01 -3.82624921e-02
9.99921615e-01 2.31514650e-03 1.23030316e-02 -5.08593630e-04 -2.27476414e-03 9.99991918e-01 -3.29530545e-03 2.64240099e-03 -1.23105616e-02 3.26706057e-03 9.99918824e-01 -5.52110258e-02
9.99926114e-01 2.87787121e-03 1.18106794e-02 -8.08284275e-04 -2.83248210e-03 9.99988525e-01 -3.85799163e-03 3.18060058e-03 -1.18216466e-02 3.82425297e-03 9.99922767e-01 -6.90170351e-02
9.99932211e-01 3.68332959e-03 1.10444052e-02 -1.11575537e-03 -3.63629464e-03 9.99984175e-01 -4.27578712e-03 3.71417294e-03 -1.10599801e-02 4.23533645e-03 9.99929801e-01 -8.39052408e-02
9.99874903e-01 5.18067767e-03 1.49426422e-02 -1.35480474e-03 -5.08639536e-03 9.99966869e-01 -6.34073719e-03 4.51722681e-03 -1.49749973e-02 6.26393976e-03 9.99868166e-01 -1.01054674e-01
9.99837304e-01 6.15575288e-03 1.69540246e-02 -1.54908799e-03 -6.01925832e-03 9.99949073e-01 -8.09016179e-03 5.13507389e-03 -1.70029637e-02 7.98679501e-03 9.99823420e-01 -1.12023331e-01
9.99828677e-01 8.25111941e-03 1.65674813e-02 -1.77514400e-03 -7.95576518e-03 9.99809557e-01 -1.78147943e-02 6.33522875e-03 -1.67113192e-02 1.76799359e-02 9.99703932e-01 -1.35086384e-01
9.99942829e-01 8.85005572e-03 5.99660649e-03 -2.11360085e-03 -8.67900050e-03 9.99570837e-01 -2.79748245e-02 7.99311077e-03 -6.24161172e-03 2.79211815e-02 9.99590577e-01 -1.53262257e-01
9.99961390e-01 8.23847679e-03 -3.05777256e-03 -2.01577720e-03 -8.33462619e-03 9.99424078e-01 -3.28901852e-02 8.93538742e-03 2.78504654e-03 3.29143997e-02 9.99454257e-01 -1.62990281e-01
9.99928985e-01 7.45950693e-03 -9.29648967e-03 -1.84541985e-03 -7.79076916e-03 9.99316883e-01 -3.61214302e-02 9.70493719e-03 9.02069184e-03 3.61912904e-02 9.99304113e-01 -1.70787869e-01
9.99669741e-01 4.37366841e-03 -2.53247448e-02 -1.67290730e-03 -5.56900784e-03 9.98863925e-01 -4.73239479e-02 1.18089365e-02 2.50889944e-02 4.74493510e-02 9.98558489e-01 -1.91800445e-01
9.99187140e-01 3.15177600e-03 -4.01892362e-02 -1.59440945e-03 -5.27974688e-03 9.98582831e-01 -5.29530645e-02 1.30833655e-02 3.99653893e-02 5.31222074e-02 9.97787914e-01 -2.00939302e-01
9.98680055e-01 1.42716436e-03 -5.13435148e-02 -1.31477051e-03 -4.32368987e-03 9.98401641e-01 -5.63478617e-02 1.40631700e-02 5.11810355e-02 5.64954763e-02 9.97090141e-01 -2.08896594e-01
9.98273774e-01 6.45199385e-04 -5.87290695e-02 -8.62420631e-04 -4.11655936e-03 9.98248916e-01 -5.90062391e-02 1.49021862e-02 5.85881634e-02 5.91461378e-02 9.96528579e-01 -2.16212292e-01
9.97135618e-01 -4.43342183e-04 -7.56331130e-02 -1.33329608e-04 -4.50863674e-03 9.97855914e-01 -6.52903431e-02 1.64039248e-02 7.54999017e-02 6.54443268e-02 9.94995906e-01 -2.30942083e-01
9.95514418e-01 -2.60166444e-03 -9.45741161e-02 1.12755068e-04 -4.02107205e-03 9.97554886e-01 -6.97689446e-02 1.77481045e-02 9.45243948e-02 6.98362800e-02 9.93070035e-01 -2.39298700e-01
9.92885815e-01 -5.03763936e-03 -1.18963853e-01 6.73192926e-04 -3.79342627e-03 9.97258955e-01 -7.38902419e-02 1.93430125e-02 1.19010020e-01 7.38158536e-02 9.90145376e-01 -2.51116445e-01
9.91410964e-01 -6.68447258e-03 -1.30612763e-01 1.12027162e-03 -3.25621319e-03 9.97121613e-01 -7.57466154e-02 2.03975420e-02 1.30743155e-01 7.55213289e-02 9.88535681e-01 -2.57665815e-01
9.85726756e-01 -9.72563749e-03 -1.68072162e-01 2.70199489e-03 -3.34860103e-03 9.96999636e-01 -7.73314248e-02 2.23741270e-02 1.68320012e-01 7.67904616e-02 9.82736803e-01 -2.74274721e-01
9.79453960e-01 -1.18917202e-02 -2.01317054e-01 3.48528873e-03 -3.89871851e-03 9.96956660e-01 -7.78579885e-02 2.38014784e-02 2.01630279e-01 7.70431991e-02 9.76426920e-01 -2.85372152e-01
9.76620576e-01 -1.37543634e-02 -2.14529787e-01 3.92347196e-03 -3.22194679e-03 9.96902174e-01 -7.85828896e-02 2.47161230e-02 2.14946108e-01 7.74368777e-02 9.73551039e-01 -2.90252359e-01
9.74087752e-01 -1.51517862e-02 -2.25662082e-01 3.60716790e-03 -2.73362577e-03 9.96891610e-01 -7.87348762e-02 2.52317424e-02 2.26153659e-01 7.73115640e-02 9.71018692e-01 -2.91030423e-01
9.64599431e-01 -1.32332319e-02 -2.63386971e-01 2.43614433e-03 -5.59516905e-03 9.97488247e-01 -7.06074717e-02 2.50831724e-02 2.63659819e-01 6.95816274e-02 9.62102815e-01 -2.93110772e-01
9.61162356e-01 -1.36139383e-02 -2.75647320e-01 1.60967131e-03 -5.45026333e-03 9.97651177e-01 -6.82776394e-02 2.53213945e-02 2.75929468e-01 6.71282501e-02 9.58830863e-01 -2.92418068e-01
9.59508514e-01 -1.33565356e-02 -2.81362507e-01 1.15531294e-03 -5.62813278e-03 9.97766363e-01 -6.65580628e-02 2.56730934e-02 2.81623099e-01 6.54465736e-02 9.57290501e-01 -2.91377806e-01
9.57073850e-01 -1.30784897e-02 -2.89548674e-01 8.87513165e-04 -5.91090589e-03 9.97892688e-01 -6.46112481e-02 2.60422372e-02 2.89783605e-01 6.35492335e-02 9.54980002e-01 -2.90995777e-01
9.49624603e-01 -9.75645297e-03 -3.13237525e-01 -5.78417883e-04 -8.74698603e-03 9.98300473e-01 -5.76119435e-02 2.56749604e-02 3.13267324e-01 5.74496074e-02 9.47925628e-01 -2.90205895e-01
9.46359087e-01 -1.01226144e-02 -3.22957900e-01 -1.02578721e-03 -8.65886134e-03 9.98355447e-01 -5.66648351e-02 2.60778797e-02 3.23000451e-01 5.64217358e-02 9.44715355e-01 -2.90322614e-01
9.36852830e-01 -1.02475924e-02 -3.49573280e-01 -1.06117883e-03 -1.00931926e-02 9.98361687e-01 -5.63161932e-02 2.68541690e-02 3.49577762e-01 5.62883048e-02 9.35214821e-01 -2.94464307e-01
9.29187459e-01 -1.06075925e-02 -3.69456176e-01 -1.22841349e-03 -1.10363744e-02 9.98345848e-01 -5.64204993e-02 2.75623753e-02 3.69443611e-01 5.65026890e-02 9.27533600e-01 -2.96881699e-01
9.14182634e-01 -1.07560230e-02 -4.05159428e-01 1.06056594e-03 -1.35325012e-02 9.98280167e-01 -5.70360581e-02 2.87216972e-02 4.05076197e-01 5.76242068e-02 9.12465033e-01 -3.06683932e-01
8.99776753e-01 -1.42329720e-02 -4.36117994e-01 5.89479647e-03 -1.47514091e-02 9.97904168e-01 -6.30015576e-02 3.04565617e-02 4.36100751e-01 6.31207070e-02 8.97681250e-01 -3.19648136e-01
8.76111516e-01 -1.85162507e-02 -4.81752438e-01 1.07986899e-02 -1.73947949e-02 9.97397240e-01 -6.99691955e-02 3.20417913e-02 4.81794240e-01 6.96808233e-02 8.73509316e-01 -3.32253314e-01
8.62571227e-01 -2.43628247e-02 -5.05348368e-01 1.53284533e-02 -1.62294700e-02 9.96993233e-01 -7.57668237e-02 3.36939318e-02 5.05674904e-01 7.35558387e-02 8.59582515e-01 -3.41916220e-01
8.36644671e-01 -3.00460209e-02 -5.46920996e-01 1.89120467e-02 -1.84451749e-02 9.96382428e-01 -8.29541698e-02 3.51569363e-02 5.47435030e-01 7.94912419e-02 8.33064026e-01 -3.50400598e-01
8.26580664e-01 -3.42508829e-02 -5.61774713e-01 1.98308190e-02 -1.66454408e-02 9.96221979e-01 -8.52303790e-02 3.59610108e-02 5.62571669e-01 7.98008020e-02 8.22887893e-01 -3.52849927e-01
8.18559268e-01 -3.73951032e-02 -5.73203208e-01 2.03643275e-02 -1.50407744e-02 9.96141003e-01 -8.64659350e-02 3.66401169e-02 5.74224790e-01 7.93989394e-02 8.14838176e-01 -3.54537141e-01
8.10668154e-01 -3.99612752e-02 -5.84140231e-01 2.08845907e-02 -1.37175816e-02 9.96097836e-01 -8.71806691e-02 3.72317187e-02 5.85344806e-01 7.86876128e-02 8.06956799e-01 -3.56161243e-01
8.11285536e-01 -4.11649874e-02 -5.83198822e-01 2.30942016e-02 -1.19351000e-02 9.96143988e-01 -8.69155051e-02 3.76606225e-02 5.84527988e-01 7.74738537e-02 8.07666065e-01 -3.58986885e-01
8.11631429e-01 -4.08012013e-02 -5.82742932e-01 2.37362980e-02 -1.19600532e-02 9.96187946e-01 -8.64065597e-02 3.80287876e-02 5.84047106e-01 7.70999403e-02 8.08049632e-01 -3.60059420e-01
8.11569868e-01 -3.79091599e-02 -5.83023894e-01 2.47622904e-02 -1.01675203e-02 9.96825020e-01 -7.89683663e-02 3.84974129e-02 5.84166587e-01 7.00162766e-02 8.08607887e-01 -3.61040682e-01
8.11342767e-01 -3.67810403e-02 -5.83412126e-01 2.52654686e-02 -9.63384916e-03 9.97041518e-01 -7.62558171e-02 3.87958448e-02 5.84491033e-01 6.74901326e-02 8.08588228e-01 -3.62099249e-01
8.08748823e-01 -3.33531177e-02 -5.87207415e-01 2.54435926e-02 -9.74119251e-03 9.97494019e-01 -7.00735478e-02 3.90476547e-02 5.88073204e-01 6.23920193e-02 8.06397399e-01 -3.62877383e-01
8.06920625e-01 -3.03061316e-02 -5.89881619e-01 2.52073231e-02 -9.83489934e-03 9.97854762e-01 -6.47199289e-02 3.92454100e-02 5.90577729e-01 5.80252876e-02 8.04891725e-01 -3.63213731e-01
8.07166049e-01 -2.91325593e-02 -5.89604871e-01 2.61235958e-02 -1.04388245e-02 9.97920744e-01 -6.35982645e-02 3.95609269e-02 5.90231825e-01 5.74891589e-02 8.05183861e-01 -3.64957510e-01
8.07943541e-01 -2.83987901e-02 -5.88574911e-01 2.62857681e-02 -1.10107494e-02 9.97935800e-01 -6.32650621e-02 3.98741343e-02 5.89156740e-01 5.75952658e-02 8.05963280e-01 -3.65442618e-01
8.17563639e-01 -2.41939564e-02 -5.75329553e-01 2.55840307e-02 -1.20274754e-02 9.98181295e-01 -5.90673249e-02 3.99919002e-02 5.75712421e-01 5.52110704e-02 8.15785924e-01 -3.63813080e-01
8.21593715e-01 -2.33316325e-02 -5.69595566e-01 2.56445856e-02 -1.26931658e-02 9.98165474e-01 -5.91954214e-02 4.04019361e-02 5.69931904e-01 5.58645717e-02 8.19790494e-01 -3.63835361e-01
8.22998205e-01 -2.31546993e-02 -5.67571649e-01 2.60757335e-02 -1.28376861e-02 9.98155296e-01 -5.93358959e-02 4.08547059e-02 5.67898709e-01 5.61196551e-02 8.21182903e-01 -3.64531505e-01
8.23269688e-01 -2.31835683e-02 -5.67176617e-01 2.70243740e-02 -1.27998535e-02 9.98153208e-01 -5.93791732e-02 4.10843971e-02 5.67505938e-01 5.61448630e-02 8.21452672e-01 -3.66262212e-01
8.23631591e-01 -2.31491005e-02 -5.66652314e-01 2.80684232e-02 -1.28001442e-02 9.98153036e-01 -5.93819884e-02 4.13223320e-02 5.66980525e-01 5.61621276e-02 8.21814200e-01 -3.68106395e-01
8.23491253e-01 -2.35736474e-02 -5.66838718e-01 2.86589065e-02 -1.25039428e-02 9.98139283e-01 -5.96759913e-02 4.14873916e-02 5.67190913e-01 5.62303936e-02 8.21664326e-01 -3.69404393e-01
8.21377462e-01 -2.56037405e-02 -5.69809845e-01 2.98383282e-02 -1.18299516e-02 9.98012211e-01 -6.18973029e-02 4.19390821e-02 5.70262142e-01 5.75818879e-02 8.19441945e-01 -3.71114083e-01
8.20252863e-01 -2.68145094e-02 -5.71372030e-01 3.06591186e-02 -1.13450203e-02 9.97941239e-01 -6.31201405e-02 4.21414720e-02 5.71888409e-01 5.82567164e-02 8.18260056e-01 -3.72546381e-01
8.18475500e-01 -2.80337373e-02 -5.73856885e-01 3.09652387e-02 -1.07363321e-02 9.97887980e-01 -6.40611803e-02 4.24467685e-02 5.74440925e-01 5.85936367e-02 8.16446035e-01 -3.73245510e-01
8.18535536e-01 -2.82570984e-02 -5.73760256e-01 3.16561653e-02 -1.05517076e-02 9.97881142e-01 -6.41978400e-02 4.24911410e-02 5.74358757e-01 5.86023766e-02 8.16503192e-01 -3.74694534e-01
8.18550400e-01 -2.86811846e-02 -5.73718031e-01 3.25657279e-02 -1.02816787e-02 9.97860991e-01 -6.45541877e-02 4.25650506e-02 5.74342511e-01 5.87396535e-02 8.16504761e-01 -3.76403925e-01
8.18599076e-01 -2.88079560e-02 -5.73642179e-01 3.31340469e-02 -1.00385159e-02 9.97870966e-01 -6.44376227e-02 4.26135872e-02 5.74277377e-01 5.85071079e-02 8.16567246e-01 -3.77695851e-01
8.22757583e-01 -2.67369953e-02 -5.67762907e-01 3.89658047e-02 -1.09188900e-02 9.97964922e-01 -6.28187876e-02 4.35530381e-02 5.68287247e-01 5.78839909e-02 8.20791466e-01 -3.88575712e-01
8.23271310e-01 -3.47958355e-02 -5.66580344e-01 4.67859796e-02 -1.27825481e-02 9.96729692e-01 -7.97866455e-02 4.58278049e-02 5.67503898e-01 7.29284114e-02 8.20134387e-01 -3.99229158e-01
8.23236118e-01 -3.50074930e-02 -5.66618448e-01 5.22589451e-02 -1.28287867e-02 9.96694514e-01 -8.02178165e-02 4.68625280e-02 5.67553899e-01 7.33072462e-02 8.20066028e-01 -4.07252231e-01
8.23201593e-01 -3.41118655e-02 -5.66723208e-01 4.80395911e-02 -1.30458853e-02 9.96793056e-01 -7.89483543e-02 4.64211197e-02 5.67598981e-01 7.23838322e-02 8.20116858e-01 -4.01579505e-01
8.31726996e-01 -3.12082269e-02 -5.54306694e-01 5.25796350e-02 -1.11918294e-02 9.97273199e-01 -7.29409762e-02 4.74040329e-02 5.55071716e-01 6.68707023e-02 8.29109973e-01 -4.07655823e-01
8.33930692e-01 -2.84043524e-02 -5.51137405e-01 5.47699341e-02 -1.18149426e-02 9.97526490e-01 -6.92874987e-02 4.81836825e-02 5.51742398e-01 6.42926462e-02 8.31532557e-01 -4.11037820e-01
8.38811201e-01 -1.51294396e-02 -5.44211848e-01 5.49053851e-02 -1.76903560e-02 9.98328167e-01 -5.50208761e-02 4.80260827e-02 5.44134631e-01 5.57794398e-02 8.37141447e-01 -4.11845112e-01
8.39655945e-01 -1.31173767e-02 -5.42959947e-01 5.62776334e-02 -1.80939728e-02 9.98477447e-01 -5.21035021e-02 4.85771051e-02 5.42816901e-01 5.35733281e-02 8.38140421e-01 -4.14009610e-01
8.39922353e-01 -1.11576082e-02 -5.42591617e-01 5.81722301e-02 -1.85087026e-02 9.98617824e-01 -4.91862677e-02 4.90821116e-02 5.42390641e-01 5.13553218e-02 8.38555124e-01 -4.17656225e-01
8.40103289e-01 -1.02984104e-02 -5.42328394e-01 5.96699674e-02 -1.82543467e-02 9.98716340e-01 -4.72420886e-02 4.95515516e-02 5.42118926e-01 4.95880930e-02 8.38837143e-01 -4.20353021e-01
8.40205033e-01 -9.99128016e-03 -5.42176488e-01 6.08111155e-02 -1.79474359e-02 9.98769824e-01 -4.62183685e-02 4.99182916e-02 5.41971467e-01 4.85635936e-02 8.38992342e-01 -4.22405901e-01
8.42383655e-01 -9.37847989e-03 -5.38796298e-01 6.13987598e-02 -1.86911647e-02 9.98738107e-01 -4.66071789e-02 5.03985702e-02 5.38553660e-01 4.93318674e-02 8.41145617e-01 -4.23373081e-01
8.52324278e-01 -2.49456959e-02 -5.22418119e-01 6.30687815e-02 -6.86001845e-03 9.98242471e-01 -5.88586228e-02 5.13932402e-02 5.22968378e-01 5.37504430e-02 8.50655399e-01 -4.24523465e-01
8.54302204e-01 -3.62361676e-02 -5.18511688e-01 7.17656363e-02 -5.19686142e-03 9.96921316e-01 -7.82321805e-02 5.45261522e-02 5.19750333e-01 6.95285698e-02 8.51484042e-01 -4.36873413e-01
8.54212575e-01 -3.76599730e-02 -5.18557848e-01 7.56913020e-02 -5.68639497e-03 9.96636546e-01 -8.17472830e-02 5.53364786e-02 5.19892472e-01 7.27782981e-02 8.51125589e-01 -4.43196880e-01
8.54981770e-01 -3.74400219e-02 -5.17304608e-01 7.41868263e-02 -5.39965681e-03 9.96694233e-01 -8.10602943e-02 5.54062160e-02 5.18629592e-01 7.20983555e-02 8.51953528e-01 -4.40815899e-01
8.56536255e-01 -3.62721016e-02 -5.14810322e-01 7.71764526e-02 -4.24037625e-03 9.96998437e-01 -7.73008374e-02 5.62230569e-02 5.16069138e-01 6.83939676e-02 8.53811800e-01 -4.45270865e-01
8.56739014e-01 -3.53076651e-02 -5.14539907e-01 7.92475088e-02 -3.93557592e-03 9.97177026e-01 -7.49791307e-02 5.68853758e-02 5.15734872e-01 6.62625685e-02 8.54181769e-01 -4.48725494e-01
8.55981747e-01 -2.79550905e-02 -5.16249347e-01 8.06740198e-02 -6.51894601e-03 9.97873805e-01 -6.48441498e-02 5.70641343e-02 5.16964583e-01 5.88708235e-02 8.53979781e-01 -4.51843853e-01
8.51860441e-01 -2.24894277e-02 -5.23285415e-01 8.18015474e-02 -8.33978916e-03 9.98368314e-01 -5.64836501e-02 5.70308274e-02 5.23702067e-01 5.24802844e-02 8.50283223e-01 -4.54454578e-01
8.49607449e-01 -1.58746574e-02 -5.27176233e-01 8.26350222e-02 -1.27511601e-02 9.98636180e-01 -5.06215676e-02 5.73611213e-02 5.27261036e-01 4.97305790e-02 8.48246578e-01 -4.57493516e-01
8.49940116e-01 -1.47276321e-02 -5.26673022e-01 8.42429552e-02 -1.27755915e-02 9.98738973e-01 -4.85453905e-02 5.79636807e-02 5.26723979e-01 4.79892450e-02 8.48680429e-01 -4.60494154e-01
8.50111659e-01 -1.44353740e-02 -5.26404202e-01 8.52865309e-02 -1.26951035e-02 9.98771623e-01 -4.78907609e-02 5.83033458e-02 5.26449025e-01 4.73952600e-02 8.48884410e-01 -4.62553639e-01
8.50173918e-01 -1.41973230e-02 -5.26310097e-01 8.63688626e-02 -1.25931781e-02 9.98801753e-01 -4.72852470e-02 5.86861384e-02 5.26350903e-01 4.68286109e-02 8.48976685e-01 -4.64612038e-01
8.49184251e-01 -1.43079820e-02 -5.27902452e-01 8.71019765e-02 -1.21352679e-02 9.98840005e-01 -4.65928166e-02 5.91042213e-02 5.27956854e-01 4.59721347e-02 8.48025795e-01 -4.66504387e-01
8.60456304e-01 -1.43397922e-02 -5.09321970e-01 9.55002509e-02 -1.09288431e-02 9.98854270e-01 -4.65857663e-02 6.02237750e-02 5.09406540e-01 4.56513291e-02 8.59313995e-01 -4.80678384e-01
8.61155241e-01 -1.62540423e-02 -5.08081619e-01 1.00634690e-01 -1.80170949e-02 9.97884500e-01 -6.24607773e-02 6.20947860e-02 5.08022117e-01 6.29425996e-02 8.59040915e-01 -4.90902445e-01
8.52706978e-01 -1.61491095e-02 -5.22139302e-01 1.04054301e-01 -1.91529631e-02 9.97883240e-01 -6.21420203e-02 6.29320444e-02 5.22037706e-01 6.29894702e-02 8.50593006e-01 -4.99589000e-01
8.51337215e-01 -1.42124432e-02 -5.24425772e-01 1.03053529e-01 -1.74862277e-02 9.98308472e-01 -5.54417462e-02 6.26710444e-02 5.24326779e-01 5.63698665e-02 8.49648971e-01 -4.97998484e-01
8.63930643e-01 -6.81552901e-03 -5.03564072e-01 1.04304750e-01 -2.02659168e-02 9.98627674e-01 -4.82848688e-02 6.28176386e-02 5.03202202e-01 5.19199822e-02 8.62607291e-01 -4.99400771e-01
8.61918324e-01 -5.62422239e-04 -5.07046196e-01 1.05372579e-01 -2.51266171e-02 9.98723050e-01 -4.38200678e-02 6.32683656e-02 5.06423491e-01 5.05096898e-02 8.60803969e-01 -5.03483769e-01
8.55131669e-01 -2.58801705e-04 -5.18410106e-01 1.03717841e-01 -2.51603451e-02 9.98800344e-01 -4.20013112e-02 6.35446562e-02 5.17799163e-01 4.89600456e-02 8.54099736e-01 -5.02473828e-01
8.67636789e-01 1.51170888e-02 -4.96968004e-01 1.07862751e-01 -3.78646103e-02 9.98643601e-01 -3.57289581e-02 6.39465258e-02 4.95753889e-01 4.98172732e-02 8.67032734e-01 -5.09730433e-01
8.74226198e-01 1.99787162e-02 -4.85106868e-01 1.13255999e-01 -4.20072650e-02 9.98518353e-01 -3.45794772e-02 6.49417781e-02 4.83697345e-01 5.06083123e-02 8.73770618e-01 -5.19953708e-01
8.72255157e-01 2.27463467e-02 -4.88521076e-01 1.12623324e-01 -4.50651459e-02 9.98405751e-01 -3.39764856e-02 6.53498095e-02 4.86969475e-01 5.16514527e-02 8.71890086e-01 -5.20830260e-01
8.68929090e-01 2.34483357e-02 -4.94380072e-01 1.11696313e-01 -4.65863270e-02 9.98316891e-01 -3.45308254e-02 6.56923095e-02 4.92738368e-01 5.30362074e-02 8.68559417e-01 -5.20529998e-01
8.60932003e-01 2.44386097e-02 -5.08131987e-01 1.11496179e-01 -4.86439737e-02 9.98223000e-01 -3.44083452e-02 6.64380544e-02 5.06388197e-01 5.43408203e-02 8.60591394e-01 -5.22862268e-01
8.59098831e-01 2.51171350e-02 -5.11192319e-01 1.11642052e-01 -4.96168624e-02 9.98177452e-01 -3.43401872e-02 6.68191078e-02 5.09398179e-01 5.48653898e-02 8.58779801e-01 -5.23920209e-01
8.66771537e-01 2.76941509e-02 -4.97935134e-01 1.10695809e-01 -5.18958225e-02 9.98044724e-01 -3.48274918e-02 6.69766044e-02 4.95997051e-01 5.60282511e-02 8.66514404e-01 -5.21682936e-01
8.67352600e-01 2.91957829e-02 -4.96836334e-01 1.11443601e-01 -5.40255116e-02 9.97901769e-01 -3.56750375e-02 6.72618165e-02 4.94752337e-01 5.77846932e-02 8.67110430e-01 -5.23738654e-01
8.65994967e-01 2.99793697e-02 -4.99152518e-01 1.12446806e-01 -5.50333215e-02 9.97851246e-01 -3.55475276e-02 6.76566499e-02 4.97014312e-01 5.82540199e-02 8.65784441e-01 -5.26090386e-01
8.69659795e-01 3.17419607e-02 -4.92629258e-01 1.11782299e-01 -5.65532669e-02 9.97766345e-01 -3.55461131e-02 6.80277535e-02 4.90400600e-01 5.87728386e-02 8.69512795e-01 -5.24971093e-01
8.71741787e-01 3.23853128e-02 -4.88893415e-01 1.12018341e-01 -5.74255622e-02 9.97689148e-01 -3.63060680e-02 6.83903754e-02 4.86587893e-01 5.97245140e-02 8.71587464e-01 -5.25597871e-01
8.74372595e-01 3.32397885e-02 -4.84114657e-01 1.12102275e-01 -5.84984074e-02 9.97595381e-01 -3.71596949e-02 6.87563323e-02 4.81715408e-01 6.08113749e-02 8.74214902e-01 -5.25870947e-01
8.74430262e-01 3.31524180e-02 -4.84016460e-01 1.12972428e-01 -5.84118499e-02 9.97599034e-01 -3.71976559e-02 6.90275237e-02 4.81621204e-01 6.07990733e-02 8.74267651e-01 -5.27765628e-01
8.71435942e-01 3.08689070e-02 -4.89536403e-01 1.14109270e-01 -5.71927539e-02 9.97604596e-01 -3.89038767e-02 6.95300031e-02 4.87162893e-01 6.19001883e-02 8.71114339e-01 -5.29508668e-01
8.67481282e-01 2.76420843e-02 -4.96700615e-01 1.15896979e-01 -5.53647407e-02 9.97616570e-01 -4.11750638e-02 7.01979513e-02 4.94378668e-01 6.32183184e-02 8.66944418e-01 -5.32207275e-01
8.65281331e-01 2.47494306e-02 -5.00674576e-01 1.17064077e-01 -5.36524459e-02 9.97615378e-01 -4.34095403e-02 7.07299540e-02 4.98406356e-01 6.44239000e-02 8.64546204e-01 -5.33899084e-01
8.58197480e-01 1.83840923e-02 -5.12989729e-01 1.21113999e-01 -5.03786089e-02 9.97550036e-01 -4.85306903e-02 7.20225002e-02 5.10840835e-01 6.74926432e-02 8.57021495e-01 -5.40646584e-01
8.56311175e-01 1.65605432e-02 -5.16194057e-01 1.21863472e-01 -4.96545138e-02 9.97495139e-01 -5.03699181e-02 7.24781221e-02 5.14067049e-01 6.87637046e-02 8.54988936e-01 -5.41928408e-01
8.56292009e-01 1.64666575e-02 -5.16228828e-01 1.22593651e-01 -4.97915424e-02 9.97467776e-01 -5.07742603e-02 7.26508058e-02 5.14085702e-01 6.91814391e-02 8.54943996e-01 -5.43609954e-01
8.63992926e-01 1.78509159e-02 -5.03186807e-01 1.20563662e-01 -5.10627572e-02 9.97324850e-01 -5.22960799e-02 7.21631953e-02 5.00907321e-01 7.08775601e-02 8.62593603e-01 -5.42738339e-01
8.56518682e-01 1.89627256e-02 -5.15766925e-01 1.26950679e-01 -5.36116146e-02 9.97187295e-01 -5.23685381e-02 7.29385043e-02 5.13323323e-01 7.25057443e-02 8.55126623e-01 -5.55813514e-01
8.57057919e-01 1.86585770e-02 -5.14881530e-01 1.23745719e-01 -5.27981802e-02 9.97263155e-01 -5.17470229e-02 7.30289377e-02 5.12506991e-01 7.15350161e-02 8.55697865e-01 -5.50614971e-01
8.57938031e-01 1.79154114e-02 -5.13440129e-01 1.24877371e-01 -5.02548537e-02 9.97525056e-01 -4.91673277e-02 7.35877880e-02 5.11288667e-01 6.79853909e-02 8.56715469e-01 -5.52186608e-01
8.59070232e-01 1.96583140e-02 -5.11479520e-01 1.25672681e-01 -4.83182771e-02 9.97914140e-01 -4.28003154e-02 7.38255026e-02 5.09571391e-01 6.14822905e-02 8.58228686e-01 -5.53579214e-01
8.65581800e-01 3.28493014e-02 -4.99688449e-01 1.27132147e-01 -5.58323291e-02 9.97954991e-01 -3.11100382e-02 7.37369516e-02 4.97644726e-01 5.48270503e-02 8.65646208e-01 -5.57144683e-01
8.68597074e-01 2.75137076e-02 -4.94754069e-01 1.26902187e-01 -4.86000936e-02 9.98373200e-01 -2.98025911e-02 7.34720424e-02 4.93129315e-01 4.99315326e-02 8.68521710e-01 -5.54802083e-01
8.71871473e-01 2.60538762e-02 -4.89040658e-01 1.27618032e-01 -4.55977492e-02 9.98564384e-01 -2.80935933e-02 7.36235446e-02 4.87606705e-01 4.67931512e-02 8.71808313e-01 -5.55031463e-01
8.76452575e-01 2.59936019e-02 -4.80785435e-01 1.28614950e-01 -4.37267810e-02 9.98712106e-01 -2.57169396e-02 7.38086469e-02 4.79497834e-01 4.35628737e-02 8.76460882e-01 -5.55738788e-01
8.78431285e-01 2.85042064e-02 -4.77017175e-01 1.29926970e-01 -4.60801238e-02 9.98619841e-01 -2.51843333e-02 7.43620410e-02 4.75641052e-01 4.41037133e-02 8.78532855e-01 -5.58866227e-01
8.78675935e-01 2.90307708e-02 -4.76534633e-01 1.31213980e-01 -4.69756832e-02 9.98562805e-01 -2.57848158e-02 7.47668034e-02 4.75101290e-01 4.50420326e-02 8.78777311e-01 -5.61677381e-01
8.79547273e-01 2.96144602e-02 -4.74888527e-01 1.32007692e-01 -4.81492844e-02 9.98477180e-01 -2.69120208e-02 7.51709566e-02 4.73368457e-01 4.65359305e-02 8.79634219e-01 -5.63503774e-01
8.83644923e-01 2.76134521e-02 -4.67342226e-01 1.44661667e-01 -5.56789942e-02 9.97372179e-01 -4.63462804e-02 7.85275452e-02 4.64834409e-01 6.69748004e-02 8.82860733e-01 -5.88337916e-01
8.95208110e-01 2.51843349e-02 -4.44935612e-01 1.47478460e-01 -5.19997238e-02 9.97484634e-01 -4.81633520e-02 7.90350344e-02 4.42603533e-01 6.62527540e-02 8.94266369e-01 -5.93755511e-01
8.97511404e-01 2.60062380e-02 -4.40223181e-01 1.47843862e-01 -5.28502061e-02 9.97407625e-01 -4.88271527e-02 7.94584686e-02 4.37812218e-01 6.70888129e-02 8.96559643e-01 -5.94341394e-01
9.02234787e-01 2.96716979e-02 -4.30222636e-01 1.47939373e-01 -5.51804976e-02 9.97372360e-01 -4.69339216e-02 7.97168302e-02 4.27699611e-01 6.60853168e-02 9.01501766e-01 -5.94144517e-01
9.07602326e-01 3.38711227e-02 -4.18461855e-01 1.49102635e-01 -5.64904023e-02 9.97528281e-01 -4.17802109e-02 8.01193655e-02 4.16012405e-01 6.15588947e-02 9.07272779e-01 -5.95982364e-01
9.12753861e-01 3.78407541e-02 -4.06753033e-01 1.51371088e-01 -5.68511587e-02 9.97777500e-01 -3.47495163e-02 8.04886678e-02 4.04534070e-01 5.48421365e-02 9.12876896e-01 -6.00067564e-01
9.13088484e-01 3.94783460e-02 -4.05845309e-01 1.53121306e-01 -5.63065235e-02 9.97974301e-01 -2.96035805e-02 8.08124632e-02 4.03854477e-01 4.98824252e-02 9.13462100e-01 -6.03581519e-01
9.12308414e-01 4.24833634e-02 -4.07293483e-01 1.53100438e-01 -5.77846276e-02 9.98007278e-01 -2.53348209e-02 8.10252380e-02 4.05405555e-01 4.66484715e-02 9.12945715e-01 -6.04596354e-01
9.10048226e-01 4.47900688e-02 -4.12074616e-01 1.52583978e-01 -5.84522380e-02 9.98077246e-01 -2.06040804e-02 8.11705691e-02 4.10359448e-01 4.28373874e-02 9.10916952e-01 -6.04621298e-01
9.06925149e-01 4.56793337e-02 -4.18807364e-01 1.53546870e-01 -5.79725074e-02 9.98178714e-01 -1.66678000e-02 8.15485041e-02 4.17283225e-01 3.93957536e-02 9.07921996e-01 -6.08876861e-01
9.08673136e-01 4.45548459e-02 -4.15123402e-01 1.54857352e-01 -5.97673817e-02 9.97930148e-01 -2.37192100e-02 8.18718289e-02 4.13207355e-01 4.63638430e-02 9.09455756e-01 -6.11135640e-01
9.13385655e-01 4.44217477e-02 -4.04663731e-01 1.56662872e-01 -6.22906541e-02 9.97573321e-01 -3.10911277e-02 8.25068782e-02 4.02300606e-01 5.36049592e-02 9.13936764e-01 -6.13923398e-01
9.24378746e-01 4.74904410e-02 -3.78507588e-01 1.61396899e-01 -6.44811339e-02 9.97394628e-01 -3.23330077e-02 8.32906630e-02 3.75985905e-01 5.42945419e-02 9.25033188e-01 -6.25541045e-01
9.29450518e-01 5.04577324e-02 -3.65479441e-01 1.64780456e-01 -7.29021102e-02 9.96189515e-01 -4.78643758e-02 8.50287329e-02 3.61671630e-01 7.11317927e-02 9.29587903e-01 -6.33570373e-01
9.32169575e-01 5.23603761e-02 -3.58214722e-01 1.69642640e-01 -7.33803566e-02 9.96272981e-01 -4.53295506e-02 8.60673880e-02 3.54506138e-01 6.85407495e-02 9.32538137e-01 -6.44976770e-01
9.37934999e-01 5.64431021e-02 -3.42186604e-01 1.69637293e-01 -7.45786527e-02 9.96409609e-01 -4.00643275e-02 8.61111716e-02 3.38696642e-01 6.30975417e-02 9.38777444e-01 -6.43927019e-01
9.37377021e-01 5.50812610e-02 -3.43932947e-01 1.70223779e-01 -7.16428849e-02 9.96793643e-01 -3.56224737e-02 8.62469811e-02 3.40868030e-01 5.80320304e-02 9.38318164e-01 -6.45098930e-01
9.37932472e-01 5.59594693e-02 -3.42272865e-01 1.71906311e-01 -7.09134506e-02 9.96990174e-01 -3.13229242e-02 8.65903174e-02 3.39489852e-01 5.36505293e-02 9.39078253e-01 -6.49271319e-01
9.40473493e-01 6.66052238e-02 -3.33275998e-01 1.70856163e-01 -7.58640419e-02 9.97007513e-01 -1.48291766e-02 8.57102157e-02 3.31290958e-01 3.92300918e-02 9.42712587e-01 -6.46865435e-01
9.41942365e-01 6.88492422e-02 -3.28639406e-01 1.71840769e-01 -7.66486418e-02 9.96999101e-01 -1.08202941e-02 8.61031608e-02 3.26908186e-01 3.53818368e-02 9.44393401e-01 -6.48899996e-01
9.42351319e-01 6.96050900e-02 -3.27305023e-01 1.72914933e-01 -7.72691201e-02 9.96955099e-01 -1.04535936e-02 8.65431394e-02 3.25580746e-01 3.51415079e-02 9.44860831e-01 -6.53195495e-01
9.40197351e-01 6.87128362e-02 -3.33626953e-01 1.73055178e-01 -7.68093745e-02 9.96983393e-01 -1.11214621e-02 8.70100353e-02 3.31856294e-01 3.60820251e-02 9.42639533e-01 -6.54845083e-01
9.35461721e-01 6.63941730e-02 -3.47134864e-01 1.73240508e-01 -7.52050902e-02 9.97096074e-01 -1.19553717e-02 8.75915593e-02 3.45332983e-01 3.72900824e-02 9.37738976e-01 -6.57562766e-01
9.29688030e-01 6.42416073e-02 -3.62701914e-01 1.73559095e-01 -7.31439970e-02 9.97262031e-01 -1.08502079e-02 8.82085318e-02 3.61011768e-01 3.66167559e-02 9.31842022e-01 -6.61074161e-01
9.21224211e-01 6.30274705e-02 -3.83891871e-01 1.74711698e-01 -6.93953472e-02 9.97585148e-01 -2.74404721e-03 8.85514243e-02 3.82791844e-01 2.91681705e-02 9.23373933e-01 -6.66253604e-01
9.16003456e-01 6.45631843e-02 -3.95940364e-01 1.75404636e-01 -6.77145118e-02 9.97686224e-01 6.02884067e-03 8.86828138e-02 3.95413462e-01 2.12884446e-02 9.18256389e-01 -6.69167135e-01
9.10068275e-01 6.49692775e-02 -4.09333774e-01 1.78595152e-01 -6.33474310e-02 9.97837088e-01 1.75364402e-02 8.88134829e-02 4.09587755e-01 9.97085511e-03 9.12216074e-01 -6.76896690e-01
9.10173930e-01 7.04236640e-02 -4.08195266e-01 1.79913865e-01 -6.15673166e-02 9.97495327e-01 3.48124959e-02 8.88715011e-02 4.09624475e-01 -6.55397741e-03 9.12230562e-01 -6.78320243e-01
9.13428638e-01 6.62194772e-02 -4.01575103e-01 1.84064968e-01 -5.20537624e-02 9.97579470e-01 4.60979266e-02 8.85859847e-02 4.03655624e-01 -2.12037156e-02 9.14665146e-01 -6.86463892e-01
9.16155380e-01 6.72045617e-02 -3.95148499e-01 1.89723638e-01 -5.02694993e-02 9.97324521e-01 5.30688197e-02 8.86565054e-02 3.97657701e-01 -2.87554161e-02 9.17083016e-01 -6.99752949e-01
9.30633108e-01 7.36657809e-02 -3.58461767e-01 1.95824720e-01 -5.79436545e-02 9.96835138e-01 5.44223512e-02 8.85202609e-02 3.61336287e-01 -2.98767088e-02 9.31956650e-01 -7.15115861e-01
9.37194956e-01 8.98382065e-02 -3.37037537e-01 1.95533176e-01 -7.33390339e-02 9.95415134e-01 6.13976797e-02 8.85554323e-02 3.41008053e-01 -3.28236416e-02 9.39487065e-01 -7.18225595e-01
9.53198280e-01 9.19908795e-02 -2.88011001e-01 1.95118851e-01 -7.93401626e-02 9.95311260e-01 5.53195380e-02 8.95795327e-02 2.91749396e-01 -2.98797014e-02 9.56027895e-01 -7.11429247e-01
9.67159427e-01 8.86711743e-02 -2.38200892e-01 1.92262752e-01 -8.11318767e-02 9.95847545e-01 4.12907424e-02 9.05742293e-02 2.40872966e-01 -2.06090956e-02 9.70337724e-01 -6.92799887e-01
9.73996950e-01 9.99561910e-02 -2.03318091e-01 1.91230590e-01 -9.38603836e-02 9.94804007e-01 3.94311736e-02 9.12489347e-02 2.06202928e-01 -1.93223816e-02 9.78318323e-01 -6.88082544e-01
9.76954546e-01 1.01917626e-01 -1.87542444e-01 1.92871199e-01 -9.66198978e-02 9.94625747e-01 3.72002332e-02 9.17046861e-02 1.90325784e-01 -1.82226584e-02 9.81551710e-01 -6.94964956e-01
9.74343261e-01 1.02973260e-01 -2.00128144e-01 1.92825844e-01 -9.71502652e-02 9.94515750e-01 3.87291489e-02 9.18754091e-02 2.03018534e-01 -1.82930368e-02 9.79003876e-01 -7.00204267e-01
9.75541357e-01 1.01560411e-01 -1.94946418e-01 1.93326426e-01 -9.62428531e-02 9.94685245e-01 3.65829984e-02 9.21685146e-02 1.97625588e-01 -1.69260825e-02 9.80131279e-01 -7.01675794e-01
9.77426822e-01 9.91028578e-02 -1.86587684e-01 1.93794318e-01 -9.42042096e-02 9.94938721e-01 3.49621271e-02 9.24617796e-02 1.89108021e-01 -1.65956303e-02 9.81815887e-01 -7.01376464e-01
9.80643208e-01 9.38123807e-02 -1.71865220e-01 1.94807317e-01 -8.92169576e-02 9.95421800e-01 3.42875393e-02 9.27770477e-02 1.74294833e-01 -1.82906046e-02 9.84523494e-01 -7.00510252e-01
9.86562909e-01 9.61688606e-02 -1.32078310e-01 1.96469455e-01 -9.21594393e-02 9.95087593e-01 3.61550902e-02 9.30932671e-02 1.34906324e-01 -2.34970636e-02 9.90579581e-01 -7.04766182e-01
9.90271015e-01 1.00736558e-01 -9.59947289e-02 1.96910479e-01 -9.74009435e-02 9.94487239e-01 3.88337992e-02 9.32992199e-02 9.93773481e-02 -2.91060654e-02 9.94623931e-01 -6.98413825e-01
9.93332204e-01 1.01034228e-01 -5.55217492e-02 1.98206642e-01 -9.91271857e-02 9.94419795e-01 3.60966649e-02 9.35807823e-02 5.88587433e-02 -3.03523233e-02 9.97804687e-01 -6.91975537e-01
9.94398056e-01 1.01065097e-01 -3.09481183e-02 1.99244114e-01 -9.99532790e-02 9.94355633e-01 3.55832409e-02 9.38007543e-02 3.43694702e-02 -3.22905989e-02 9.98887337e-01 -6.91964308e-01
9.93676511e-01 1.01150008e-01 -4.87353418e-02 1.98489125e-01 -9.93169120e-02 9.94303883e-01 3.86762879e-02 9.40447890e-02 5.23696633e-02 -3.35915336e-02 9.98062565e-01 -7.02891496e-01
9.93173506e-01 1.01341727e-01 -5.77559017e-02 1.97912413e-01 -9.89843041e-02 9.94188720e-01 4.23186382e-02 9.42247694e-02 6.17087256e-02 -3.63128805e-02 9.97433386e-01 -7.04875404e-01
9.93090590e-01 1.00466959e-01 -6.06385828e-02 1.97966513e-01 -9.76569859e-02 9.94078495e-01 4.76553518e-02 9.40859416e-02 6.50671180e-02 -4.14043581e-02 9.97021512e-01 -7.12551492e-01
9.93182998e-01 9.87839866e-02 -6.18780454e-02 1.98335400e-01 -9.55502217e-02 9.94001472e-01 5.32097488e-02 9.38901520e-02 6.67629569e-02 -4.69346151e-02 9.96664349e-01 -7.23091862e-01
9.90717853e-01 1.10158495e-01 -7.96424395e-02 1.96058563e-01 -1.04682515e-01 9.92042637e-01 6.99505159e-02 9.34378140e-02 8.67141570e-02 -6.09641148e-02 9.94366165e-01 -7.22823208e-01
9.92133923e-01 9.84506400e-02 -7.73140305e-02 1.97338863e-01 -9.32009256e-02 9.93266867e-01 6.88089605e-02 9.35341223e-02 8.35675666e-02 -6.10620239e-02 9.94629545e-01 -7.25862633e-01
9.92378817e-01 9.63911646e-02 -7.67640241e-02 1.97798914e-01 -9.13114081e-02 9.93556109e-01 6.71467671e-02 9.34887709e-02 8.27415322e-02 -5.96256588e-02 9.94785741e-01 -7.31338494e-01
9.92451120e-01 1.02772307e-01 -6.69205782e-02 1.98298522e-01 -9.84625210e-02 9.93028797e-01 6.48014555e-02 9.34315517e-02 7.31136628e-02 -5.77231685e-02 9.95651831e-01 -7.40449650e-01
9.92904672e-01 1.05837618e-01 -5.42075952e-02 1.99772952e-01 -1.02413922e-01 9.92778923e-01 6.24639354e-02 9.29265764e-02 6.04269953e-02 -5.64691820e-02 9.96574123e-01 -7.61436912e-01
9.92921533e-01 1.06604449e-01 -5.23648966e-02 2.00111601e-01 -1.03380934e-01 9.92779932e-01 6.08333585e-02 9.25802332e-02 5.84717300e-02 -5.49892800e-02 9.96773492e-01 -7.70505460e-01
9.94113747e-01 1.04459087e-01 -2.87399866e-02 2.01820687e-01 -1.02733522e-01 9.93126147e-01 5.60951240e-02 9.24956010e-02 3.44018801e-02 -5.28124312e-02 9.98011830e-01 -7.81727286e-01
9.94725856e-01 1.02369264e-01 6.38946086e-03 2.03547021e-01 -1.02562339e-01 9.93414189e-01 5.10837193e-02 9.27574788e-02 -1.11817643e-03 -5.14696688e-02 9.98674087e-01 -7.91498254e-01
9.93428742e-01 1.00003439e-01 5.56640348e-02 2.05684036e-01 -1.02456410e-01 9.93803240e-01 4.31062266e-02 9.28464182e-02 -5.10085310e-02 -4.85261532e-02 9.97518779e-01 -8.08418008e-01
9.93237536e-01 1.00981797e-01 5.72864324e-02 2.05507671e-01 -1.03419033e-01 9.93780171e-01 4.13016026e-02 9.30713891e-02 -5.27596162e-02 -4.69468618e-02 9.97503253e-01 -8.12823104e-01
9.93217854e-01 1.01426880e-01 5.68389209e-02 2.05276223e-01 -1.03812196e-01 9.93763587e-01 4.07088601e-02 9.33875879e-02 -5.23556853e-02 -4.63333936e-02 9.97553180e-01 -8.14981779e-01
9.93197567e-01 1.01680637e-01 5.67395105e-02 2.05112094e-01 -1.04030514e-01 9.93764756e-01 4.01181065e-02 9.36995159e-02 -5.23066992e-02 -4.57479000e-02 9.97582771e-01 -8.19465016e-01
9.92885854e-01 1.00278924e-01 6.41997995e-02 2.05574616e-01 -1.02891178e-01 9.93937350e-01 3.87585274e-02 9.42091374e-02 -5.99241228e-02 -4.50884395e-02 9.97184242e-01 -8.20801635e-01
9.92540883e-01 1.03627238e-01 6.42168049e-02 2.04955627e-01 -1.06164722e-01 9.93643535e-01 3.74411634e-02 9.43601231e-02 -5.99288989e-02 -4.39794991e-02 9.97233444e-01 -8.24911183e-01
9.92735302e-01 1.06437201e-01 5.61035010e-02 2.04353387e-01 -1.08576187e-01 9.93415792e-01 3.65587134e-02 9.47848774e-02 -5.18431081e-02 -4.23846835e-02 9.97755502e-01 -8.25884248e-01
9.93370454e-01 1.08636875e-01 3.75899037e-02 2.03954676e-01 -1.09969013e-01 9.93304723e-01 3.53953427e-02 9.52779159e-02 -3.34932012e-02 -3.92944691e-02 9.98666259e-01 -8.18988474e-01
9.93592001e-01 1.12891502e-01 5.50456544e-03 2.03403225e-01 -1.13007696e-01 9.93122666e-01 3.06081567e-02 9.59174098e-02 -2.01151381e-03 -3.10341307e-02 9.99516427e-01 -8.13435374e-01
9.93189664e-01 1.15510477e-01 -1.52136891e-02 2.02714533e-01 -1.15084271e-01 9.93004605e-01 2.64149076e-02 9.65151641e-02 1.81582564e-02 -2.44842113e-02 9.99535402e-01 -8.14353494e-01
9.92401702e-01 1.17583691e-01 -3.62321011e-02 2.02069615e-01 -1.16885262e-01 9.92927038e-01 2.08332346e-02 9.73803064e-02 3.84252776e-02 -1.64399925e-02 9.99126363e-01 -8.08975803e-01
9.92415922e-01 1.17985945e-01 -3.44931387e-02 2.01991376e-01 -1.17361610e-01 9.92895941e-01 1.96028496e-02 9.77650822e-02 3.65607530e-02 -1.54060643e-02 9.99212797e-01 -8.02323442e-01
9.92461282e-01 1.19343477e-01 -2.78845577e-02 2.01462726e-01 -1.18890665e-01 9.92755536e-01 1.73731506e-02 9.81909599e-02 2.97557172e-02 -1.39270212e-02 9.99460262e-01 -7.84372349e-01
9.92493940e-01 1.19821230e-01 -2.44619663e-02 2.01298772e-01 -1.19456390e-01 9.92712770e-01 1.58711787e-02 9.85731090e-02 2.61852061e-02 -1.28299668e-02 9.99574845e-01 -7.74324292e-01
9.92538065e-01 1.19808383e-01 -2.26687197e-02 2.01309788e-01 -1.19489432e-01 9.92723227e-01 1.49402201e-02 9.88781094e-02 2.42935244e-02 -1.21201211e-02 9.99631452e-01 -7.69269030e-01
9.92547713e-01 1.19659802e-01 -2.30289280e-02 2.01208327e-01 -1.19356079e-01 9.92750945e-01 1.41432228e-02 9.89171214e-02 2.45541610e-02 -1.12892365e-02 9.99634847e-01 -7.63961521e-01
9.92642191e-01 1.19410112e-01 -2.00605684e-02 2.01221205e-01 -1.19215363e-01 9.92811562e-01 1.06408528e-02 9.90917712e-02 2.11867848e-02 -8.17108700e-03 9.99742240e-01 -7.49589082e-01
9.92763759e-01 1.18661510e-01 -1.84210891e-02 2.01356367e-01 -1.18495958e-01 9.92906017e-01 9.83429422e-03 9.94173158e-02 1.94571576e-02 -7.58036156e-03 9.99782050e-01 -7.45869992e-01
9.92834409e-01 1.18284624e-01 -1.69808387e-02 2.01468078e-01 -1.18152894e-01 9.92958670e-01 8.56304195e-03 9.96880428e-02 1.78739423e-02 -6.49540256e-03 9.99819246e-01 -7.42546754e-01
9.93095735e-01 1.17245064e-01 -3.77133714e-03 2.02555679e-01 -1.17255683e-01 9.93098193e-01 -2.74292318e-03 1.00470780e-01 3.42350917e-03 3.16614077e-03 9.99989209e-01 -7.43265500e-01
9.92911936e-01 1.18083219e-01 1.34926277e-02 2.03466572e-01 -1.17786241e-01 9.92816791e-01 -2.10156898e-02 1.02023908e-01 -1.58775109e-02 1.92774265e-02 9.99688245e-01 -7.48623538e-01
9.92524678e-01 1.18926071e-01 2.74058537e-02 2.04362821e-01 -1.18079321e-01 9.92530075e-01 -3.06863128e-02 1.02609300e-01 -3.08507422e-02 2.72208025e-02 9.99153377e-01 -7.48668953e-01
9.91470830e-01 1.22336391e-01 4.49348906e-02 2.05226989e-01 -1.20336017e-01 9.91721181e-01 -4.48175273e-02 1.03498121e-01 -5.00459077e-02 3.90279295e-02 9.97984179e-01 -7.48453373e-01
9.91165744e-01 1.22509603e-01 5.08087833e-02 2.06000150e-01 -1.19885289e-01 9.91433584e-01 -5.18387165e-02 1.03770670e-01 -5.67244840e-02 4.52894817e-02 9.97362203e-01 -7.46676381e-01
9.90587290e-01 1.25075916e-01 5.56103403e-02 2.06237717e-01 -1.20952454e-01 9.90029623e-01 -7.21954474e-02 1.05893139e-01 -6.40860047e-02 6.47896341e-02 9.95839068e-01 -7.54271481e-01
9.89689315e-01 1.24082953e-01 7.15413537e-02 2.04541655e-01 -1.18777840e-01 9.90146149e-01 -7.41809766e-02 1.07617577e-01 -8.00411990e-02 6.49185446e-02 9.94675374e-01 -7.70676510e-01
9.89009792e-01 1.29895282e-01 7.06159159e-02 2.04403235e-01 -1.23349502e-01 9.88248722e-01 -9.02757563e-02 1.09573427e-01 -8.15126946e-02 8.05731142e-02 9.93410192e-01 -7.80528777e-01
9.88051471e-01 1.31345384e-01 8.06375896e-02 2.04419734e-01 -1.23766195e-01 9.87969107e-01 -9.27325745e-02 1.10768292e-01 -9.18476540e-02 8.16442969e-02 9.92420441e-01 -7.85826588e-01
9.85896459e-01 1.32425948e-01 1.02329095e-01 2.05868232e-01 -1.23145999e-01 9.88091893e-01 -9.22486319e-02 1.09920837e-01 -1.13326873e-01 7.83461296e-02 9.90464036e-01 -7.76069057e-01
9.84843075e-01 1.32410308e-01 1.12033004e-01 2.05922277e-01 -1.22522033e-01 9.88285957e-01 -9.09926807e-02 1.10541377e-01 -1.22769217e-01 7.58869483e-02 9.89529715e-01 -7.78602036e-01
9.81893720e-01 1.36001739e-01 1.31863688e-01 2.06250368e-01 -1.25853934e-01 9.88613218e-01 -8.24931182e-02 1.10179089e-01 -1.41581590e-01 6.44038534e-02 9.87829471e-01 -7.77057577e-01
9.77276560e-01 1.38401104e-01 1.60547244e-01 2.06492795e-01 -1.27399318e-01 9.88861760e-01 -7.69562002e-02 1.10016844e-01 -1.69410052e-01 5.47538256e-02 9.84023615e-01 -7.75372798e-01
9.75921810e-01 1.41635805e-01 1.65878645e-01 2.06283037e-01 -1.33746877e-01 9.89325357e-01 -5.78575089e-02 1.09825021e-01 -1.72302848e-01 3.42785955e-02 9.84447539e-01 -7.75799571e-01
9.74553882e-01 1.40143305e-01 1.74941067e-01 2.05223008e-01 -1.32549577e-01 9.89681415e-01 -5.44209082e-02 1.10550706e-01 -1.80762856e-01 2.98476834e-02 9.83073840e-01 -7.84239979e-01
