1.00000000e+00 0.00000000e+00 0.00000000e+00 0.00000000e+00 0.00000000e+00 1.00000000e+00 0.00000000e+00 0.00000000e+00 0.00000000e+00 0.00000000e+00 1.00000000e+00 0.00000000e+00
9.99999973e-01 7.45124048e-05 1.47019360e-04 -1.67909353e-04 -7.45150954e-05 9.99999994e-01 1.83007748e-05 2.41062414e-04 -1.47018000e-04 -1.83117288e-05 9.99999978e-01 -9.86073730e-04
9.99999461e-01 8.13509088e-04 6.50828877e-04 -4.33444681e-04 -8.14600828e-04 9.99998272e-01 1.67892540e-03 5.85722890e-04 -6.49461885e-04 -1.67945468e-03 9.99998352e-01 2.11967692e-02
9.99997676e-01 1.27678165e-03 1.74485311e-03 -6.08857772e-04 -1.28191352e-03 9.99994846e-01 2.94316093e-03 9.65728562e-04 -1.74108641e-03 -2.94539076e-03 9.99994093e-01 3.76621912e-02
9.99995023e-01 1.54871845e-03 2.76722072e-03 -7.57783761e-04 -1.56065680e-03 9.99989491e-01 4.31723098e-03 1.36982001e-03 -2.76050531e-03 -4.32152783e-03 9.99986822e-01 5.45993184e-02
9.99991765e-01 1.54240268e-03 3.76306137e-03 -8.47063864e-04 -1.56365818e-03 9.99982834e-01 5.65205666e-03 1.80464159e-03 -3.75427869e-03 -5.65789386e-03 9.99976901e-01 7.14986614e-02
9.99988244e-01 1.73777451e-03 4.53106211e-03 -9.65501090e-04 -1.77271445e-03 9.99968656e-01 7.71861317e-03 2.19580579e-03 -4.51750644e-03 -7.72655424e-03 9.99959913e-01 9.36127657e-02
9.99983393e-01 2.12976932e-03 5.35838636e-03 -1.05033964e-03 -2.17891867e-03 9.99955452e-01 9.18334576e-03 2.63397084e-03 -5.33858884e-03 -9.19486797e-03 9.99943458e-01 1.11194404e-01
9.99979515e-01 2.20379559e-03 6.00677131e-03 -1.09710658e-03 -2.26785289e-03 9.99940416e-01 1.06783176e-02 3.11660026e-03 -5.98287995e-03 -1.06917211e-02 9.99924910e-01 1.28765333e-01
9.99972250e-01 2.49636614e-03 7.01480067e-03 -1.10679060e-03 -2.58083250e-03 9.99923984e-01 1.20580324e-02 3.62613803e-03 -6.98416545e-03 -1.20758021e-02 9.99902630e-01 1.46738216e-01
9.99932153e-01 3.74721707e-03 1.10264802e-02 -1.13262326e-03 -3.95001714e-03 9.99822386e-01 1.84281639e-02 3.95780780e-03 -1.09554665e-02 -1.84704687e-02 9.99769287e-01 1.70155057e-01
9.99881948e-01 4.72254267e-03 1.46190645e-02 -1.04590330e-03 -5.07713261e-03 9.99691504e-01 2.43139940e-02 4.48832281e-03 -1.44997287e-02 -2.43853464e-02 9.99597432e-01 1.85423274e-01
9.99859204e-01 5.55409692e-03 1.58330154e-02 -1.05874253e-03 -6.01546862e-03 9.99554301e-01 2.92427468e-02 4.99204207e-03 -1.56635386e-02 -2.93338721e-02 9.99446932e-01 1.94805863e-01
9.99846955e-01 6.31857265e-03 1.63139065e-02 -1.18114184e-03 -6.87020857e-03 9.99398898e-01 3.39822412e-02 5.46679591e-03 -1.60893776e-02 -3.40891184e-02 9.99289301e-01 2.02659119e-01
9.99845929e-01 5.51478989e-03 1.66638821e-02 -8.31545449e-04 -6.23967746e-03 9.99022377e-01 4.37664083e-02 6.48105519e-03 -1.64062245e-02 -4.38636394e-02 9.98902868e-01 2.25055340e-01
9.99804836e-01 5.89923753e-03 1.88535409e-02 -7.35815382e-04 -6.80124912e-03 9.98817389e-01 4.81427638e-02 7.32988588e-03 -1.85472349e-02 -4.82615942e-02 9.98662555e-01 2.36661012e-01
9.99735454e-01 3.06105492e-03 2.27952920e-02 3.48103443e-04 -4.15647124e-03 9.98830933e-01 4.81632817e-02 8.63329670e-03 -2.26212081e-02 -4.82452890e-02 9.98579344e-01 2.74092778e-01
9.99702157e-01 3.34856536e-04 2.44037018e-02 1.15473377e-03 -1.46265605e-03 9.98930765e-01 4.62111357e-02 9.31143818e-03 -2.43621297e-02 -4.62330662e-02 9.98633596e-01 2.90813802e-01
9.99170823e-01 -3.56977370e-04 4.07130129e-02 3.25898247e-03 -1.68200014e-03 9.98746093e-01 5.00364859e-02 1.07705132e-02 -4.06798180e-02 -5.00634767e-02 9.97917244e-01 3.43199705e-01
9.98190436e-01 -1.83388615e-04 6.01313335e-02 6.12820330e-03 -2.83350869e-03 9.98741153e-01 5.00827067e-02 1.22702745e-02 -6.00648148e-02 -5.01624631e-02 9.96933268e-01 3.93194852e-01
9.97808055e-01 -1.89852349e-03 6.61471708e-02 8.11417260e-03 -1.18981755e-03 9.98912184e-01 4.66183010e-02 1.28762052e-02 -6.61637105e-02 -4.65948209e-02 9.96720283e-01 4.13011224e-01
9.97342329e-01 -3.45935505e-03 7.27751493e-02 1.06374651e-02 2.69919608e-04 9.99040764e-01 4.37901629e-02 1.35490565e-02 -7.28568210e-02 -4.36541410e-02 9.96386558e-01 4.38427867e-01
9.95653035e-01 9.40521223e-03 9.26635780e-02 1.08311550e-02 -1.40583074e-02 9.98665742e-01 4.96908749e-02 1.42180484e-02 -9.20725845e-02 -5.07775640e-02 9.94456736e-01 4.54373824e-01
9.95404570e-01 6.60245075e-03 9.55306618e-02 1.39718027e-02 -1.12744724e-02 9.98762044e-01 4.84492087e-02 1.51071336e-02 -9.50925148e-02 -4.93036226e-02 9.94246679e-01 4.80129506e-01
9.95195709e-01 4.31882425e-03 9.78098439e-02 1.69311897e-02 -8.94481244e-03 9.98859227e-01 4.69067524e-02 1.59194999e-02 -9.74956871e-02 -4.75562924e-02 9.94098987e-01 5.05127457e-01
9.94603651e-01 4.06228895e-03 1.03667646e-01 2.02616608e-02 -8.99588266e-03 9.98846478e-01 4.71674220e-02 1.69430938e-02 -1.03356457e-01 -4.78454732e-02 9.93492888e-01 5.34438587e-01
9.92634683e-01 8.51807884e-03 1.20846303e-01 2.41685717e-02 -1.49297754e-02 9.98522371e-01 5.22508362e-02 1.78656125e-02 -1.20222666e-01 -5.36701986e-02 9.91295066e-01 5.68255665e-01
9.92070472e-01 8.52376096e-03 1.25393256e-01 2.75871805e-02 -1.53432790e-02 9.98448850e-01 5.35202211e-02 1.91113018e-02 -1.24742566e-01 -5.50197743e-02 9.90662388e-01 5.94347420e-01
9.90151155e-01 1.16070688e-02 1.39520356e-01 3.28840528e-02 -1.95370479e-02 9.98261767e-01 5.56029105e-02 2.07823113e-02 -1.38632453e-01 -5.77810988e-02 9.88656827e-01 6.34318217e-01
9.88413355e-01 1.11960517e-02 1.51372580e-01 3.56103568e-02 -2.04873103e-02 9.97990484e-01 5.99605215e-02 2.17668251e-02 -1.50397074e-01 -6.23669964e-02 9.86656467e-01 6.50825443e-01
9.84632044e-01 1.30368685e-02 1.74154374e-01 4.09294399e-02 -2.44746181e-02 9.97669510e-01 6.36906632e-02 2.33776669e-02 -1.72918183e-01 -6.69742265e-02 9.82656448e-01 6.82173227e-01
9.80105386e-01 1.35892252e-02 1.98011930e-01 4.83075982e-02 -2.71670295e-02 9.97448630e-01 6.60162186e-02 2.53001560e-02 -1.96609618e-01 -7.00822444e-02 9.77973968e-01 7.19340868e-01
9.75895207e-01 1.37749116e-02 2.17804504e-01 5.55253752e-02 -2.90791641e-02 9.97314524e-01 6.72176173e-02 2.69859620e-02 -2.16293663e-01 -7.19309199e-02 9.73675005e-01 7.50550276e-01
9.71534765e-01 1.36518358e-02 2.36503369e-01 6.28974706e-02 -3.03646856e-02 9.97279482e-01 6.71688237e-02 2.87072324e-02 -2.34942972e-01 -7.24381933e-02 9.69306200e-01 7.79677024e-01
9.60626550e-01 9.81826716e-03 2.77669271e-01 7.09503340e-02 -2.96819463e-02 9.97282788e-01 6.74243811e-02 2.99366882e-02 -2.76252781e-01 -7.30114108e-02 9.58307752e-01 8.03788297e-01
9.53301735e-01 8.05562353e-03 3.01912048e-01 7.85857212e-02 -2.97117877e-02 9.97296542e-01 6.72065094e-02 3.11860018e-02 -3.00554454e-01 -7.30384201e-02 9.50963949e-01 8.25890884e-01
9.45294135e-01 5.55682553e-03 3.26171999e-01 8.62011812e-02 -2.90648365e-02 9.97313154e-01 6.72434349e-02 3.22903091e-02 -3.24921959e-01 -7.30449493e-02 9.42915822e-01 8.45746443e-01
9.36372405e-01 2.90752694e-03 3.50996251e-01 9.36032160e-02 -2.81209089e-02 9.97372801e-01 6.67578469e-02 3.33569474e-02 -3.49880035e-01 -7.23805238e-02 9.33994169e-01 8.63074684e-01
9.15997584e-01 -1.41003899e-03 4.01181500e-01 1.02997893e-01 -2.71622969e-02 9.97481207e-01 6.55241653e-02 3.45905569e-02 -4.00263421e-01 -7.09169734e-02 9.13652041e-01 8.79173437e-01
9.02114676e-01 -5.82613181e-03 4.31457200e-01 1.10632181e-01 -2.48317464e-02 9.97550816e-01 6.53898967e-02 3.55153522e-02 -4.30781448e-01 -6.97030111e-02 8.99760468e-01 8.91897999e-01
8.80218187e-01 -1.17154506e-02 4.74424783e-01 1.17978315e-01 -2.30104281e-02 9.97465869e-01 6.73235345e-02 3.62501524e-02 -4.74011260e-01 -7.01761063e-02 8.77717883e-01 9.01212735e-01
8.61865735e-01 -1.64440368e-02 5.06869988e-01 1.25323620e-01 -2.06071015e-02 9.97513095e-01 6.74012901e-02 3.70333928e-02 -5.06717845e-01 -6.85359718e-02 8.59383404e-01 9.10423530e-01
8.37113921e-01 -2.45643544e-02 5.46476975e-01 1.29520403e-01 -1.84049000e-02 9.97160915e-01 7.30160865e-02 3.71778967e-02 -5.46719089e-01 -7.11806188e-02 8.34285111e-01 9.13408077e-01
8.12722172e-01 -3.44137002e-02 5.81634438e-01 1.40078843e-01 -1.42638208e-02 9.96779927e-01 7.89076469e-02 3.82543229e-02 -5.82477016e-01 -7.24263060e-02 8.09614160e-01 9.24727956e-01
7.92696543e-01 -4.38656013e-02 6.08036439e-01 1.50736849e-01 -7.50152067e-03 9.96630500e-01 8.16796745e-02 3.94609357e-02 -6.09570544e-01 -6.93083759e-02 7.89696316e-01 9.35339106e-01
7.75615797e-01 -5.19941448e-02 6.29060501e-01 1.61584422e-01 -8.88264356e-04 9.96510811e-01 8.34604523e-02 4.07568128e-02 -6.31204981e-01 -6.52919971e-02 7.72863159e-01 9.46080674e-01
7.53355392e-01 -6.35839548e-02 6.54532646e-01 1.72641912e-01 8.07474906e-03 9.96134108e-01 8.74746028e-02 4.21071344e-02 -6.57564210e-01 -6.06142622e-02 7.50956289e-01 9.55218083e-01
7.45857194e-01 -6.87224950e-02 6.62551538e-01 1.74832993e-01 1.39617692e-02 9.96058178e-01 8.75978762e-02 4.25061205e-02 -6.65959756e-01 -5.60851005e-02 7.43876476e-01 9.56164085e-01
7.38249333e-01 -7.45812124e-02 6.70392315e-01 1.77156816e-01 1.98718559e-02 9.95841989e-01 8.89042381e-02 4.28209443e-02 -6.74235351e-01 -5.23115380e-02 7.36661632e-01 9.57330439e-01
7.28681321e-01 -8.06993510e-02 6.80081954e-01 1.79258993e-01 2.59587474e-02 9.95574340e-01 9.03222635e-02 4.31785436e-02 -6.84360995e-01 -4.81620553e-02 7.27551123e-01 9.57953708e-01
7.05794695e-01 -8.85104438e-02 7.02865589e-01 1.81828717e-01 3.21653485e-02 9.95144918e-01 9.30171814e-02 4.33817041e-02 -7.07686043e-01 -4.30431025e-02 7.05214801e-01 9.57621995e-01
6.97471413e-01 -9.25964377e-02 7.10605193e-01 1.75544025e-01 3.59026835e-02 9.94886733e-01 9.44010270e-02 4.30939451e-02 -7.15712811e-01 -4.03293726e-02 6.97229373e-01 9.50343983e-01
6.85804857e-01 -9.85580569e-02 7.21081290e-01 1.66792664e-01 4.17441372e-02 9.94483970e-01 9.62250207e-02 4.26366936e-02 -7.26587450e-01 -3.58906589e-02 6.86136013e-01 9.40370152e-01
6.77030156e-01 -1.02384588e-01 7.28798841e-01 1.60562789e-01 4.56357682e-02 9.94210645e-01 9.72765592e-02 4.23435923e-02 -7.34539108e-01 -3.25998588e-02 6.77782861e-01 9.33430190e-01
6.74856672e-01 -1.04913956e-01 7.30453079e-01 1.42904461e-01 4.89594228e-02 9.94026930e-01 9.75376665e-02 4.04494082e-02 -7.36323031e-01 -3.00613745e-02 6.75962092e-01 9.16715719e-01
6.92266782e-01 -9.81703708e-02 7.14933231e-01 1.19313325e-01 4.79967115e-02 9.94773691e-01 9.01213638e-02 3.84623821e-02 -7.20043913e-01 -2.80735724e-02 6.93360481e-01 8.95472769e-01
7.16804150e-01 -9.58865649e-02 6.90650308e-01 1.07660193e-01 5.43737378e-02 9.95170162e-01 8.17318305e-02 3.74624860e-02 -6.95151475e-01 -2.10324674e-02 7.18555640e-01 8.85986689e-01
7.49993176e-01 -9.16629829e-02 6.55063698e-01 9.33170407e-02 5.77258058e-02 9.95643269e-01 7.32290012e-02 3.62757148e-02 -6.58922023e-01 -1.71071629e-02 7.52016825e-01 8.74100907e-01
7.42060341e-01 -9.03513447e-02 6.64216375e-01 7.85224371e-02 5.56360438e-02 9.95757461e-01 7.32934607e-02 3.50954204e-02 -6.68020471e-01 -1.74337901e-02 7.43938773e-01 8.58630470e-01
7.76054397e-01 -8.30833095e-02 6.25169694e-01 6.54566199e-02 5.51199167e-02 9.96426647e-01 6.39992255e-02 3.45446395e-02 -6.28252916e-01 -1.52075679e-02 7.77860711e-01 8.46716866e-01
7.96414388e-01 -7.36618280e-02 6.00248684e-01 5.12178051e-02 5.28181497e-02 9.97233736e-01 5.22998794e-02 3.42372314e-02 -6.02440656e-01 -9.94834093e-03 7.98101866e-01 8.30538707e-01
8.06072670e-01 -7.02902269e-02 5.87627960e-01 4.16040557e-02 5.25632554e-02 9.97500907e-01 4.72148591e-02 3.40841705e-02 -5.89478062e-01 -7.17095811e-03 8.07752783e-01 8.19004131e-01
8.21499370e-01 -5.81315210e-02 5.67238964e-01 2.02319743e-02 4.88987438e-02 9.98307293e-01 3.14908659e-02 3.39188337e-02 -5.68109320e-01 1.86755664e-03 8.22951216e-01 7.91530436e-01
8.26665206e-01 -5.62383928e-02 5.59877107e-01 1.70092885e-02 5.11458285e-02 9.98384106e-01 2.47680295e-02 3.43849057e-02 -5.60365248e-01 8.16051982e-03 8.28205618e-01 7.86637358e-01
8.26687551e-01 -5.50539262e-02 5.59961853e-01 1.51022466e-02 5.18046043e-02 9.98421968e-01 2.16815449e-02 3.42401618e-02 -5.60271791e-01 1.10847481e-02 8.28234877e-01 7.83430439e-01
8.26343958e-01 -5.42458982e-02 5.60547559e-01 1.25032234e-02 5.26827965e-02 9.98431489e-01 1.89577283e-02 3.42555596e-02 -5.60696614e-01 1.38656175e-02 8.27905438e-01 7.79224410e-01
8.25237832e-01 -5.31562889e-02 5.62278796e-01 8.25605334e-03 5.25574053e-02 9.98468931e-01 1.72557692e-02 3.44050647e-02 -5.62335092e-01 1.53118091e-02 8.26767884e-01 7.73007048e-01
8.25912108e-01 -5.20307121e-02 5.61393409e-01 5.84979893e-03 5.38956516e-02 9.98458806e-01 1.32482223e-02 3.43292136e-02 -5.61217467e-01 1.93148032e-02 8.27443200e-01 7.68768834e-01
8.25633133e-01 -5.11129344e-02 5.61887865e-01 2.18290955e-03 5.42640564e-02 9.98465124e-01 1.10917050e-02 3.43652953e-02 -5.61592328e-01 2.13326413e-02 8.27139254e-01 7.63169829e-01
8.25261285e-01 -5.04967353e-02 5.62489572e-01 -1.78376329e-03 5.44120847e-02 9.98470536e-01 9.80521627e-03 3.45310688e-02 -5.62124339e-01 2.25143691e-02 8.26746501e-01 7.57411805e-01
8.36348283e-01 -4.04897607e-02 5.46701779e-01 -1.08324613e-02 5.13113399e-02 9.98672511e-01 -4.53285131e-03 3.57497574e-02 -5.45792468e-01 3.18430424e-02 8.37315423e-01 7.45611394e-01
8.45390013e-01 -3.88957228e-02 5.32732152e-01 -1.64824345e-02 5.31188548e-02 9.98523328e-01 -1.13900419e-02 3.65931530e-02 -5.31502412e-01 3.79271475e-02 8.46207567e-01 7.37154171e-01
8.46958616e-01 -3.89059142e-02 5.30234017e-01 -1.99226654e-02 5.39803111e-02 9.98457980e-01 -1.29624856e-02 3.69728680e-02 -5.28912007e-01 3.96008854e-02 8.47752542e-01 7.31839354e-01
8.47213108e-01 -3.93945011e-02 5.29791129e-01 -2.51048782e-02 5.47571883e-02 9.98410906e-01 -1.33242932e-02 3.72801210e-02 -5.28424272e-01 4.02983897e-02 8.48023757e-01 7.23709022e-01
8.59485906e-01 -4.11609047e-02 5.09500123e-01 -3.10364117e-02 5.54917489e-02 9.98375225e-01 -1.29545259e-02 3.78997374e-02 -5.08139028e-01 3.94072877e-02 8.60373311e-01 7.16387992e-01
8.69742411e-01 -4.30203462e-02 4.91627928e-01 -3.41456053e-02 5.65003760e-02 9.98323249e-01 -1.25960024e-02 3.83316473e-02 -4.90261642e-01 3.87324423e-02 8.70714532e-01 7.13456441e-01
8.76233943e-01 -4.38103995e-02 4.79890964e-01 -3.88820478e-02 5.71745748e-02 9.98276256e-01 -1.32601095e-02 3.88699038e-02 -4.78482768e-01 3.90565223e-02 8.77228182e-01 7.06644395e-01
8.75820753e-01 -4.36774310e-02 4.80656716e-01 -4.32409068e-02 5.72430247e-02 9.98267862e-01 -1.35914836e-02 3.92656752e-02 -4.79230467e-01 3.94179506e-02 8.76803742e-01 6.99156170e-01
8.90491359e-01 -4.40390835e-02 4.52864440e-01 -4.96309744e-02 5.71797241e-02 9.98245819e-01 -1.53604607e-02 3.91392694e-02 -4.51393536e-01 3.95730265e-02 8.91447253e-01 6.93870555e-01
9.06709388e-01 -4.50437248e-02 4.19344338e-01 -5.65342350e-02 5.84816315e-02 9.98103196e-01 -1.92384772e-02 3.98377531e-02 -4.17682311e-01 4.19676531e-02 9.07623598e-01 6.83566917e-01
9.06873773e-01 -4.64551221e-02 4.18834518e-01 -5.55741169e-02 5.95788519e-02 9.98055896e-01 -1.83024073e-02 3.99988099e-02 -4.17169972e-01 4.15516583e-02 9.07878322e-01 6.86027657e-01
9.05804732e-01 -4.57109933e-02 4.21222921e-01 -5.98474143e-02 5.84278631e-02 9.98141377e-01 -1.73262040e-02 4.07790979e-02 -4.19647963e-01 4.03053189e-02 9.06791852e-01 6.77229829e-01
9.02435145e-01 -4.84123870e-02 4.28097635e-01 -7.00446352e-02 5.82907296e-02 9.98249837e-01 -9.98823288e-03 4.18063136e-02 -4.26864759e-01 3.39678623e-02 9.03677552e-01 6.55191505e-01
9.03501234e-01 -4.77719732e-02 4.25915295e-01 -7.51569767e-02 5.41562654e-02 9.98528440e-01 -2.88454738e-03 4.20495880e-02 -4.25150650e-01 2.56721822e-02 9.04758698e-01 6.45657504e-01
9.06841549e-01 -4.67833789e-02 4.18867746e-01 -8.00370543e-02 4.92656347e-02 9.98773813e-01 4.89390367e-03 4.21643543e-02 -4.18583026e-01 1.61977995e-02 9.08034305e-01 6.36535829e-01
9.13202708e-01 -4.72860443e-02 4.04753494e-01 -8.44762992e-02 4.59251228e-02 9.98859399e-01 1.30775241e-02 4.18589063e-02 -4.04910153e-01 6.64593361e-03 9.14332578e-01 6.29109748e-01
9.15387339e-01 -4.06668894e-02 4.00515617e-01 -9.20187510e-02 3.46036950e-02 9.99151034e-01 2.23626440e-02 4.11047307e-02 -4.01084955e-01 -6.61114860e-03 9.16017220e-01 6.16035946e-01
9.15421264e-01 -4.41357863e-02 4.00070613e-01 -1.01287076e-01 3.62054523e-02 9.98969818e-01 2.73628886e-02 4.11476642e-02 -4.00866087e-01 -1.05638192e-02 9.16076002e-01 5.94250815e-01
9.21551853e-01 -4.81892704e-02 3.85253815e-01 -1.13814805e-01 3.86763854e-02 9.98726229e-01 3.24087696e-02 4.09346711e-02 -3.86324777e-01 -1.49661230e-02 9.22241629e-01 5.65638499e-01
9.22222163e-01 -4.95890835e-02 3.83468077e-01 -1.19578345e-01 3.98286438e-02 9.98649738e-01 3.33568215e-02 4.09196638e-02 -3.84604352e-01 -1.54893724e-02 9.22951822e-01 5.52033039e-01
9.20227171e-01 -5.45251864e-02 3.87568805e-01 -1.33271817e-01 4.32827145e-02 9.98352025e-01 3.76846957e-02 4.08512917e-02 -3.88984799e-01 -1.79034356e-02 9.21070469e-01 5.18517852e-01
9.21871563e-01 -5.99284020e-02 3.82834241e-01 -1.46178446e-01 4.67609132e-02 9.97953527e-01 4.36173562e-02 4.01390317e-02 -3.84664639e-01 -2.23079046e-02 9.22787079e-01 4.87355726e-01
9.21259143e-01 -6.37949375e-02 3.83682740e-01 -1.55048236e-01 4.96188715e-02 9.97673897e-01 4.67436294e-02 4.00274128e-02 -3.85772224e-01 -2.40250732e-02 9.22281460e-01 4.65790810e-01
9.18463109e-01 -6.72379305e-02 3.89750178e-01 -1.66369702e-01 5.18314813e-02 9.97407216e-01 4.99250899e-02 3.96424051e-02 -3.92096477e-01 -2.56530063e-02 9.19566595e-01 4.38224079e-01
9.07531266e-01 -6.99615399e-02 4.14117085e-01 -1.68156413e-01 5.13928284e-02 9.97116907e-01 5.58278257e-02 3.96615599e-02 -4.16828940e-01 -2.93828310e-02 9.08510143e-01 4.32146069e-01
9.01231113e-01 -7.00862681e-02 4.27634084e-01 -1.81079001e-01 5.09195092e-02 9.97125347e-01 5.61100396e-02 3.90382026e-02 -4.30337314e-01 -2.87931794e-02 9.02209007e-01 4.03341938e-01
8.94073039e-01 -7.15488751e-02 4.42170418e-01 -1.97296901e-01 5.16915114e-02 9.97045745e-01 5.68141419e-02 3.82597929e-02 -4.44929113e-01 -2.79395188e-02 8.95130049e-01 3.68748100e-01
8.88424355e-01 -7.19556168e-02 4.53348738e-01 -2.11339501e-01 5.20920752e-02 9.97061410e-01 5.61693897e-02 3.75810593e-02 -4.56058228e-01 -2.62863599e-02 8.89561847e-01 3.39699218e-01
8.77319916e-01 -7.29219087e-02 4.74333850e-01 -2.27555511e-01 5.64221230e-02 9.97206367e-01 4.89485649e-02 3.72889199e-02 -4.76578151e-01 -1.61806119e-02 8.78983373e-01 3.05311340e-01
8.75727996e-01 -7.44665826e-02 4.77027996e-01 -2.41318773e-01 5.82457581e-02 9.97112357e-01 4.87269853e-02 3.67458695e-02 -4.79279054e-01 -1.48867110e-02 8.77536507e-01 2.79482735e-01
8.75396060e-01 -7.58389921e-02 4.77420779e-01 -2.62171491e-01 6.11817791e-02 9.97056707e-01 4.62014123e-02 3.59894569e-02 -4.79519493e-01 -1.12350655e-02 8.77459445e-01 2.40796632e-01
8.75772756e-01 -7.43482996e-02 4.76964256e-01 -2.76931532e-01 6.29473425e-02 9.97220297e-01 3.98648233e-02 3.57869131e-02 -4.78602340e-01 -4.88887734e-03 8.78018359e-01 2.13450656e-01
8.75492172e-01 -6.41105558e-02 4.78961117e-01 -3.02609880e-01 5.92044970e-02 9.97923746e-01 2.53557130e-02 3.63582325e-02 -4.79592249e-01 6.15793981e-03 8.77470052e-01 1.66535764e-01
8.69746629e-01 -5.49608570e-02 4.90429034e-01 -3.19983250e-01 5.17659196e-02 9.98457117e-01 2.00902741e-02 3.70038996e-02 -4.90776530e-01 7.91407727e-03 8.71249780e-01 1.35201443e-01
8.66280006e-01 -4.93184975e-02 4.97118849e-01 -3.30982475e-01 4.65038933e-02 9.98755074e-01 1.80474569e-02 3.75858510e-02 -4.97390040e-01 7.48382665e-03 8.67494952e-01 1.16115857e-01
8.64226534e-01 -4.44155969e-02 5.01138950e-01 -3.41861198e-01 4.27995193e-02 9.98975113e-01 1.47296834e-02 3.81897875e-02 -5.01279529e-01 8.71873857e-03 8.65241702e-01 9.76942187e-02
8.54150406e-01 -2.82207029e-02 5.19260210e-01 -3.70297114e-01 3.04017802e-02 9.99528429e-01 4.31330550e-03 3.96812587e-02 -5.19137043e-01 1.21022383e-02 8.54605562e-01 5.08939614e-02
8.45988747e-01 -2.32542864e-02 5.32693798e-01 -3.79775310e-01 2.34594582e-02 9.99704352e-01 6.38452867e-03 4.00254041e-02 -5.32684764e-01 7.09548430e-03 8.46284180e-01 3.56039152e-02
8.48361905e-01 -2.26740098e-02 5.28931394e-01 -3.97655669e-01 2.31939090e-02 9.99714944e-01 5.65431398e-03 4.07479267e-02 -5.28908833e-01 7.47109763e-03 8.48645960e-01 1.06717593e-02
8.47021935e-01 -1.57558407e-02 5.31324871e-01 -4.20970257e-01 2.14957116e-02 9.99758251e-01 -4.62105427e-03 4.25953154e-02 -5.31123601e-01 1.53353558e-02 8.47155805e-01 -2.68693848e-02
8.48050407e-01 -1.44491286e-02 5.29719000e-01 -4.31010911e-01 2.11316029e-02 9.99755153e-01 -6.56017082e-03 4.33656934e-02 -5.29494511e-01 1.67571826e-02 8.48148055e-01 -4.26890522e-02
8.48648945e-01 -1.55919068e-02 5.28727100e-01 -4.37533661e-01 2.32526550e-02 9.99698822e-01 -7.84166892e-03 4.39045974e-02 -5.28445607e-01 1.89491482e-02 8.48755868e-01 -5.33752597e-02
8.48798582e-01 -1.51733105e-02 5.28499096e-01 -4.49071463e-01 2.22826316e-02 9.99726579e-01 -7.08473558e-03 4.47412545e-02 -5.28247101e-01 1.77898785e-02 8.48904555e-01 -7.13055160e-02
8.47902796e-01 -1.32437481e-02 5.29986757e-01 -4.55410656e-01 1.94623310e-02 9.99791625e-01 -6.15326607e-03 4.52143831e-02 -5.29794817e-01 1.55321640e-02 8.47983851e-01 -8.06795857e-02
8.47262437e-01 -1.23442702e-02 5.31031555e-01 -4.66108213e-01 1.50280449e-02 9.99886790e-01 -7.34040004e-04 4.54270955e-02 -5.30962356e-01 8.60230565e-03 8.47351994e-01 -9.69156333e-02
8.49840813e-01 -1.63556678e-02 5.26786090e-01 -4.71944245e-01 1.48755574e-02 9.99864477e-01 7.04578767e-03 4.50011322e-02 -5.26829943e-01 1.84845396e-03 8.49968930e-01 -1.04006851e-01
8.52591746e-01 -1.60698862e-02 5.22330948e-01 -4.81736444e-01 1.34577526e-02 9.99870725e-01 8.79493704e-03 4.47630893e-02 -5.22404756e-01 -4.69074796e-04 8.52697767e-01 -1.18010399e-01
8.51780417e-01 -1.61350647e-02 5.23650929e-01 -4.90565302e-01 1.36045127e-02 9.99869727e-01 8.67931867e-03 4.45882896e-02 -5.23722761e-01 -2.68842702e-04 8.51888960e-01 -1.31268767e-01
8.47447477e-01 -1.41532852e-02 5.30690997e-01 -5.03351242e-01 8.80922599e-03 9.99881723e-01 1.25992034e-02 4.46686434e-02 -5.30806578e-01 -6.00217111e-03 8.47471956e-01 -1.50263083e-01
8.39981000e-01 -1.63800570e-02 5.42368945e-01 -5.12391278e-01 1.07853031e-02 9.99850707e-01 1.34930114e-02 4.52677952e-02 -5.42509008e-01 -5.48424461e-03 8.40032296e-01 -1.64735333e-01
8.29851361e-01 -1.88734796e-02 5.57665686e-01 -5.20688038e-01 1.32286700e-02 9.99812215e-01 1.41520923e-02 4.57552370e-02 -5.57828123e-01 -4.36694230e-03 8.29945235e-01 -1.78038202e-01
8.20666490e-01 -2.18496034e-02 5.70990070e-01 -5.28830922e-01 1.60789040e-02 9.99755930e-01 1.51471663e-02 4.60186839e-02 -5.71181681e-01 -3.24986177e-03 8.20817491e-01 -1.92003917e-01
7.94723350e-01 -2.42488038e-02 6.06487733e-01 -5.33626825e-01 1.84383103e-02 9.99704968e-01 1.58095892e-02 4.64395421e-02 -6.06692178e-01 -1.38162520e-03 7.94935923e-01 -2.01650635e-01
7.79677373e-01 -2.65483943e-02 6.25618816e-01 -5.41088491e-01 1.84174460e-02 9.99640765e-01 1.94674778e-02 4.66806777e-02 -6.25910943e-01 -3.65603546e-03 7.79886211e-01 -2.12802431e-01
7.72625070e-01 -2.50098146e-02 6.34370215e-01 -5.49707916e-01 1.77336953e-02 9.99683978e-01 1.78136404e-02 4.70118452e-02 -6.34615291e-01 -2.51352134e-03 7.72824382e-01 -2.24037336e-01
7.72309141e-01 -2.45043534e-02 6.34774533e-01 -5.56549617e-01 1.87036221e-02 9.99699583e-01 1.58356133e-02 4.72215397e-02 -6.34971922e-01 -3.57390165e-04 7.72535409e-01 -2.32540287e-01
7.72296951e-01 -2.07823867e-02 6.34922108e-01 -5.70346993e-01 1.91141287e-02 9.99772336e-01 9.47502372e-03 4.77845738e-02 -6.34974485e-01 4.81846660e-03 7.72518365e-01 -2.49527758e-01
7.73031825e-01 -1.88508775e-02 6.34087603e-01 -5.79200385e-01 2.11581416e-02 9.99768366e-01 3.92788800e-03 4.81533819e-02 -6.34014779e-01 1.03797478e-02 7.73251596e-01 -2.61168664e-01
7.73526753e-01 -1.76450854e-02 6.33518514e-01 -5.85211440e-01 2.29803064e-02 9.99735865e-01 -2.13768691e-04 4.83504223e-02 -6.33347392e-01 1.47238201e-02 7.73727892e-01 -2.69328682e-01
7.73612221e-01 -1.73046023e-02 6.33423526e-01 -5.93381487e-01 2.48329617e-02 9.99687050e-01 -3.01830640e-03 4.87001789e-02 -6.33173036e-01 1.80647960e-02 7.73799792e-01 -2.79599721e-01
7.73755613e-01 -1.26601563e-02 6.33358292e-01 -6.02750666e-01 2.60217474e-02 9.99591634e-01 -1.18092027e-02 4.94058925e-02 -6.32950097e-01 2.56185400e-02 7.73769016e-01 -2.91721632e-01
7.73674785e-01 -1.21726091e-02 6.33466579e-01 -6.09897620e-01 2.83850097e-02 9.99477489e-01 -1.54617262e-02 4.99697593e-02 -6.32947340e-01 2.99433163e-02 7.73615975e-01 -3.00918883e-01
7.73667556e-01 -1.21820400e-02 6.33475225e-01 -6.18084261e-01 3.10143770e-02 9.99344755e-01 -1.86601289e-02 5.06070405e-02 -6.32832778e-01 3.40835892e-02 7.73538365e-01 -3.11361427e-01
7.74763548e-01 -1.17430851e-02 6.32142630e-01 -6.28158970e-01 3.41538548e-02 9.99144990e-01 -2.32986757e-02 5.13803546e-02 -6.31328515e-01 3.96410848e-02 7.74502104e-01 -3.24307081e-01
7.74489426e-01 -1.06738661e-02 6.32497373e-01 -6.39365917e-01 3.66972886e-02 9.98931913e-01 -2.80778488e-02 5.24328642e-02 -6.31522088e-01 4.49569490e-02 7.74053816e-01 -3.38553818e-01
7.74401617e-01 -1.03279066e-02 6.32610581e-01 -6.47657609e-01 3.96733791e-02 9.98691735e-01 -3.22610831e-02 5.31585535e-02 -6.31449776e-01 5.00808479e-02 7.73798179e-01 -3.49293707e-01
7.73865030e-01 -3.01304559e-03 6.33343909e-01 -6.58553904e-01 3.98830231e-02 9.98235834e-01 -4.39829236e-02 5.48345592e-02 -6.32094050e-01 5.92965294e-02 7.72619939e-01 -3.63495245e-01
7.72717378e-01 1.52450482e-03 6.34748893e-01 -6.68025808e-01 4.17543700e-02 9.97709056e-01 -5.32262575e-02 5.62893453e-02 -6.33375900e-01 6.76324067e-02 7.70883463e-01 -3.75930852e-01
7.70976644e-01 8.37053578e-03 6.36808870e-01 -6.78980720e-01 4.34191324e-02 9.96896119e-01 -6.56706638e-02 5.85965600e-02 -6.35382047e-01 7.82802489e-02 7.68220222e-01 -3.90348412e-01
7.71099187e-01 1.01135904e-02 6.36635148e-01 -6.87831557e-01 4.73047430e-02 9.96200375e-01 -7.31216004e-02 6.01250178e-02 -6.34955764e-01 8.64998827e-02 7.67690930e-01 -4.02122664e-01
7.50913087e-01 8.16056436e-03 6.60350985e-01 -6.99329389e-01 5.12882496e-02 9.96182804e-01 -7.06327426e-02 6.17784866e-02 -6.58406783e-01 8.69073151e-02 7.47628232e-01 -4.15681230e-01
7.50179071e-01 2.18443025e-02 6.60874176e-01 -7.14494402e-01 5.04600870e-02 9.94648388e-01 -9.01555472e-02 6.54044617e-02 -6.59306888e-01 1.00980592e-01 7.45062216e-01 -4.33331609e-01
7.50812446e-01 1.66378323e-02 6.60306233e-01 -7.24252730e-01 5.89166862e-02 9.94010777e-01 -9.20384140e-02 6.72368825e-02 -6.57882888e-01 1.08006664e-01 7.45335499e-01 -4.45641604e-01
7.49320693e-01 1.77267038e-02 6.61970310e-01 -7.31886738e-01 5.74716374e-02 9.94128761e-01 -9.16767454e-02 6.87040256e-02 -6.59708943e-01 1.06739823e-01 7.43902557e-01 -4.53787911e-01
7.46167089e-01 2.03730166e-02 6.65447305e-01 -7.41363124e-01 5.32940159e-02 9.94496069e-01 -9.02056309e-02 7.04974865e-02 -6.63622547e-01 1.02772855e-01 7.40974508e-01 -4.63679764e-01
7.34260817e-01 1.74028405e-02 6.78644736e-01 -7.38369482e-01 4.79215895e-02 9.95848710e-01 -7.73858597e-02 6.97605060e-02 -6.77174313e-01 8.93431615e-02 7.30378731e-01 -4.60388232e-01
6.99966252e-01 1.82343380e-02 7.13943433e-01 -7.43776924e-01 5.35962677e-02 9.95513611e-01 -7.79726705e-02 7.13893346e-02 -7.12162301e-01 9.28429621e-02 6.95848676e-01 -4.69075895e-01
6.84203369e-01 1.44869355e-02 7.29147647e-01 -7.47610326e-01 4.98512970e-02 9.96534890e-01 -6.65779118e-02 7.18430910e-02 -7.27585733e-01 8.19018085e-02 6.81110401e-01 -4.73139157e-01
6.52101256e-01 1.01623605e-02 7.58063994e-01 -7.55552340e-01 4.80044700e-02 9.97349906e-01 -5.46644740e-02 7.25902205e-02 -7.56610773e-01 7.20372535e-02 6.49885367e-01 -4.81337021e-01
6.40476155e-01 7.23925235e-03 7.67944154e-01 -7.63294755e-01 4.71532535e-02 9.97698029e-01 -4.87315205e-02 7.35321438e-02 -7.66529324e-01 6.74224655e-02 6.38660490e-01 -4.88147610e-01
6.33718649e-01 -9.11159040e-04 7.73563286e-01 -7.74546734e-01 5.09782543e-02 9.97874435e-01 -4.05869992e-02 7.46119555e-02 -7.71882252e-01 6.51556662e-02 6.32418155e-01 -4.97704785e-01
6.27939979e-01 -1.98877425e-02 7.78007854e-01 -7.75808467e-01 5.82422520e-02 9.98070787e-01 -2.14949325e-02 7.49479072e-02 -7.76079632e-01 5.88104770e-02 6.27886914e-01 -4.99605524e-01
6.27426443e-01 -3.14941636e-02 7.78038915e-01 -7.79900587e-01 6.11489076e-02 9.98088615e-01 -8.91013752e-03 7.52819415e-02 -7.76271418e-01 5.31667040e-02 6.28153060e-01 -5.03167009e-01
6.26177488e-01 -4.64817836e-02 7.78294014e-01 -7.75408884e-01 6.15534376e-02 9.98052580e-01 1.00834985e-02 7.49966430e-02 -7.77247270e-01 4.15926297e-02 6.27819237e-01 -4.99992960e-01
6.02144531e-01 -4.75514133e-02 7.96970015e-01 -7.90131762e-01 6.54986512e-02 9.97801778e-01 1.00471444e-02 7.54581202e-02 -7.95696109e-01 4.61506450e-02 6.03935504e-01 -5.12994784e-01
6.04639366e-01 -4.77619761e-02 7.95066298e-01 -8.02192319e-01 6.63494021e-02 9.97751135e-01 9.47989883e-03 7.58405263e-02 -7.93731341e-01 4.70202708e-02 6.06448635e-01 -5.21928247e-01
6.07011809e-01 -4.78318684e-02 7.93252280e-01 -8.13985231e-01 6.70786422e-02 9.97708343e-01 8.83044098e-03 7.62171703e-02 -7.91857025e-01 4.78501215e-02 6.08829298e-01 -5.30691398e-01
6.09001396e-01 -4.56439211e-02 7.91854981e-01 -8.28577967e-01 6.78260909e-02 9.97682512e-01 5.34441784e-03 7.65862107e-02 -7.90264089e-01 5.04536862e-02 6.10685982e-01 -5.41981661e-01
6.09655698e-01 -3.50570286e-02 7.91891015e-01 -8.46240095e-01 6.99779266e-02 9.97500951e-01 -9.71469177e-03 7.83172507e-02 -7.89571716e-01 6.13375260e-02 6.10585418e-01 -5.56306534e-01
6.04190413e-01 -2.86649855e-02 7.96324465e-01 -8.55057838e-01 6.90497785e-02 9.97476741e-01 -1.64838797e-02 7.90282933e-02 -7.93842836e-01 6.49454519e-02 6.04645272e-01 -5.63559748e-01
5.96391524e-01 -1.97182234e-02 8.02451685e-01 -8.67172484e-01 6.66472700e-02 9.97462508e-01 -2.50228655e-02 8.00197200e-02 -7.99922237e-01 6.84046644e-02 5.96192447e-01 -5.73134507e-01
5.92413715e-01 -1.79952613e-02 8.05433165e-01 -8.75441762e-01 6.76691802e-02 9.97328784e-01 -2.74894554e-02 8.06774408e-02 -8.02787172e-01 7.07881551e-02 5.92049049e-01 -5.79521592e-01
5.73275944e-01 -1.63638346e-02 8.19199203e-01 -8.86466794e-01 6.75705922e-02 9.97338877e-01 -2.73636344e-02 8.16576041e-02 -8.16571632e-01 7.10407089e-02 5.72856218e-01 -5.88298435e-01
5.55386214e-01 -1.55101773e-02 8.31448143e-01 -8.93995513e-01 6.69315753e-02 9.97415721e-01 -2.61023369e-02 8.23662494e-02 -8.28894826e-01 7.01470280e-02 5.54989212e-01 -5.94164451e-01
5.47814671e-01 -1.53361379e-02 8.36459448e-01 -9.05620526e-01 6.64225444e-02 9.97472660e-01 -2.52132076e-02 8.30331279e-02 -8.33958956e-01 6.93719420e-02 5.47448947e-01 -6.01836373e-01
5.42822113e-01 -1.53543418e-02 8.39707605e-01 -9.19797783e-01 6.56611078e-02 9.97548026e-01 -2.42055298e-02 8.38138373e-02 -8.37277219e-01 6.82754432e-02 5.42499432e-01 -6.10930049e-01
5.39990938e-01 -1.54712608e-02 8.41528892e-01 -9.41345337e-01 6.55534019e-02 9.97566680e-01 -2.37241901e-02 8.49554282e-02 -8.39114313e-01 6.79759468e-02 5.39691301e-01 -6.24812389e-01
5.33038560e-01 -1.28620142e-02 8.45993477e-01 -9.54727215e-01 6.56853702e-02 9.97495496e-01 -2.62212389e-02 8.60236821e-02 -8.43537579e-01 6.95463416e-02 5.32548550e-01 -6.33686195e-01
5.29122979e-01 4.17291253e-03 8.48535176e-01 -9.75292468e-01 6.38106673e-02 9.96960467e-01 -4.46933546e-02 8.90143329e-02 -8.46142653e-01 7.77938973e-02 5.27248529e-01 -6.46821702e-01
5.10439208e-01 3.52556551e-03 8.59906906e-01 -9.86231144e-01 6.50734567e-02 9.96965599e-01 -4.27149442e-02 8.96178664e-02 -8.57448299e-01 7.77605188e-02 5.08661006e-01 -6.53220542e-01
5.11253606e-01 3.12680727e-03 8.59424446e-01 -1.00523132e+00 6.70242082e-02 9.96802445e-01 -4.34978806e-02 9.12163106e-02 -8.56812539e-01 7.98407170e-02 5.09409398e-01 -6.64774162e-01
5.08562075e-01 2.19611667e-03 8.61022727e-01 -1.01682195e+00 6.91917862e-02 9.96658161e-01 -4.34100727e-02 9.24919779e-02 -8.58240815e-01 8.16524474e-02 5.06710704e-01 -6.71997165e-01
5.06239023e-01 -4.51935579e-04 8.62393305e-01 -1.03376692e+00 7.17919788e-02 9.96550589e-01 -4.16207897e-02 9.40896874e-02 -8.59399858e-01 8.29830210e-02 5.04525367e-01 -6.82054578e-01
5.05837102e-01 -3.65051407e-03 8.62621503e-01 -1.04656953e+00 7.35858746e-02 9.96528358e-01 -3.89331666e-02 9.52480450e-02 -8.59484827e-01 8.31706270e-02 5.04349745e-01 -6.89464107e-01
5.05498500e-01 -1.14544416e-02 8.62751631e-01 -1.06267089e+00 7.60890658e-02 9.96607750e-01 -3.13500261e-02 9.61521630e-02 -8.59466044e-01 8.14933867e-02 5.04655406e-01 -6.98804389e-01
5.02903210e-01 -1.71509073e-02 8.64172751e-01 -1.07302171e+00 7.31004946e-02 9.97064707e-01 -2.27522478e-02 9.66973268e-02 -8.61246097e-01 7.46136612e-02 5.02680914e-01 -7.04729793e-01
4.92389612e-01 -2.64264074e-02 8.69973787e-01 -1.08063632e+00 7.04322150e-02 9.97470412e-01 -9.56407589e-03 9.69989058e-02 -8.67520551e-01 6.59834618e-02 4.93005456e-01 -7.09495138e-01
4.83773245e-01 -3.75748599e-02 8.74386581e-01 -1.08723306e+00 7.20312505e-02 9.97397524e-01 3.00818660e-03 9.71286749e-02 -8.72224225e-01 6.15279040e-02 4.85220927e-01 -7.13772917e-01
4.96853924e-01 -5.01099492e-02 8.66386442e-01 -1.10760769e+00 7.56433339e-02 9.97032315e-01 1.42864471e-02 9.70389969e-02 -8.64531313e-01 5.84381099e-02 4.99170013e-01 -7.24366042e-01
5.12055817e-01 -5.04696946e-02 8.57468351e-01 -1.11725373e+00 7.47700243e-02 9.97101698e-01 1.40378657e-02 9.72597004e-02 -8.55691744e-01 5.69247854e-02 5.14345497e-01 -7.28521041e-01
5.25955817e-01 -4.96508717e-02 8.49061573e-01 -1.12580449e+00 7.07453061e-02 9.97388706e-01 1.45011243e-02 9.74740663e-02 -8.47564565e-01 5.24401968e-02 5.28095087e-01 -7.32476959e-01
5.42828064e-01 -5.38867831e-02 8.38113454e-01 -1.13233569e+00 7.70063993e-02 9.96928846e-01 1.42225231e-02 9.77468498e-02 -8.36306048e-01 5.68197430e-02 5.45310715e-01 -7.36066628e-01
5.85015902e-01 -5.60475793e-02 8.09082978e-01 -1.14126980e+00 8.30627530e-02 9.96503628e-01 8.97141209e-03 9.77907812e-02 -8.06757118e-01 6.19562731e-02 5.87626069e-01 -7.41052005e-01
5.94138367e-01 -5.61619074e-02 8.02399935e-01 -1.14581752e+00 8.40216213e-02 9.96435159e-01 7.52899425e-03 9.83559003e-02 -7.99962520e-01 6.29457098e-02 5.96739330e-01 -7.43906562e-01
5.99161882e-01 -5.58056033e-02 7.98680755e-01 -1.15109182e+00 8.32534885e-02 9.96502276e-01 7.17198561e-03 9.88659565e-02 -7.96287618e-01 6.21958116e-02 6.01712320e-01 -7.47401086e-01
6.04143502e-01 -5.57215951e-02 7.94925067e-01 -1.15528411e+00 8.30675176e-02 9.96520907e-01 6.72147093e-03 9.93518334e-02 -7.92534173e-01 6.19717535e-02 6.06670448e-01 -7.50023964e-01
6.20240380e-01 -5.49998249e-02 7.82481272e-01 -1.16050799e+00 8.38954175e-02 9.96467885e-01 3.54036088e-03 9.99066455e-02 -7.79912399e-01 6.34507553e-02 6.22664050e-01 -7.53144690e-01
6.30181190e-01 -5.35747396e-02 7.74597631e-01 -1.16203539e+00 8.49947287e-02 9.96381046e-01 -2.33923022e-04 1.00535676e-01 -7.71782049e-01 6.59841694e-02 6.32454313e-01 -7.53853834e-01
6.37804756e-01 -5.34704700e-02 7.68339759e-01 -1.16001033e+00 8.64608472e-02 9.96251878e-01 -2.44039803e-03 1.00902048e-01 -7.65329660e-01 6.79878470e-02 6.40037478e-01 -7.51719930e-01
6.44745195e-01 -5.27516002e-02 7.62575220e-01 -1.15745995e+00 8.72661052e-02 9.96172767e-01 -4.87121144e-03 1.01187850e-01 -7.59399893e-01 6.96876992e-02 6.46881219e-01 -7.49081038e-01
6.44096379e-01 -5.35400717e-02 7.63068426e-01 -1.14539031e+00 8.77996832e-02 9.96128847e-01 -4.21799274e-03 1.01332547e-01 -7.59888818e-01 6.97139958e-02 6.46304001e-01 -7.38720611e-01
6.41956620e-01 -5.36738450e-02 7.64860045e-01 -1.13792014e+00 8.85215999e-02 9.96064184e-01 -4.39872354e-03 1.01494252e-01 -7.61613735e-01 7.05304647e-02 6.44181528e-01 -7.32604618e-01
6.39889994e-01 -5.42039830e-02 7.66552513e-01 -1.13137021e+00 8.97392181e-02 9.95954824e-01 -4.48565181e-03 1.01755994e-01 -7.63208656e-01 7.16601897e-02 6.42166009e-01 -7.27284509e-01
6.30616030e-01 -5.33664082e-02 7.74257986e-01 -1.12502856e+00 8.89844664e-02 9.96025245e-01 -3.82394003e-03 1.02131533e-01 -7.70976601e-01 7.13084141e-02 6.32858561e-01 -7.22195863e-01
6.13591697e-01 -5.05699133e-02 7.88002465e-01 -1.12175920e+00 8.70454780e-02 9.96196481e-01 -3.84870624e-03 1.02749442e-01 -7.84810813e-01 7.09536292e-02 6.15660068e-01 -7.20177479e-01
6.08158212e-01 -4.92354803e-02 7.92287441e-01 -1.11654035e+00 8.58843252e-02 9.96296625e-01 -4.01129008e-03 1.03076333e-01 -7.89155959e-01 7.04846183e-02 6.10134821e-01 -7.16188483e-01
5.82031138e-01 -4.48677026e-02 8.11927693e-01 -1.11268278e+00 8.36518954e-02 9.96482577e-01 -4.89958124e-03 1.03557140e-01 -8.08852104e-01 7.07710475e-02 5.83737461e-01 -7.14635414e-01
5.62160558e-01 -4.30649956e-02 8.25906066e-01 -1.10770734e+00 8.22608464e-02 9.96602340e-01 -4.02602051e-03 1.03993455e-01 -8.22926641e-01 7.02030554e-02 5.63793355e-01 -7.11928024e-01
5.46098386e-01 -4.27944291e-02 8.36627199e-01 -1.09884229e+00 8.01235926e-02 9.96783690e-01 -1.31308251e-03 1.04203070e-01 -8.33880301e-01 6.77507021e-02 5.47771069e-01 -7.06474163e-01
5.32737119e-01 -4.23867828e-02 8.45218532e-01 -1.08960224e+00 7.78561791e-02 9.96963760e-01 9.24290689e-04 1.04444886e-01 -8.42691624e-01 6.53131336e-02 5.34419932e-01 -7.00872447e-01
5.26580092e-01 -4.21049832e-02 8.49082140e-01 -1.08339287e+00 7.61198768e-02 9.97095763e-01 2.23712937e-03 1.04828965e-01 -8.46710571e-01 6.34540493e-02 5.28256068e-01 -6.97087271e-01
5.15320021e-01 -4.21139989e-02 8.55962404e-01 -1.07653903e+00 7.37317661e-02 9.97266753e-01 4.67713942e-03 1.05168168e-01 -8.53819999e-01 6.07014421e-02 5.17016910e-01 -6.93196723e-01
4.93269775e-01 -4.23032596e-02 8.68847152e-01 -1.06309115e+00 7.12309991e-02 9.97426363e-01 8.12376655e-03 1.05317377e-01 -8.66954921e-01 5.78816827e-02 4.95013824e-01 -6.86074838e-01
4.91745353e-01 -4.21854149e-02 8.69716559e-01 -1.05738697e+00 7.15111603e-02 9.97407777e-01 7.94603824e-03 1.05724475e-01 -8.67797448e-01 5.82870561e-02 4.93487594e-01 -6.82989851e-01
4.90158177e-01 -4.20570054e-02 8.70618237e-01 -1.05110750e+00 7.18572392e-02 9.97384632e-01 7.72510436e-03 1.06198903e-01 -8.68666329e-01 5.87737457e-02 4.91898565e-01 -6.79660427e-01
4.85988367e-01 -4.01529000e-02 8.73042407e-01 -1.04835468e+00 7.20956211e-02 9.97380873e-01 5.73869024e-03 1.06722030e-01 -8.70986385e-01 6.01536435e-02 4.87610558e-01 -6.78355745e-01
4.77991923e-01 -4.28546545e-02 8.77318187e-01 -1.05724901e+00 7.85772534e-02 9.96890300e-01 5.88397138e-03 1.06662755e-01 -8.74842286e-01 6.61248094e-02 4.79873152e-01 -6.83488412e-01
4.67240521e-01 -3.00156060e-02 8.83620655e-01 -1.08325130e+00 8.54331083e-02 9.96279153e-01 -1.13327737e-02 1.09809903e-01 -8.79992744e-01 8.07856393e-02 4.68066535e-01 -6.98871812e-01
4.64847957e-01 -2.63621791e-02 8.84998042e-01 -1.09401320e+00 8.59959097e-02 9.96174647e-01 -1.54957096e-02 1.10773014e-01 -8.81204194e-01 8.33094073e-02 4.65337027e-01 -7.04926941e-01
4.64172969e-01 -2.73790434e-02 8.85321365e-01 -1.08593989e+00 8.78604442e-02 9.96015509e-01 -1.52627909e-02 1.10953044e-01 -8.81376038e-01 8.48693519e-02 4.64729251e-01 -7.00996427e-01
4.60333464e-01 -3.22539029e-02 8.87160033e-01 -1.08238016e+00 9.08427164e-02 9.95804917e-01 -1.09330133e-02 1.11296707e-01 -8.83085755e-01 8.56249054e-02 4.61332597e-01 -6.99475322e-01
4.54235284e-01 -3.88545951e-02 8.90034155e-01 -1.08048944e+00 9.23723740e-02 9.95717433e-01 -3.67466622e-03 1.11706639e-01 -8.86079807e-01 8.38837730e-02 4.55879321e-01 -6.98517632e-01
4.54952761e-01 -4.69703978e-02 8.89276055e-01 -1.07201241e+00 9.47730015e-02 9.95490168e-01 4.09473054e-03 1.11835763e-01 -8.85457987e-01 8.24164934e-02 4.57352753e-01 -6.94327709e-01
4.11667128e-01 -4.32691957e-02 9.10306639e-01 -1.09442150e+00 9.51101667e-02 9.95457192e-01 4.30505071e-03 1.13466580e-01 -9.06357598e-01 8.48072095e-02 4.13912534e-01 -7.07251598e-01
4.13576423e-01 -5.24426966e-02 9.08957942e-01 -1.09111568e+00 9.97205936e-02 9.94942532e-01 1.20306890e-02 1.13632814e-01 -9.04991793e-01 8.56662612e-02 4.16714582e-01 -7.05849142e-01
4.18626075e-01 -5.25429559e-02 9.06637533e-01 -1.08827790e+00 9.97640431e-02 9.94943328e-01 1.15960773e-02 1.13659621e-01 -9.02662224e-01 8.55954550e-02 4.21751311e-01 -7.04116692e-01
4.20236072e-01 -5.26384557e-02 9.05886849e-01 -1.08206352e+00 1.01293236e-01 9.94797585e-01 1.08154143e-02 1.13894288e-01 -9.01743321e-01 8.72152344e-02 4.23381956e-01 -7.01008530e-01
