1.00000000e+00 0.00000000e+00 0.00000000e+00 0.00000000e+00 0.00000000e+00 1.00000000e+00 0.00000000e+00 0.00000000e+00 0.00000000e+00 0.00000000e+00 1.00000000e+00 0.00000000e+00
9.99996069e-01 1.28135426e-03 -2.49459670e-03 -2.68974869e-04 -1.28086163e-03 9.99999154e-01 1.99050541e-04 -4.72900360e-05 2.49484976e-03 -1.95854517e-04 9.99996837e-01 -4.24548936e-03
9.99984273e-01 2.56319098e-03 -4.98892064e-03 -5.27418492e-04 -2.56122054e-03 9.99996628e-01 4.01295518e-04 -9.50805794e-05 4.98993268e-03 -3.88511463e-04 9.99987411e-01 -8.49162707e-03
9.99964194e-01 3.72586722e-03 -7.59561253e-03 -7.75145285e-04 -3.72135959e-03 9.99992841e-01 6.07495162e-04 -1.23618230e-04 7.59782220e-03 -5.79207386e-04 9.99970883e-01 -1.32551123e-02
9.99935228e-01 4.88340181e-03 -1.02805267e-02 -1.00364217e-03 -4.87579510e-03 9.99987748e-01 7.64856218e-04 -1.58424615e-04 1.02841367e-02 -7.14680886e-04 9.99946795e-01 -1.77843038e-02
9.99897626e-01 6.06074909e-03 -1.29655985e-02 -1.22570858e-03 -6.04883568e-03 9.99981182e-01 9.57885470e-04 -2.00248353e-04 1.29711613e-02 -8.79360530e-04 9.99915430e-01 -2.22437892e-02
9.99849304e-01 7.25762665e-03 -1.57728058e-02 -1.43728804e-03 -7.24040742e-03 9.99973051e-01 1.14853946e-03 -2.38619115e-04 1.57807178e-02 -1.03416474e-03 9.99874862e-01 -2.68626279e-02
9.99793095e-01 8.47232575e-03 -1.84935889e-02 -1.62728960e-03 -8.44842284e-03 9.99963256e-01 1.37024303e-03 -2.85989643e-04 1.85045206e-02 -1.21371778e-03 9.99827929e-01 -3.15636776e-02
9.99721868e-01 9.64523360e-03 -2.15203944e-02 -1.80321579e-03 -9.61399524e-03 9.99952419e-01 1.55455877e-03 -3.18426143e-04 2.15343672e-02 -1.34722933e-03 9.99767080e-01 -3.63212315e-02
9.99637558e-01 1.08995894e-02 -2.46141442e-02 -1.96869880e-03 -1.08593124e-02 9.99939289e-01 1.76940288e-03 -3.44889025e-04 2.46319394e-02 -1.50146888e-03 9.99695296e-01 -4.09972383e-02
9.99538618e-01 1.20944818e-02 -2.78610619e-02 -2.10459090e-03 -1.20447104e-02 9.99925365e-01 1.95354648e-03 -3.54441998e-04 2.78826141e-02 -1.61706664e-03 9.99609745e-01 -4.57488752e-02
9.99431915e-01 1.32885982e-02 -3.09709732e-02 -2.23092527e-03 -1.32282415e-02 9.99909993e-01 2.15289258e-03 -3.76746006e-04 3.09967999e-02 -1.74197801e-03 9.99517783e-01 -5.05528025e-02
9.99319377e-01 1.45361330e-02 -3.39026789e-02 -2.35025998e-03 -1.44648181e-02 9.99892420e-01 2.34783094e-03 -4.05559796e-04 3.39331663e-02 -1.85583690e-03 9.99422169e-01 -5.54694613e-02
9.99190126e-01 1.56865224e-02 -3.70523594e-02 -2.43690056e-03 -1.56031921e-02 9.99874830e-01 2.53707163e-03 -4.18189523e-04 3.70875265e-02 -1.95688198e-03 9.99309855e-01 -6.02012608e-02
9.99047372e-01 1.68046507e-02 -4.02707635e-02 -2.50071098e-03 -1.67073846e-02 9.99856389e-01 2.75062624e-03 -4.05399890e-04 4.03112121e-02 -2.07518697e-03 9.99184744e-01 -6.49798757e-02
9.98892619e-01 1.80367829e-02 -4.34513163e-02 -2.58179564e-03 -1.79247027e-02 9.99834695e-01 2.96767300e-03 -4.21372885e-04 4.34976706e-02 -2.18553496e-03 9.99050840e-01 -6.96424584e-02
9.98731137e-01 1.92760798e-02 -4.65235537e-02 -2.64283792e-03 -1.91487715e-02 9.99811348e-01 3.18057844e-03 -4.36754511e-04 4.65760969e-02 -2.28567392e-03 9.98911848e-01 -7.42739828e-02
9.98558745e-01 2.03499324e-02 -4.96614506e-02 -2.66989426e-03 -2.02075671e-02 9.99789914e-01 3.36714781e-03 -4.47031841e-04 4.97195503e-02 -2.35875786e-03 9.98760147e-01 -7.88798978e-02
9.98363697e-01 2.15964868e-02 -5.29477936e-02 -2.70211409e-03 -2.14344235e-02 9.99763445e-01 3.62680766e-03 -4.42093555e-04 5.30136083e-02 -2.48596773e-03 9.98590385e-01 -8.36112041e-02
9.98169081e-01 2.27879596e-02 -5.60282412e-02 -2.71954051e-03 -2.26068979e-02 9.99736734e-01 3.86337363e-03 -4.59080815e-04 5.61015442e-02 -2.58967543e-03 9.98421381e-01 -8.83413829e-02
9.97967482e-01 2.40130255e-02 -5.90271422e-02 -2.72958516e-03 -2.38123918e-02 9.99707764e-01 4.10015595e-03 -4.86231434e-04 5.91083660e-02 -2.68624488e-03 9.98247619e-01 -9.28966684e-02
9.97752652e-01 2.50645270e-02 -6.21397149e-02 -2.69749244e-03 -2.48445866e-02 9.99681744e-01 4.30970965e-03 -5.04126187e-04 6.22279769e-02 -2.75618862e-03 9.98057820e-01 -9.75049486e-02
9.97510578e-01 2.63159514e-02 -6.54220422e-02 -2.68299721e-03 -2.60719451e-02 9.99649267e-01 4.58083429e-03 -5.13195433e-04 6.55196654e-02 -2.86375067e-03 9.97846812e-01 -1.02139649e-01
9.97270247e-01 2.75035413e-02 -6.85239371e-02 -2.64952870e-03 -2.72358894e-02 9.99617028e-01 4.83732536e-03 -5.44608256e-04 6.86307597e-02 -2.95781029e-03 9.97637350e-01 -1.06749598e-01
9.97020969e-01 2.87544612e-02 -7.15697787e-02 -2.60316287e-03 -2.84642392e-02 9.99581632e-01 5.07188148e-03 -5.72430054e-04 7.16856987e-02 -3.01959303e-03 9.97422265e-01 -1.11280202e-01
9.96754426e-01 2.99024950e-02 -7.47416321e-02 -2.52150618e-03 -2.95884915e-02 9.99547769e-01 5.30518179e-03 -5.87061346e-04 7.48664942e-02 -3.07647143e-03 9.97188367e-01 -1.15939254e-01
9.96478687e-01 3.11218306e-02 -7.78553832e-02 -2.44634649e-03 -3.07823606e-02 9.99510316e-01 5.55684605e-03 -6.05565056e-04 7.79902240e-02 -3.14070634e-03 9.96948702e-01 -1.20489634e-01
9.96182569e-01 3.22409472e-02 -8.11204596e-02 -2.32698782e-03 -3.18762825e-02 9.99474691e-01 5.78668926e-03 -6.10584494e-04 8.12644422e-02 -3.17878053e-03 9.96687005e-01 -1.25250422e-01
9.95886585e-01 3.34335364e-02 -8.42130527e-02 -2.22603382e-03 -3.30419302e-02 9.99435337e-01 6.04001521e-03 -6.23220745e-04 8.43674693e-02 -3.23260857e-03 9.96428945e-01 -1.29713737e-01
9.95573309e-01 3.46226540e-02 -8.73774766e-02 -2.09537755e-03 -3.42052710e-02 9.99394790e-01 6.26993893e-03 -6.46480345e-04 8.75417074e-02 -3.25341378e-03 9.96155017e-01 -1.34343932e-01
9.95256914e-01 3.58806248e-02 -9.04214668e-02 -1.97518560e-03 -3.54359535e-02 9.99350300e-01 6.51884776e-03 -6.65267030e-04 9.05966527e-02 -3.28375746e-03 9.95881736e-01 -1.38775861e-01
9.94917429e-01 3.70392712e-02 -9.36333912e-02 -1.80848363e-03 -3.65653424e-02 9.99307908e-01 6.77269695e-03 -6.72686066e-04 9.38194783e-02 -3.31453712e-03 9.95583200e-01 -1.43451966e-01
9.94569516e-01 3.82244798e-02 -9.67997237e-02 -1.64360682e-03 -3.77192707e-02 9.99263151e-01 7.04430969e-03 -6.81686846e-04 9.69976984e-02 -3.35484066e-03 9.95278414e-01 -1.47968568e-01
9.94215925e-01 3.93805633e-02 -9.99184613e-02 -1.44875292e-03 -3.88456175e-02 9.99218191e-01 7.29450028e-03 -6.98362206e-04 1.00127644e-01 -3.37091386e-03 9.94968357e-01 -1.52560815e-01
9.93854344e-01 4.05117328e-02 -1.03015802e-01 -1.24729230e-03 -3.99443571e-02 9.99172870e-01 7.56548897e-03 -7.11614056e-04 1.03237125e-01 -3.40409378e-03 9.94650419e-01 -1.57114698e-01
9.93467098e-01 4.16681664e-02 -1.06239537e-01 -1.02484869e-03 -4.10690783e-02 9.99125287e-01 7.82154071e-03 -7.21346030e-04 1.06472559e-01 -3.40728293e-03 9.94309291e-01 -1.61733406e-01
9.93074289e-01 4.28318276e-02 -1.09401894e-01 -8.06672496e-04 -4.21979273e-02 9.99075973e-01 8.10395944e-03 -7.35183041e-04 1.09647954e-01 -3.43130014e-03 9.93964018e-01 -1.66195099e-01
9.92676233e-01 4.39961988e-02 -1.12507946e-01 -5.54378850e-04 -4.33295063e-02 9.99025359e-01 8.36528727e-03 -7.53959818e-04 1.12766377e-01 -3.42910775e-03 9.93615035e-01 -1.70822839e-01
9.92256502e-01 4.51581434e-02 -1.15704439e-01 -3.05241836e-04 -4.44545588e-02 9.98973436e-01 8.65544763e-03 -7.70545080e-04 1.15976573e-01 -3.44483414e-03 9.93245364e-01 -1.75346145e-01
9.91814051e-01 4.63575177e-02 -1.18977549e-01 -3.05405933e-05 -4.56181376e-02 9.98918538e-01 8.93185042e-03 -7.86017543e-04 1.19262988e-01 -3.43120006e-03 9.92856172e-01 -1.79977493e-01
9.91372208e-01 4.74030775e-02 -1.22204167e-01 2.74608945e-04 -4.66292589e-02 9.98869535e-01 9.18589086e-03 -8.01539087e-04 1.22501509e-01 -3.40834667e-03 9.92461865e-01 -1.84571195e-01
9.90907896e-01 4.85593536e-02 -1.25472450e-01 5.85176711e-04 -4.77456901e-02 9.98813975e-01 9.48573597e-03 -8.05969917e-04 1.25784312e-01 -3.40872122e-03 9.92051161e-01 -1.89144223e-01
9.90450806e-01 4.97478602e-02 -1.28577664e-01 8.94932101e-04 -4.88967252e-02 9.98755557e-01 9.76975270e-03 -8.32260904e-04 1.28903736e-01 -3.38943184e-03 9.91650729e-01 -1.93691389e-01
9.89999576e-01 5.08857489e-02 -1.31572662e-01 1.22928427e-03 -4.99982876e-02 9.98698325e-01 1.00419801e-02 -8.58790342e-04 1.31912449e-01 -3.36314724e-03 9.91255065e-01 -1.98263472e-01
9.89516558e-01 5.20314868e-02 -1.34720367e-01 1.59278325e-03 -5.11059110e-02 9.98639401e-01 1.03218892e-02 -8.78039322e-04 1.35074189e-01 -3.32867226e-03 9.90829278e-01 -2.02911036e-01
9.89001166e-01 5.32632674e-02 -1.37984298e-01 1.95289036e-03 -5.22928108e-02 9.98574508e-01 1.06513125e-02 -8.82346597e-04 1.38354988e-01 -3.31857261e-03 9.90376525e-01 -2.07534957e-01
9.88496054e-01 5.44250170e-02 -1.41114619e-01 2.32664359e-03 -5.34122361e-02 9.98511922e-01 1.09575133e-02 -9.21293919e-04 1.41501057e-01 -3.29421027e-03 9.89931967e-01 -2.12143812e-01
9.87989277e-01 5.56025233e-02 -1.44171808e-01 2.69889679e-03 -5.45506091e-02 9.98447233e-01 1.12420971e-02 -9.51166354e-04 1.44573098e-01 -3.24241025e-03 9.89488170e-01 -2.16528954e-01
9.87460621e-01 5.66749850e-02 -1.47341477e-01 3.12604025e-03 -5.55810313e-02 9.98387084e-01 1.15345701e-02 -9.71616868e-04 1.47757617e-01 -3.20054107e-03 9.89017793e-01 -2.21163541e-01
9.86909298e-01 5.78815663e-02 -1.50531679e-01 3.53368067e-03 -5.67391926e-02 9.98317909e-01 1.18765398e-02 -9.80173781e-04 1.50965975e-01 -3.18002009e-03 9.88533194e-01 -2.25721132e-01
9.86371231e-01 5.90341380e-02 -1.53579709e-01 3.98150077e-03 -5.78477335e-02 9.98250545e-01 1.21861541e-02 -1.01806410e-03 1.54030500e-01 -3.13583228e-03 9.88060429e-01 -2.30433482e-01
9.85825548e-01 6.01954492e-02 -1.56602691e-01 4.42250415e-03 -5.89642054e-02 9.98181313e-01 1.25002798e-02 -1.05816276e-03 1.57070415e-01 -3.08914048e-03 9.87581862e-01 -2.34944787e-01
9.85236781e-01 6.13074301e-02 -1.59842873e-01 4.91111126e-03 -6.00305639e-02 9.98113804e-01 1.28094422e-02 -1.08772470e-03 1.60326768e-01 -3.02487429e-03 9.87058635e-01 -2.39643359e-01
9.84648927e-01 6.25334703e-02 -1.62959856e-01 5.38460991e-03 -6.12034168e-02 9.98037780e-01 1.31745176e-02 -1.10766605e-03 1.63464022e-01 -2.99857291e-03 9.86544024e-01 -2.44294183e-01
9.84085032e-01 6.37220811e-02 -1.65879484e-01 5.86908332e-03 -6.23450041e-02 9.97962762e-01 1.35008148e-02 -1.15003976e-03 1.66401932e-01 -2.94419090e-03 9.86052873e-01 -2.48914706e-01
9.83479677e-01 6.48564890e-02 -1.69000772e-01 6.38573639e-03 -6.34303498e-02 9.97889871e-01 1.38295514e-02 -1.17566891e-03 1.69541182e-01 -2.88130271e-03 9.85518150e-01 -2.53527614e-01
9.82881670e-01 6.60839411e-02 -1.71978016e-01 6.88834231e-03 -6.46113130e-02 9.97809587e-01 1.41526471e-02 -1.21890077e-03 1.72536664e-01 -2.79865011e-03 9.84998349e-01 -2.58089641e-01
9.82266656e-01 6.72839960e-02 -1.74999997e-01 7.43083388e-03 -6.57610936e-02 9.97729568e-01 1.44933417e-02 -1.25412181e-03 1.75577934e-01 -2.72813291e-03 9.84460983e-01 -2.62719312e-01
9.81624075e-01 6.84270383e-02 -1.78134359e-01 8.00261211e-03 -6.68541689e-02 9.97652052e-01 1.48244679e-02 -1.28482255e-03 1.78730598e-01 -2.64302775e-03 9.83893727e-01 -2.67423071e-01
9.80978529e-01 6.94459372e-02 -1.81268721e-01 7.18371856e-03 -6.77935614e-02 9.97581441e-01 1.53031572e-02 -1.35306542e-03 1.81893138e-01 -2.72321395e-03 9.83313809e-01 -2.64747915e-01
9.80664383e-01 7.04220326e-02 -1.82587165e-01 5.09868512e-03 -6.86941085e-02 9.97512398e-01 1.57788898e-02 -1.36196159e-03 1.83244232e-01 -2.93112996e-03 9.83062325e-01 -2.55578454e-01
9.80589033e-01 7.11019379e-02 -1.82728371e-01 3.12366604e-03 -6.93380922e-02 9.97463806e-01 1.60318641e-02 -1.33728996e-03 1.83404933e-01 -3.05063077e-03 9.83031952e-01 -2.46712858e-01
9.80523044e-01 7.19752593e-02 -1.82740652e-01 1.14452254e-03 -7.01613081e-02 9.97400587e-01 1.63807336e-02 -1.31750387e-03 1.83444742e-01 -3.24036062e-03 9.83023916e-01 -2.38049533e-01
9.80454165e-01 7.29236125e-02 -1.82734382e-01 -7.46469401e-04 -7.10420074e-02 9.97330795e-01 1.68308180e-02 -1.30810575e-03 1.83474084e-01 -3.52002515e-03 9.83017497e-01 -2.29872189e-01
9.80537300e-01 7.36263393e-02 -1.82004830e-01 -2.58351090e-03 -7.16931300e-02 9.97278069e-01 1.71873647e-02 -1.28823832e-03 1.82774970e-01 -3.80435308e-03 9.83146625e-01 -2.21550329e-01
9.80639439e-01 7.47412154e-02 -1.80997349e-01 -4.62144899e-03 -7.27344215e-02 9.97193553e-01 1.77088363e-02 -1.29489016e-03 1.81813071e-01 -4.20124251e-03 9.83323344e-01 -2.12511616e-01
9.80777324e-01 7.56531476e-02 -1.79867948e-01 -6.61867440e-03 -7.36073221e-02 9.97123696e-01 1.80309939e-02 -1.32491066e-03 1.80714805e-01 -4.44478826e-03 9.83524711e-01 -2.03556845e-01
9.80927570e-01 7.66119072e-02 -1.78638606e-01 -8.66702885e-03 -7.45154307e-02 9.97049042e-01 1.84261890e-02 -1.36364571e-03 1.79523227e-01 -4.76342032e-03 9.83741394e-01 -1.94364339e-01
9.80859894e-01 7.75064441e-02 -1.78624442e-01 -1.04556271e-02 -7.53328871e-02 9.96978196e-01 1.89294830e-02 -1.42107508e-03 1.79551944e-01 -5.11087173e-03 9.83734402e-01 -1.86737174e-01
9.80599540e-01 7.84725296e-02 -1.79629535e-01 -1.22352055e-02 -7.62030039e-02 9.96900868e-01 1.95109839e-02 -1.46480833e-03 1.80604030e-01 -5.44414712e-03 9.83540028e-01 -1.79169335e-01
9.80311018e-01 7.94264274e-02 -1.80781477e-01 -1.42464691e-02 -7.70375159e-02 9.96822803e-01 2.02089292e-02 -1.48757005e-03 1.81812338e-01 -5.88407485e-03 9.83314871e-01 -1.70526860e-01
9.80196417e-01 8.02823369e-02 -1.81024681e-01 -1.62024174e-02 -7.78177901e-02 9.96752378e-01 2.06874756e-02 -1.48560137e-03 1.82097731e-01 -6.19084319e-03 9.83260209e-01 -1.61797823e-01
9.79888600e-01 8.09591129e-02 -1.82384615e-01 -1.87794472e-02 -7.84212084e-02 9.96696504e-01 2.10964596e-02 -1.41893788e-03 1.83490164e-01 -6.36935236e-03 9.83000203e-01 -1.49340167e-01
9.79610179e-01 8.16781036e-02 -1.83556140e-01 -2.05531661e-02 -7.90496420e-02 9.96635982e-01 2.16040867e-02 -1.49710006e-03 1.84703349e-01 -6.65352961e-03 9.82771083e-01 -1.41637957e-01
9.79340935e-01 8.25530583e-02 -1.84598558e-01 -2.24467303e-02 -7.98389576e-02 9.96562172e-01 2.21007033e-02 -1.57602178e-03 1.85788544e-01 -6.90596039e-03 9.82564736e-01 -1.33451892e-01
9.79102560e-01 8.33490001e-02 -1.85503105e-01 -2.43365489e-02 -8.05430704e-02 9.96493752e-01 2.26243830e-02 -1.62703112e-03 1.86738520e-01 -7.21059473e-03 9.82382477e-01 -1.25083204e-01
9.78621485e-01 8.39834103e-02 -1.87742262e-01 -2.61262245e-02 -8.10387340e-02 9.96437558e-01 2.33194456e-02 -1.69577234e-03 1.89032007e-01 -7.60650765e-03 9.81940769e-01 -1.17611637e-01
9.78083372e-01 8.46719989e-02 -1.90220628e-01 -2.79908320e-02 -8.16077279e-02 9.96377345e-01 2.38994427e-02 -1.79285815e-03 1.91555260e-01 -7.85216660e-03 9.81449700e-01 -1.10041023e-01
9.77458054e-01 8.53817835e-02 -1.93095976e-01 -2.99233802e-02 -8.21900521e-02 9.96315034e-01 2.44950367e-02 -1.91186615e-03 1.94475976e-01 -8.07229487e-03 9.80873340e-01 -1.02184035e-01
9.76858897e-01 8.62624970e-02 -1.95718830e-01 -3.19810563e-02 -8.29400456e-02 9.96237213e-01 2.51240916e-02 -2.01324056e-03 1.97149779e-01 -8.30975573e-03 9.80337411e-01 -9.38288865e-02
9.76290491e-01 8.69684313e-02 -1.98226365e-01 -3.39990584e-02 -8.34891540e-02 9.96172508e-01 2.58591357e-02 -2.12440941e-03 1.99716719e-01 -8.69626879e-03 9.79814302e-01 -8.55741516e-02
9.75794965e-01 8.76996348e-02 -2.00333181e-01 -3.59679392e-02 -8.40892352e-02 9.96105832e-01 2.64775687e-02 -2.30677067e-03 2.01875248e-01 -8.99080545e-03 9.79369243e-01 -7.74759558e-02
9.75391291e-01 8.83264725e-02 -2.02016640e-01 -3.79458691e-02 -8.46006147e-02 9.96047928e-01 2.70213877e-02 -2.44573159e-03 2.03605091e-01 -9.26568538e-03 9.79008499e-01 -6.91002802e-02
9.74954169e-01 8.91006240e-02 -2.03778852e-01 -4.00427052e-02 -8.52643367e-02 9.95976916e-01 2.75465984e-02 -2.58211579e-03 2.05413586e-01 -9.48159359e-03 9.78628538e-01 -6.06273357e-02
9.74443702e-01 9.00659853e-02 -2.05786278e-01 -4.19584391e-02 -8.61003262e-02 9.95887763e-01 2.81639682e-02 -2.75537441e-03 2.07476776e-01 -9.72592667e-03 9.78190829e-01 -5.30158066e-02
9.73939976e-01 9.10728411e-02 -2.07718487e-01 -4.37579446e-02 -8.69835025e-02 9.95794036e-01 2.87559845e-02 -2.92881174e-03 2.09463854e-01 -9.93851232e-03 9.77765069e-01 -4.62258647e-02
9.73343263e-01 9.19872192e-02 -2.10098970e-01 -4.54282468e-02 -8.77669912e-02 9.95708119e-01 2.93437214e-02 -3.12535449e-03 2.11896636e-01 -1.01217494e-02 9.77238868e-01 -4.02123339e-02
9.72755103e-01 9.26877227e-02 -2.12501439e-01 -4.82418206e-02 -8.83758623e-02 9.95643043e-01 2.97216536e-02 -3.08603754e-03 2.14330555e-01 -1.01318822e-02 9.76707838e-01 -2.83020773e-02
9.72135413e-01 9.34988352e-02 -2.14967554e-01 -4.99888616e-02 -8.90516474e-02 9.95565332e-01 3.03023120e-02 -3.29975648e-03 2.16847618e-01 -1.03147259e-02 9.76150146e-01 -2.16619730e-02
9.71679758e-01 9.43518632e-02 -2.16648252e-01 -5.16402178e-02 -8.97642033e-02 9.95481660e-01 3.09421349e-02 -3.55125208e-03 2.18588951e-01 -1.06185788e-02 9.75758401e-01 -1.52434973e-02
9.71157464e-01 9.50837853e-02 -2.18660772e-01 -5.33865451e-02 -9.03585321e-02 9.95409349e-01 3.15328372e-02 -3.77755430e-03 2.20655388e-01 -1.08654744e-02 9.75290417e-01 -8.62092609e-03
9.70388650e-01 9.58381080e-02 -2.21723367e-01 -5.49411689e-02 -9.09328345e-02 9.95334072e-01 3.22510458e-02 -4.01883128e-03 2.23779837e-01 -1.11341045e-02 9.74575269e-01 -3.01206319e-03
9.69736812e-01 9.64787754e-02 -2.24282645e-01 -5.65663530e-02 -9.14154565e-02 9.95269417e-01 3.28759685e-02 -4.26376189e-03 2.26393631e-01 -1.13781263e-02 9.73968565e-01 2.89891116e-03
9.68724621e-01 9.74592971e-02 -2.28198723e-01 -5.84282995e-02 -9.21885522e-02 9.95171526e-01 3.36700941e-02 -4.44064936e-03 2.30378487e-01 -1.15797285e-02 9.73031312e-01 9.10105317e-03
9.67861965e-01 9.83653669e-02 -2.31447344e-01 -6.02836011e-02 -9.29104535e-02 9.95080121e-01 3.43793504e-02 -4.62277063e-03 2.33690548e-01 -1.17705765e-02 9.72238887e-01 1.51559721e-02
9.67032289e-01 9.91463009e-02 -2.34561157e-01 -6.18667284e-02 -9.35141511e-02 9.95000427e-01 3.50420033e-02 -4.85614703e-03 2.36862897e-01 -1.19519493e-02 9.71468676e-01 2.01448556e-02
9.65936682e-01 1.00000778e-01 -2.38676662e-01 -6.34319308e-02 -9.41595927e-02 9.94913247e-01 3.57805553e-02 -5.10656821e-03 2.41040814e-01 -1.20880408e-02 9.70438832e-01 2.51297085e-02
9.65197250e-01 1.00796571e-01 -2.41318624e-01 -6.50856888e-02 -9.47711904e-02 9.94829881e-01 3.64772302e-02 -5.34186437e-03 2.43747903e-01 -1.23376559e-02 9.69759309e-01 3.03591686e-02
9.65038115e-01 1.01051838e-01 -2.41847664e-01 -6.33717756e-02 -9.48469142e-02 9.94796156e-01 3.71935517e-02 -5.90740248e-03 2.44347738e-01 -1.29546774e-02 9.69600303e-01 2.19221674e-02
9.64855631e-01 1.01257481e-01 -2.42488767e-01 -6.16870767e-02 -9.48736754e-02 9.94767235e-01 3.78916638e-02 -6.47943939e-03 2.45056840e-01 -1.35541721e-02 9.69413081e-01 1.36478449e-02
9.64688605e-01 1.01470525e-01 -2.43063625e-01 -6.00072168e-02 -9.49092917e-02 9.94737151e-01 3.85852702e-02 -7.04847847e-03 2.45699841e-01 -1.41537607e-02 9.69241738e-01 5.41630693e-03
9.64490365e-01 1.01695295e-01 -2.43755364e-01 -5.83885706e-02 -9.49451184e-02 9.94705173e-01 3.93150931e-02 -7.62875703e-03 2.46463026e-01 -1.47756334e-02 9.69038680e-01 -2.52991544e-03
9.64298452e-01 1.01927574e-01 -2.44416779e-01 -5.66947488e-02 -9.49974192e-02 9.94672506e-01 4.00086203e-02 -8.21257393e-03 2.47192785e-01 -1.53612734e-02 9.68843673e-01 -1.07924622e-02
9.64111080e-01 1.02210023e-01 -2.45037110e-01 -5.49719343e-02 -9.50998590e-02 9.94634327e-01 4.07075382e-02 -8.81098375e-03 2.47883203e-01 -1.59435804e-02 9.68657810e-01 -1.91904903e-02
9.63951619e-01 1.02475563e-01 -2.45552983e-01 -5.33497907e-02 -9.51810442e-02 9.94596949e-01 4.14250511e-02 -9.40870904e-03 2.48471458e-01 -1.65597420e-02 9.68496757e-01 -2.71738487e-02
9.67719532e-01 1.02698732e-01 -2.30156589e-01 -5.19012482e-02 -9.60217035e-02 9.94572165e-01 4.00566733e-02 -9.86084051e-03 2.33021272e-01 -1.66635838e-02 9.72327942e-01 -3.37242889e-02
9.71116175e-01 1.02851606e-01 -2.15302417e-01 -5.04542032e-02 -9.67494674e-02 9.94554530e-01 3.87206482e-02 -1.03029963e-02 2.18112649e-01 -1.67718392e-02 9.75778572e-01 -4.07437845e-02
9.74367037e-01 1.02816075e-01 -2.00094694e-01 -4.90499521e-02 -9.72704967e-02 9.94555051e-01 3.73781554e-02 -1.07390916e-02 2.02848447e-01 -1.69567187e-02 9.79062380e-01 -4.79380086e-02
9.77396131e-01 1.03018150e-01 -1.84619002e-01 -4.80081576e-02 -9.80003944e-02 9.94529684e-01 3.61256762e-02 -1.10751357e-02 1.87330860e-01 -1.72163477e-02 9.82145061e-01 -5.39688375e-02
9.80107338e-01 1.03266617e-01 -1.69486419e-01 -4.71129144e-02 -9.87617984e-02 9.94500859e-01 3.48208543e-02 -1.14110148e-02 1.72150413e-01 -1.73893784e-02 9.84916210e-01 -5.99760954e-02
9.82615131e-01 1.03316660e-01 -1.54250389e-01 -4.62401536e-02 -9.93256947e-02 9.94494081e-01 3.33805361e-02 -1.17258450e-02 1.56850061e-01 -1.74791804e-02 9.87466759e-01 -6.61761411e-02
9.84815149e-01 1.03545066e-01 -1.39346534e-01 -4.56165531e-02 -1.00018829e-01 9.94466923e-01 3.20938615e-02 -1.20008453e-02 1.41898886e-01 -1.76692322e-02 9.89722417e-01 -7.16511015e-02
9.86825233e-01 1.03709994e-01 -1.24177537e-01 -4.50542409e-02 -1.00639851e-01 9.94446275e-01 3.07636809e-02 -1.22268375e-02 1.26678604e-01 -1.78611566e-02 9.91781929e-01 -7.70015677e-02
9.88607209e-01 1.03875290e-01 -1.08929012e-01 -4.45801441e-02 -1.01256691e-01 9.94427356e-01 2.93165172e-02 -1.24168763e-02 1.11367467e-01 -1.79527181e-02 9.93616041e-01 -8.18881263e-02
9.90023177e-01 1.04115334e-01 -9.49416214e-02 -4.43271481e-02 -1.01874546e-01 9.94397552e-01 2.81642073e-02 -1.25834404e-02 9.73422539e-02 -1.82110720e-02 9.95083294e-01 -8.57770394e-02
9.91277817e-01 1.04425687e-01 -8.03954416e-02 -4.40540663e-02 -1.02573301e-01 9.94362144e-01 2.68473212e-02 -1.27234484e-02 8.27459498e-02 -1.83667162e-02 9.96400364e-01 -9.03321011e-02
9.92341558e-01 1.04522202e-01 -6.58266824e-02 -4.37401772e-02 -1.03043976e-01 9.94349594e-01 2.54741288e-02 -1.28659623e-02 6.81175651e-02 -1.84959825e-02 9.97504760e-01 -9.54514649e-02
9.93266139e-01 1.04899724e-01 -4.91754123e-02 -4.33550077e-02 -1.03840585e-01 9.94312319e-01 2.36264722e-02 -1.30337183e-02 5.13743494e-02 -1.83609597e-02 9.98509592e-01 -1.01752500e-01
9.93819616e-01 1.05108431e-01 -3.57005372e-02 -4.31679657e-02 -1.04354275e-01 9.94287479e-01 2.23739464e-02 -1.31068308e-02 3.78485089e-02 -1.85101519e-02 9.99110944e-01 -1.05851939e-01
9.94189711e-01 1.05424205e-01 -2.17322952e-02 -4.30151033e-02 -1.04969198e-01 9.94250303e-01 2.11134876e-02 -1.31802574e-02 2.38334363e-02 -1.87095796e-02 9.99539726e-01 -1.09902611e-01
9.94349740e-01 1.05841240e-01 -8.12078097e-03 -4.29178185e-02 -1.05663542e-01 9.94202663e-01 1.98537482e-02 -1.32203467e-02 1.01752690e-02 -1.88834872e-02 9.99768788e-01 -1.13629534e-01
9.94335581e-01 1.06132222e-01 5.69626038e-03 -4.27838212e-02 -1.06220819e-01 9.94168138e-01 1.85672465e-02 -1.32461295e-02 -3.69223652e-03 -1.90671236e-02 9.99810242e-01 -1.17649462e-01
9.94142554e-01 1.06252091e-01 1.97696356e-02 -4.27068802e-02 -1.06595640e-01 9.94152284e-01 1.72179488e-02 -1.32730745e-02 -1.78243657e-02 -1.92244403e-02 9.99655155e-01 -1.21782674e-01
9.93741968e-01 1.06433501e-01 3.38909268e-02 -4.26285654e-02 -1.07015516e-01 9.94130000e-01 1.58436427e-02 -1.32587457e-02 -3.20054752e-02 -1.93713343e-02 9.99298832e-01 -1.25484844e-01
9.93171488e-01 1.06686011e-01 4.72047116e-02 -4.26172272e-02 -1.07476907e-01 9.94100181e-01 1.45388349e-02 -1.32613837e-02 -4.53749054e-02 -1.95129600e-02 9.98778282e-01 -1.29505279e-01
9.92408880e-01 1.07117238e-01 6.04180475e-02 -4.26728315e-02 -1.08099488e-01 9.94051094e-01 1.32206988e-02 -1.32523876e-02 -5.86422452e-02 -1.96514864e-02 9.98084454e-01 -1.33440164e-01
9.91394652e-01 1.07578966e-01 7.45869806e-02 -4.27602854e-02 -1.08743612e-01 9.93999654e-01 1.17214767e-02 -1.32157236e-02 -7.28782326e-02 -1.97314551e-02 9.97144454e-01 -1.36995674e-01
9.90201244e-01 1.07858934e-01 8.87006070e-02 -4.28678499e-02 -1.09187578e-01 9.93967247e-01 1.02515095e-02 -1.31679710e-02 -8.70595649e-02 -1.98360498e-02 9.96004414e-01 -1.40548926e-01
9.88846168e-01 1.08254863e-01 1.02293604e-01 -4.30398634e-02 -1.09728847e-01 9.93920831e-01 8.87706663e-03 -1.31245524e-02 -1.00710543e-01 -2.00025995e-02 9.94713495e-01 -1.44078049e-01
9.87273803e-01 1.08743681e-01 1.16039005e-01 -4.32493785e-02 -1.10352567e-01 9.93862999e-01 7.51262664e-03 -1.30942013e-02 -1.14509711e-01 -2.02222088e-02 9.93215083e-01 -1.47511160e-01
9.85509354e-01 1.09329596e-01 1.29684833e-01 -4.35820374e-02 -1.11037999e-01 9.93796969e-01 5.99488140e-03 -1.30567507e-02 -1.28224764e-01 -2.03079432e-02 9.91535985e-01 -1.51453305e-01
9.83589586e-01 1.10070538e-01 1.42953969e-01 -4.39216806e-02 -1.11866739e-01 9.93711630e-01 4.56414778e-03 -1.30188088e-02 -1.41552432e-01 -2.04810292e-02 9.89717668e-01 -1.54934850e-01
9.80999374e-01 1.10523294e-01 1.59451113e-01 -4.45513779e-02 -1.12367740e-01 9.93662276e-01 2.56965832e-03 -1.29916705e-02 -1.58156340e-01 -2.04379818e-02 9.87201311e-01 -1.60337718e-01
9.78552633e-01 1.11106280e-01 1.73464507e-01 -4.50010762e-02 -1.12981660e-01 9.93595537e-01 9.43604586e-04 -1.29586822e-02 -1.72248512e-01 -2.05216629e-02 9.84838484e-01 -1.64240270e-01
9.75834471e-01 1.11849518e-01 1.87714012e-01 -4.55733690e-02 -1.13741661e-01 9.93509034e-01 -6.95657478e-04 -1.29253773e-02 -1.86573167e-01 -2.06720455e-02 9.82222286e-01 -1.68477276e-01
9.72928054e-01 1.12568572e-01 2.01839445e-01 -4.62249177e-02 -1.14452291e-01 9.93424906e-01 -2.35182820e-03 -1.29001419e-02 -2.00776864e-01 -2.08128154e-02 9.79414616e-01 -1.72889994e-01
9.69808393e-01 1.13270404e-01 2.15966106e-01 -4.69573072e-02 -1.15120521e-01 9.93342258e-01 -4.03559331e-03 -1.28644279e-02 -2.14985162e-01 -2.09483651e-02 9.76391374e-01 -1.77416821e-01
9.66510283e-01 1.14017478e-01 2.29908091e-01 -4.78092566e-02 -1.15810691e-01 9.93253734e-01 -5.72480296e-03 -1.28302370e-02 -2.29009586e-01 -2.10927213e-02 9.73194353e-01 -1.82210172e-01
9.63030823e-01 1.14707359e-01 2.43749162e-01 -4.86894953e-02 -1.16420636e-01 9.93171229e-01 -7.41541651e-03 -1.27921974e-02 -2.42935047e-01 -2.12361454e-02 9.69808800e-01 -1.86835638e-01
9.59214692e-01 1.15374988e-01 2.58061216e-01 -4.96683351e-02 -1.16948722e-01 9.93093360e-01 -9.29746325e-03 -1.27180297e-02 -2.57351368e-01 -2.12616543e-02 9.66082648e-01 -1.91631029e-01
9.55174218e-01 1.16063643e-01 2.72344082e-01 -5.07070621e-02 -1.17484253e-01 9.93011150e-01 -1.11428242e-02 -1.26352342e-02 -2.71733781e-01 -2.13527895e-02 9.62134254e-01 -1.96317274e-01
9.51064600e-01 1.16565442e-01 2.86161527e-01 -5.18514435e-02 -1.17807986e-01 9.92951084e-01 -1.29328766e-02 -1.25480036e-02 -2.85651721e-01 -2.14120999e-02 9.58092936e-01 -2.01219788e-01
9.48000635e-01 1.17029440e-01 2.95970664e-01 -5.30510547e-02 -1.18163547e-01 9.92892676e-01 -1.41185118e-02 -1.24029725e-02 -2.95519182e-01 -2.15885742e-02 9.55091484e-01 -2.05580117e-01
9.48102810e-01 1.16936362e-01 2.95680010e-01 -5.46415458e-02 -1.18207580e-01 9.92894167e-01 -1.36383750e-02 -1.24492362e-02 -2.95173563e-01 -2.20210261e-02 9.55188499e-01 -2.10101147e-01
9.48212257e-01 1.16871559e-01 2.95354427e-01 -5.62158151e-02 -1.18277374e-01 9.92892245e-01 -1.31668936e-02 -1.25069616e-02 -2.94793723e-01 -2.24487261e-02 9.55295847e-01 -2.14561743e-01
9.48323670e-01 1.16765393e-01 2.95038503e-01 -5.78032915e-02 -1.18306974e-01 9.92895015e-01 -1.26849726e-02 -1.25594661e-02 -2.94423179e-01 -2.28756435e-02 9.55399993e-01 -2.19095653e-01
9.48488621e-01 1.16554479e-01 2.94591252e-01 -5.94912739e-02 -1.18232666e-01 9.92910295e-01 -1.21723858e-02 -1.26036678e-02 -2.93921177e-01 -2.32849313e-02 9.55544658e-01 -2.24000744e-01
9.48561637e-01 1.17552346e-01 2.93959001e-01 -6.62136399e-02 -1.19405869e-01 9.92775580e-01 -1.17000887e-02 -1.19418959e-02 -2.93210445e-01 -2.40021667e-02 9.55745213e-01 -2.45670159e-01
9.48620537e-01 1.18260091e-01 2.93484536e-01 -7.15559544e-02 -1.20209839e-01 9.92681396e-01 -1.14525452e-02 -1.13474189e-02 -2.92690782e-01 -2.44156019e-02 9.55893976e-01 -2.62798171e-01
9.48590781e-01 1.19195916e-01 2.93201924e-01 -7.69636212e-02 -1.21265280e-01 9.92556088e-01 -1.11785994e-02 -1.07650636e-02 -2.92351578e-01 -2.49512894e-02 9.55983919e-01 -2.80075480e-01
9.48493173e-01 1.20099907e-01 2.93148848e-01 -8.25861004e-02 -1.22273899e-01 9.92434683e-01 -1.09686288e-02 -1.01344199e-02 -2.92248207e-01 -2.54407753e-02 9.56002603e-01 -2.98059200e-01
9.48335077e-01 1.20991293e-01 2.93293782e-01 -8.80675722e-02 -1.23284343e-01 9.92312345e-01 -1.07276910e-02 -9.50997407e-03 -2.92336775e-01 -2.59850778e-02 9.55960903e-01 -3.15645262e-01
9.48197807e-01 1.21889816e-01 2.93365612e-01 -9.37351855e-02 -1.24288868e-01 9.92189209e-01 -1.05241053e-02 -8.88560874e-03 -2.92356765e-01 -2.64831383e-02 9.55941101e-01 -3.33863134e-01
9.48041673e-01 1.22844450e-01 2.93472066e-01 -9.95046027e-02 -1.25347549e-01 9.92057970e-01 -1.03389814e-02 -8.21541235e-03 -2.92411190e-01 -2.69842109e-02 9.55910421e-01 -3.52328673e-01
9.47845286e-01 1.23810691e-01 2.93700269e-01 -1.05098398e-01 -1.26405643e-01 9.91925077e-01 -1.02077523e-02 -7.52039086e-03 -2.92592299e-01 -2.74499945e-02 9.55841703e-01 -3.70309866e-01
9.47692663e-01 1.24620165e-01 2.93850340e-01 -1.10599904e-01 -1.27315467e-01 9.91810619e-01 -1.00178725e-02 -6.84209028e-03 -2.92692138e-01 -2.79178224e-02 9.55797555e-01 -3.88031005e-01
9.47575557e-01 1.25377926e-01 2.93905561e-01 -1.16143596e-01 -1.28182901e-01 9.91701199e-01 -9.78052075e-03 -6.19299366e-03 -2.92692597e-01 -2.84058782e-02 9.55783004e-01 -4.05910008e-01
9.47402808e-01 1.26105845e-01 2.94150852e-01 -1.21814276e-01 -1.29015432e-01 9.91595216e-01 -9.57490002e-03 -5.51262094e-03 -2.92885883e-01 -2.88787065e-02 9.55709568e-01 -4.24208587e-01
9.47273495e-01 1.26780570e-01 2.94277181e-01 -1.27711346e-01 -1.29805607e-01 9.91494572e-01 -9.31409099e-03 -4.87426870e-03 -2.92954916e-01 -2.93758311e-02 9.55673272e-01 -4.43194650e-01
9.47094072e-01 1.27411884e-01 2.94581989e-01 -1.33560537e-01 -1.30538656e-01 9.91400209e-01 -9.11080894e-03 -4.26257385e-03 -2.93209331e-01 -2.98255374e-02 9.55581308e-01 -4.62035472e-01
9.46919352e-01 1.27979333e-01 2.94897614e-01 -1.39435179e-01 -1.31193936e-01 9.91315214e-01 -8.94510885e-03 -3.62145017e-03 -2.93481153e-01 -3.02184747e-02 9.55485508e-01 -4.80915879e-01
9.46706838e-01 1.28880811e-01 2.95187157e-01 -1.45272932e-01 -1.32185583e-01 9.91184546e-01 -8.82080626e-03 -3.04979939e-03 -2.93721661e-01 -3.06687601e-02 9.55397259e-01 -4.99487028e-01
9.46501497e-01 1.29927236e-01 2.95386744e-01 -1.52377304e-01 -1.33329669e-01 9.91032469e-01 -8.68520115e-03 -2.34858322e-03 -2.93866186e-01 -3.11632531e-02 9.55336781e-01 -5.22215413e-01
9.46320150e-01 1.30692611e-01 2.95629874e-01 -1.58011446e-01 -1.34188351e-01 9.90917908e-01 -8.52627410e-03 -1.77823614e-03 -2.94059156e-01 -3.16014940e-02 9.55262957e-01 -5.40114546e-01
9.46113980e-01 1.31607359e-01 2.95883848e-01 -1.63726878e-01 -1.35180476e-01 9.90783723e-01 -8.44389868e-03 -1.18589754e-03 -2.94268082e-01 -3.20088206e-02 9.55185075e-01 -5.58093447e-01
9.46034202e-01 1.32567871e-01 2.95710009e-01 -1.69521797e-01 -1.36268236e-01 9.90637121e-01 -8.15783042e-03 -6.25855642e-04 -2.94022665e-01 -3.25782879e-02 9.55241395e-01 -5.76258429e-01
9.45851213e-01 1.33585998e-01 2.95837170e-01 -1.75221191e-01 -1.37391444e-01 9.90483352e-01 -7.98735215e-03 -1.01803311e-04 -2.94088687e-01 -3.30906427e-02 9.55203437e-01 -5.94127908e-01
9.45628606e-01 1.34437655e-01 2.96162762e-01 -1.80966376e-01 -1.38324904e-01 9.90354154e-01 -7.89100143e-03 4.25614457e-04 -2.94366773e-01 -3.35047218e-02 9.55103335e-01 -6.12080412e-01
9.45325949e-01 1.35237573e-01 2.96764115e-01 -1.86391249e-01 -1.39145522e-01 9.90238174e-01 -8.01863836e-03 9.85219018e-04 -2.94951481e-01 -3.37131655e-02 9.54915565e-01 -6.28898111e-01
9.45053174e-01 1.36108351e-01 2.97234401e-01 -1.91882617e-01 -1.40127342e-01 9.90101019e-01 -7.85019349e-03 1.48441257e-03 -2.95360480e-01 -3.42318102e-02 9.54770669e-01 -6.45811409e-01
9.44743232e-01 1.36820197e-01 2.97892279e-01 -1.97231151e-01 -1.40924084e-01 9.89988607e-01 -7.76619673e-03 1.99057785e-03 -2.95972465e-01 -3.46431275e-02 9.54566298e-01 -6.62285434e-01
9.44274909e-01 1.37680445e-01 2.98978784e-01 -2.02442955e-01 -1.41847085e-01 9.89856237e-01 -7.83111008e-03 2.44454805e-03 -2.97024138e-01 -3.50145404e-02 9.54226029e-01 -6.78209998e-01
9.43723867e-01 1.38504178e-01 3.00334977e-01 -2.07441031e-01 -1.42703184e-01 9.89731613e-01 -8.02334337e-03 2.93255108e-03 -2.98362221e-01 -3.52869300e-02 9.53798433e-01 -6.93484426e-01
9.43136470e-01 1.39307562e-01 3.01804893e-01 -2.12288000e-01 -1.43534106e-01 9.89609634e-01 -8.24366319e-03 3.42397612e-03 -2.99817368e-01 -3.55443907e-02 9.53332435e-01 -7.08184765e-01
9.42592044e-01 1.40207634e-01 3.03086206e-01 -2.17165688e-01 -1.44445674e-01 9.89474732e-01 -8.50812412e-03 3.91467240e-03 -3.01088982e-01 -3.57597946e-02 9.52923542e-01 -7.22844190e-01
9.42071401e-01 1.41091164e-01 3.04292550e-01 -2.22140925e-01 -1.45322189e-01 9.89343655e-01 -8.82011822e-03 4.37917951e-03 -3.02294284e-01 -3.59112723e-02 9.52536158e-01 -7.37731844e-01
9.41411220e-01 1.41712071e-01 3.06042222e-01 -2.26982032e-01 -1.45951220e-01 9.89248440e-01 -9.11133880e-03 4.82946484e-03 -3.04042917e-01 -3.60897133e-02 9.51972700e-01 -7.52301829e-01
9.40888183e-01 1.42801371e-01 3.07142321e-01 -2.33073842e-01 -1.47040677e-01 9.89084149e-01 -9.42191145e-03 5.47995881e-03 -3.05135009e-01 -3.62974432e-02 9.51615311e-01 -7.70752806e-01
9.40332112e-01 1.43512644e-01 3.08510604e-01 -2.38034221e-01 -1.47750295e-01 9.88975555e-01 -9.71208718e-03 5.98802340e-03 -3.06503200e-01 -3.64499387e-02 9.51169676e-01 -7.85630824e-01
9.39690380e-01 1.44545535e-01 3.09980242e-01 -2.43172344e-01 -1.48846645e-01 9.88809635e-01 -9.86638887e-03 6.43771920e-03 -3.07937542e-01 -3.68681628e-02 9.50690143e-01 -8.00784877e-01
9.39195121e-01 1.45520703e-01 3.11023139e-01 -2.48148765e-01 -1.49844710e-01 9.88656687e-01 -1.00851538e-02 6.95770754e-03 -3.08962655e-01 -3.71332411e-02 9.50347137e-01 -8.15382598e-01
9.38727458e-01 1.46657470e-01 3.11899947e-01 -2.53125662e-01 -1.51000618e-01 9.88478373e-01 -1.03220309e-02 7.48172827e-03 -3.09820108e-01 -3.74075053e-02 9.50057214e-01 -8.29896952e-01
9.38306316e-01 1.47533383e-01 3.12752883e-01 -2.57912203e-01 -1.51909844e-01 9.88337465e-01 -1.04713155e-02 7.97461621e-03 -3.10650214e-01 -3.76849346e-02 9.49775143e-01 -8.43713282e-01
9.37950424e-01 1.48506421e-01 3.13359287e-01 -2.62602281e-01 -1.52893762e-01 9.88183528e-01 -1.06745450e-02 8.48665909e-03 -3.11241682e-01 -3.78984790e-02 9.49572997e-01 -8.57239450e-01
9.37884010e-01 1.49514919e-01 3.13078367e-01 -2.67411793e-01 -1.53941756e-01 9.88020701e-01 -1.06825235e-02 8.96011407e-03 -3.10925062e-01 -3.81768568e-02 9.49665581e-01 -8.71066118e-01
9.37837067e-01 1.50409452e-01 3.12790471e-01 -2.72489253e-01 -1.54891233e-01 9.87872956e-01 -1.06232045e-02 9.40935837e-03 -3.10595035e-01 -3.84856571e-02 9.49761122e-01 -8.85749356e-01
9.37677962e-01 1.51236723e-01 3.12868625e-01 -2.77411028e-01 -1.55765888e-01 9.87735440e-01 -1.06235520e-02 9.82334205e-03 -3.10638058e-01 -3.87727792e-02 9.49735372e-01 -9.00027941e-01
9.37423336e-01 1.51899332e-01 3.13310326e-01 -2.82301211e-01 -1.56460087e-01 9.87624948e-01 -1.06934895e-02 1.02200448e-02 -3.11057386e-01 -3.89962243e-02 9.49588974e-01 -9.14286025e-01
9.36976950e-01 1.52317073e-01 3.14440784e-01 -2.85650052e-01 -1.56939075e-01 9.87548590e-01 -1.07249830e-02 1.04179786e-02 -3.12159116e-01 -3.92989722e-02 9.49214893e-01 -9.23948216e-01
9.36755451e-01 1.52836755e-01 3.14848323e-01 -2.86971993e-01 -1.57585138e-01 9.87448359e-01 -1.04806505e-02 1.04146647e-02 -3.12498247e-01 -3.97975997e-02 9.49082520e-01 -9.27212712e-01
9.36550332e-01 1.53333914e-01 3.15216555e-01 -2.88326403e-01 -1.58197495e-01 9.87352737e-01 -1.02624257e-02 1.04132667e-02 -3.12803451e-01 -4.02551808e-02 9.48962691e-01 -9.30585397e-01
9.36353023e-01 1.53810413e-01 3.15570395e-01 -2.89655834e-01 -1.58788389e-01 9.87260163e-01 -1.00422686e-02 1.04145288e-02 -3.13094617e-01 -4.07057955e-02 9.48847465e-01 -9.33900176e-01
9.36169281e-01 1.54292999e-01 3.15879842e-01 -2.90990972e-01 -1.59390948e-01 9.87165493e-01 -9.80105093e-03 1.04122264e-02 -3.13337834e-01 -4.11729323e-02 9.48747055e-01 -9.37224181e-01
9.35951836e-01 1.54803946e-01 3.16273878e-01 -2.92341269e-01 -1.60016733e-01 9.87066292e-01 -9.59273004e-03 1.04177915e-02 -3.13668183e-01 -4.16307683e-02 9.48617914e-01 -9.40585146e-01
9.39178569e-01 1.54755901e-01 3.06583638e-01 -2.93704092e-01 -1.60086357e-01 9.87070429e-01 -7.84592906e-03 1.09107006e-02 -3.03833754e-01 -4.17111164e-02 9.51809885e-01 -9.42412571e-01
9.42295412e-01 1.54693816e-01 2.96898065e-01 -2.94849189e-01 -1.60147949e-01 9.87073242e-01 -6.02087681e-03 1.13468703e-02 -2.93991442e-01 -4.18741595e-02 9.54888668e-01 -9.43739475e-01
9.45378755e-01 1.54597680e-01 2.86980465e-01 -2.96047615e-01 -1.60167221e-01 9.87079865e-01 -4.11772084e-03 1.17842106e-02 -2.83909155e-01 -4.20720480e-02 9.57925997e-01 -9.45252653e-01
9.48146734e-01 1.54654849e-01 2.77666841e-01 -2.97040875e-01 -1.60303201e-01 9.87063472e-01 -2.38897250e-03 1.22135123e-02 -2.74444193e-01 -4.22457764e-02 9.60672868e-01 -9.46257058e-01
9.50862273e-01 1.54644739e-01 2.68226053e-01 -2.98035405e-01 -1.60352484e-01 9.87058141e-01 -6.35193508e-04 1.26342676e-02 -2.64852874e-01 -4.24067197e-02 9.63354210e-01 -9.47354624e-01
9.53514389e-01 1.54547706e-01 2.58697815e-01 -2.99082411e-01 -1.60301890e-01 9.87065857e-01 1.16444671e-03 1.30456205e-02 -2.55171761e-01 -4.25800540e-02 9.65955982e-01 -9.48626791e-01
9.56163540e-01 1.54531140e-01 2.48738076e-01 -3.00070657e-01 -1.60313579e-01 9.87059967e-01 3.03266293e-03 1.34339090e-02 -2.45050707e-01 -4.27758023e-02 9.68564388e-01 -9.49658340e-01
9.58627094e-01 1.54589577e-01 2.39030040e-01 -3.01013548e-01 -1.60357919e-01 9.87045969e-01 4.75366346e-03 1.38200276e-02 -2.35198721e-01 -4.28873400e-02 9.70998873e-01 -9.50694605e-01
9.60995106e-01 1.54705602e-01 2.29246160e-01 -3.01939222e-01 -1.60438139e-01 9.87023195e-01 6.46503058e-03 1.42007639e-02 -2.25271049e-01 -4.29926782e-02 9.73345358e-01 -9.51663665e-01
9.63327476e-01 1.54764101e-01 2.19197189e-01 -3.02839577e-01 -1.60433368e-01 9.87011137e-01 8.19273158e-03 1.45793324e-02 -2.15082073e-01 -4.30588173e-02 9.75644498e-01 -9.52626797e-01
9.65597100e-01 1.54787913e-01 2.08954853e-01 -3.03704475e-01 -1.60389049e-01 9.87001402e-01 1.00268016e-02 1.49456712e-02 -2.04686654e-01 -4.31959099e-02 9.77872205e-01 -9.53479303e-01
9.67643995e-01 1.54983956e-01 1.99108633e-01 -3.04490929e-01 -1.60495930e-01 9.86965021e-01 1.17473983e-02 1.53010179e-02 -1.94692545e-01 -4.33234124e-02 9.79905344e-01 -9.54073422e-01
9.69550963e-01 1.55238759e-01 1.89396618e-01 -3.05247844e-01 -1.60641135e-01 9.86920117e-01 1.34180907e-02 1.56511544e-02 -1.84836269e-01 -4.34343980e-02 9.81807311e-01 -9.54604619e-01
9.71736840e-01 1.54924225e-01 1.78115860e-01 -3.05898439e-01 -1.60182576e-01 9.86965073e-01 1.54412559e-02 1.60791589e-02 -1.73401856e-01 -4.35358816e-02 9.83886682e-01 -9.53581087e-01
9.73480869e-01 1.55048271e-01 1.68208862e-01 -3.06676857e-01 -1.60161935e-01 9.86939535e-01 1.71877925e-02 1.64174250e-02 -1.63346986e-01 -4.36726334e-02 9.85599806e-01 -9.54182224e-01
9.75154348e-01 1.55244383e-01 1.58026250e-01 -3.07512281e-01 -1.60178227e-01 9.86905552e-01 1.89005566e-02 1.67591732e-02 -1.53022723e-01 -4.37433153e-02 9.87252272e-01 -9.55113034e-01
9.76707031e-01 1.55373715e-01 1.47991666e-01 -3.08301778e-01 -1.60104834e-01 9.86884744e-01 2.05375959e-02 1.71026970e-02 -1.42859658e-01 -4.37533840e-02 9.88773629e-01 -9.55971192e-01
9.78163684e-01 1.55531972e-01 1.37857701e-01 -3.09143727e-01 -1.60044157e-01 9.86858459e-01 2.22052426e-02 1.74382279e-02 -1.32592352e-01 -4.37836695e-02 9.90201392e-01 -9.57125586e-01
9.79516815e-01 1.55683182e-01 1.27705242e-01 -3.09919520e-01 -1.59961790e-01 9.86832257e-01 2.38980524e-02 1.77723054e-02 -1.22303063e-01 -4.38364930e-02 9.91522478e-01 -9.57956659e-01
9.80742454e-01 1.55959318e-01 1.17558687e-01 -3.10754450e-01 -1.59979748e-01 9.86788809e-01 2.55178896e-02 1.81110727e-02 -1.12025777e-01 -4.38334764e-02 9.92736296e-01 -9.59115621e-01
9.81851717e-01 1.56243829e-01 1.07490585e-01 -3.11573607e-01 -1.59995395e-01 9.86742534e-01 2.71572591e-02 1.84445679e-02 -1.01822309e-01 -4.38623895e-02 9.93833394e-01 -9.60226035e-01
